8 162 147 2201 100 1052 119 1467 658 2571 673 159 1332 809 167 78 136 97 1204 1980 391 452 152 110 91 662 116 177 2509 2064 1093 154 2547 48 203 94 109 563 101 80 102 1142 32 163 128 143 96 173 172 59 103 2663 43 61 57 2233 412 127 2638 51 52 843 1950 1963 326 303 138 112 270 989 130
228 1220 1635 60 201 2446 171 133 114 99 78 1942 215 1743 210 243 168 197 87 518 179 885 195 186 194 1673 870 208 1742 2610 898 124 2714 1479 113 167 73 1534 1153 187 2715 80 238 227 103 497 402 154 207 140 53 203 1923 138 2044 63 2600 93 2544 2367 160 2257 1184 120 59 1790 640 52 213 1443 2844
407 1475 274 276 337 342 1067 127 180 234 2827 347 1453 143 1426 938 2301 1650 353 2892 120 1768 448 73 487 346 1604 262 1734 201 123 266 804 2045 60 259 1042 1848 292 310 323 103 2397 173 2068 99 1946 140 2693 301 328 81 2118 196 217 295 286 884 169 2405 154 565 205 144 893 2743 2532 1704 240 2746 138
594 110 147 295 183 1927 2510 52 288 1598 2512 191 2401 137 123 10 2905 256 181 203 377 2144 152 188 1452 63 338 2659 243 73 290 78 2860 2360 2023 250 2557 2832 198 2310 86 115 154 228 193 167 2598 594 230 2200 163 463 217 208 280 2499 276 109 1765 1482 61 459 156 1034 674 2106 2507 179 440 195 686
243 581 286 259 2910 243 221 1663 2454 2168 416 73 149 171 2088 939 76 235 123 304 90 276 113 95 1450 385 1940 141 225 83 356 193 1936 381 2382 274 314 182 290 1065 195 157 852 496 208 282 134 2510 311 1280 120 229 1684 2257 642 166 2476 268 638 2349 177 1709 2140 2054 280 154 1798 2292 1566 266 96
1272 2946 1083 2409 152 1604 822 124 65 134 2125 218 129 235 322 332 2457 110 154 1530 1425 2514 90 1416 2268 1261 2858 272 221 268 2101 266 95 67 295 55 1393 259 166 351 115 1677 225 731 133 1894 290 1253 415 2041 271 182 286 2568 2365 157 1924 132 714 561 195 179 299 167 93 123 1498 1211 155 1158 1365
281 991 879 344 229 161 1063 2205 2661 78 181 1099 990 266 1988 1321 366 2795 133 236 371 823 1755 202 1797 154 208 71 201 2184 86 1517 1736 1832 280 109 148 1894 1119 1881 205 1016 1598 60 99 948 2075 2384 73 137 323 235 320 66 2299 1078 364 279 158 152 2235 95 149 299 282 104 113 267 2457 307 1421
504 1431 182 529 254 155 459 1343 332 428 2755 10 309 2619 290 1739 280 1370 339 807 2625 2730 2809 930 731 104 2024 823 1235 1781 299 235 110 93 121 340 385 167 327 132 253 1950 123 165 314 57 652 259 920 2232 279 342 154 1649 533 95 2549 166 1680 1231 88 115 321 76 113 195 124 209 1236 392 661
64 112 2913 1737 958 425 429 303 388 2767 1469 96 318 188 266 154 140 309 394 169 313 2847 366 159 392 363 123 225 1348 435 194 124 969 1065 283 403 270 2782 2282 673 20 2671 1457 389 1216 918 345 430 235 421 1575 1324 347 2159 253 2403 346 2197 2046 438 262 1607 145 923 715 279 1972 99 1268 120 229
1289 365 474 589 180 2085 351 1858 178 266 93 323 1016 299 1751 412 422 325 2788 1931 339 444 217 2123 113 405 245 314 871 429 2782 150 1564 1494 447 1613 946 2283 452 63 124 2635 295 1658 369 208 231 2463 2795 679 993 2112 1498 235 346 1771 468 332 2945 1004 98 246 2639 2786 1211 1616 421 209 403 477 2529
202 299 1870 2732 2215 1466 145 429 274 153 1176 391 390 102 1453 78 989 60 76 154 140 381 295 447 1550 2736 266 2786 195 627 345 2184 323 424 366 485 1564 169 2524 2213 1864 843 758 189 2236 180 181 1496 403 1484 233 581 2111 2203 2049 581 408 353 836 179 1444 2919 187 102 110 81 969 201 2104 207 167
388 107 93 293 1325 336 2347 137 330 1861 35 463 707 1188 159 1606 208 2109 345 203 323 473 69 181 167 66 253 954 2192 154 164 351 2936 1097 130 290 306 537 1655 2845 340 1428 201 2201 505 1406 77 2887 235 282 59 1138 355 384 2399 63 211 318 120 392 1872 298 1429 133 1367 178 712 195 390 379 288
1018 2295 159 2277 235 2572 111 1777 97 107 339 130 171 1464 2902 243 237 164 392 2934 1718 513 1740 2832 77 394 1772 152 2737 169 2088 323 358 195 257 216 340 1211 1137 366 1687 201 63 401 741 84 295 1232 73 1257 1490 1023 2307 157 2662 228 1009 100 290 942 351 252 167 2610 2305 341 2471 154 2635 120 266
643 2930 2741 1013 2560 205 457 1953 282 1156 426 2926 536 2208 171 403 118 1365 447 679 429 2191 1644 259 444 149 115 2686 2820 346 2230 1480 405 1239 332 366 947 182 305 2121 2691 261 425 2230 222 1717 266 339 1953 174 95 246 2746 2761 2649 340 123 158 93 451 250 155 229 67 256 417 154 449 2916 314 2819
1136 2402 2351 230 897 94 490 2169 1842 192 256 725 1266 392 36 283 2305 93 2497 2006 1491 201 87 254 2588 1792 332 110 1129 433 258 1072 2201 299 208 115 112 99 741 2765 1612 2153 135 235 1088 247 1495 390 92 425 1601 179 202 473 1208 214 901 266 1070 264 314 851 95 764 400 433 386 223 391 2782 209
32 492 459 143 532 394 314 276 969 444 428 2387 293 162 2175 1397 2393 179 385 317 425 154 1635 170 373 1778 411 1641 286 2401 2174 2356 208 171 458 2218 1390 430 378 2738 351 439 1902 2367 137 134 2602 303 110 2753 392 353 1444 289 2156 2449 295 253 1567 546 201 73 202 738 106 1292 332 114 2186 2697 207
900 1168 939 1570 217 232 428 713 863 271 170 1422 451 346 1032 1958 340 274 492 309 1488 294 1050 1056 736 2022 865 412 195 183 1887 201 1639 442 345 192 460 165 1083 1077 496 154 2741 2366 1237 1274 495 2700 1625 303 2042 387 456 208 286 549 188 1135 169 991 2539 2656 810 249 347 1495 1687 152 341 2658 437
1315 2117 241 1849 447 403 560 211 175 1786 276 900 173 1260 400 1375 552 243 2043 425 860 176 1607 434 1359 507 384 2011 2848 2001 295 470 1873 235 765 340 345 170 183 515 471 210 317 1545 2666 826 1606 2453 167 94 266 234 1839 2886 288 463 1311 360 438 540 392 504 899 480 509 1252 2474 313 551 2024 1450
2332 2206 537 295 123 268 440 536 2558 1335 392 208 278 201 2722 23 323 2909 437 1010 154 881 733 2863 2606 390 178 349 785 2791 336 253 531 594 211 2228 187 234 1292 290 2701 353 321 2248 439 341 484 366 1143 1960 393 529 543 2685 1342 400 288 509 2279 340 276 504 900 861 2001 463 351 495 1527 52 1141
799 97 522 2143 104 2329 1147 1079 1057 222 73 403 2737 699 279 65 2859 444 2203 2104 504 274 164 1102 465 2404 123 498 767 154 431 365 340 209 297 351 292 1774 425 99 495 711 247 2024 140 2628 490 1238 1574 1732 60 63 401 208 379 1245 842 283 534 2678 526 2643 1319 2780 2019 2100 1152 153 417 332 110
177 938 299 704 569 530 400 1690 549 23 465 246 2547 2675 2780 489 478 208 627 259 2064 279 1105 247 509 123 235 2233 320 1610 601 942 317 2322 290 404 332 2575 292 520 932 2715 504 542 1469 388 282 613 1718 1350 2172 1169 460 1812 586 857 309 2028 507 2450 154 469 2184 1086 179 596 415 525 1621 182 428
2156 748 71 2778 477 167 366 738 1285 113 444 2038 325 104 428 403 556 2347 2 217 687 2458 266 295 276 351 252 2703 201 2134 2332 193 257 297 1641 120 340 137 2563 2795 1353 657 425 229 154 345 1374 1555 23 2934 2113 242 384 447 80 2506 673 78 152 805 1545 1130 273 0 323 190 2117 208 341 130 1003
297 1392 2025 1999 123 1621 151 586 145 180 447 2457 425 2292 1734 2260 1370 345 388 2167 109 340 373 2455 366 285 2801 1300 1049 89 2784 547 223 575 1708 1784 1891 581 78 2819 2256 187 692 437 208 501 195 951 561 542 374 408 512 282 1782 353 252 490 1053 2314 823 269 774 547 1259 2561 346 213 101 504 548
74 2171 238 1114 167 256 495 452 109 2492 351 1761 2078 1713 307 1674 396 2395 305 1520 1064 818 317 1522 2532 181 93 425 401 328 123 350 589 345 175 1883 2612 303 2257 465 1853 119 143 1678 390 381 129 2649 250 154 507 26 232 252 463 313 2785 179 1083 191 477 711 370 120 331 118 2291 208 1952 132 1121
1640 1026 1549 2514 2190 66 2745 1907 12 554 2485 2042 594 1509 2328 235 1975 1400 93 2833 596 515 170 488 2799 514 279 131 124 1448 154 472 340 540 259 428 253 319 545 1312 2458 504 30 385 118 507 392 2867 290 1032 219 1879 1605 387 123 535 367 556 299 569 395 2024 520 1347 221 203 642 2102 231 2627 1040
595 106 279 149 1588 431 1890 485 1942 2243 293 1120 447 169 509 425 1151 1580 216 2208 401 290 427 403 266 2211 321 295 1233 2261 1302 193 97 2083 1298 183 1307 551 2263 373 1040 1787 1497 326 319 1579 504 391 297 482 133 562 2463 1557 1243 123 256 351 1653 23 451 43 1697 325 444 442 120 341 332 2682 228
3453 351 83 509 1238 314 475 424 495 460 394 259 1399 1642 299 545 975 18 2694 290 527 613 154 2517 841 1953 2035 366 447 2811 253 977 469 391 73 451 155 392 1948 430 621 345 2575 2219 2129 143 427 1565 53 149 508 1230 514 95 507 540 457 2406 504 230 1708 473 178 388 2168 1664 1364 179 243 1061 256
259 417 1131 400 191 230 190 2121 100 154 841 1097 268 266 1614 424 2687 2901 168 2418 2337 175 2276 553 650 172 382 299 192 2555 2764 113 155 536 179 1622 298 1085 148 2416 282 1683 321 208 542 1243 353 545 425 351 253 217 1096 2075 732 195 350 1261 1692 1697 1480 2780 2039 2618 2191 71 355 429 167 104 483
132 384 315 1129 2525 625 160 235 392 656 616 1446 154 279 259 275 273 1733 499 282 613 180 1818 351 137 2380 127 429 295 299 896 2588 531 1870 644 437 2497 345 25 142 447 113 779 2645 1985 2711 285 200 266 390 540 221 2752 229 1746 715 1606 96 293 994 2098 425 490 2942 149 586 366 94 2905 2333 1623
734 919 154 190 431 1713 428 188 345 351 1693 102 167 2492 504 1752 469 207 181 175 2612 252 152 201 130 192 353 2379 295 159 317 439 425 1487 330 593 2457 2613 403 195 465 2466 283 373 2441 1417 2938 2697 2862 332 775 2199 213 420 1275 38 1710 368 1743 91 2260 392 2138 571 2134 2495 1671 447 307 1518 224
1888 1289 2771 332 123 1761 430 471 154 704 2184 798 1402 1497 2617 307 2219 486 322 460 2162 314 280 155 149 2097 1803 1791 2648 304 137 290 130 765 960 133 400 795 2627 110 115 179 1351 95 1612 235 403 169 160 152 1707 340 203 1248 279 211 167 468 339 350 662 2450 221 208 118 1262 1581 2556 2849 1166 1803
1519 364 351 483 425 323 317 636 208 2022 390 325 2626 2104 403 2897 1873 322 293 2645 254 1030 2482 816 447 439 541 345 529 392 340 2445 247 428 2064 349 2061 495 1644 938 2890 1697 241 630 2504 1671 2712 520 758 564 2384 1829 424 879 217 2725 274 1118 207 1967 1300 648 2600 2702 957 616 1101 1458 889 504 2251
2610 575 2429 2437 426 235 975 554 2310 2918 2866 1810 1834 2690 141 2134 340 68 2717 224 846 259 433 468 2430 219 335 866 855 332 287 208 1172 279 290 418 203 221 189 133 154 155 460 1096 543 385 345 321 428 1715 2114 160 821 1006 678 430 1873 1289 1368 280 451 518 495 435 725 137 2893 405 2035 400 1138
289 2720 141 2149 495 1150 551 266 2537 2870 155 747 518 544 2713 2217 715 1420 711 907 2887 470 1311 581 76 588 2548 224 1766 2697 884 453 949 293 659 1248 2644 183 584 2579 699 208 340 256 589 28 2516 229 2269 279 541 201 1844 145 254 282 1607 1634 117 562 568 218 508 673 437 425 613 687 2128 586 630
753 391 1669 330 1958 811 471 996 1426 736 328 661 406 369 392 2071 2142 2123 548 727 616 345 555 76 1813 473 696 692 857 1449 1061 281 299 193 2425 465 2444 2664 2380 1898 381 2174 586 525 2296 233 194 2063 2162 786 186 2558 276 341 2385 1264 1098 1763 659 282 2880 636 520 429 175 415 408 346 384 613 1356
56 933 123 1472 501 400 1058 415 276 440 154 295 1841 96 144 125 196 274 1074 1072 1366 1689 2388 594 208 1896 1038 104 201 653 1443 384 233 914 487 1740 193 325 1354 530 260 2244 2284 629 430 1976 1296 2127 1653 458 1508 262 247 71 2515 345 1201 63 122 79 2888 153 857 320 425 2758 431 353 2064 394 2708
536 2916 471 1619 122 465 1721 2080 1513 1326 166 110 534 113 490 1460 2513 504 1324 1821 456 1233 2861 1364 462 495 235 515 1855 2495 10 388 411 340 403 290 518 540 151 299 251 1060 351 544 137 237 154 208 381 279 123 2565 320 2925 385 1747 2709 2868 295 114 124 171 2085 542 339 394 1902 2287 314 224 839
2597 988 430 675 152 2257 39 2219 525 1715 394 452 619 681 240 2922 966 677 822 540 2103 1299 2582 222 341 1071 279 205 535 391 1771 921 372 2128 306 674 282 729 2580 112 462 169 289 201 802 2418 646 403 2908 1439 237 210 495 917 396 652 733 1193 423 1132 502 120 499 115 99 257 1347 301 588 21 193
329 2719 749 2820 542 259 2709 2323 599 459 447 1713 303 134 150 509 540 429 231 323 550 688 539 1015 1091 468 573 1160 497 2296 295 582 2392 1176 1395 182 615 2613 1364 266 581 717 369 325 64 440 152 191 421 2390 2786 1598 1239 477 209 1607 1749 2262 949 689 504 1576 235 2249 533 2763 1992 2408 2581 217 2339
4 415 527 591 292 675 2007 235 1005 295 367 154 392 1385 436 1712 1250 2236 1383 1524 1675 2766 385 2378 1162 478 783 2637 62 2754 447 1927 573 540 858 1065 760 558 1526 138 789 340 2526 770 459 504 530 126 299 2071 521 345 463 208 614 279 358 743 361 203 56 2582 2426 1620 2929 666 1865 400 697 309 2523
14 1572 2602 341 2778 2541 235 575 538 463 534 573 211 586 152 1086 2853 2768 366 338 2257 1281 245 358 2617 193 591 392 459 540 425 507 167 1915 1737 243 2577 1237 2196 113 1901 1420 812 299 2006 1726 125 198 405 332 529 1198 448 576 2311 253 2048 2 1902 185 2332 230 542 589 953 208 1163 1653 373 2081 560
707 208 397 401 306 175 153 176 273 541 681 217 577 424 2568 2506 1993 2611 158 919 69 1891 1585 799 513 425 282 191 345 222 678 403 378 687 154 1530 2734 699 1387 256 2795 67 522 1208 1916 423 1781 802 981 2365 579 1194 366 2214 2138 613 536 2743 178 575 235 126 542 224 423 295 7 489 841 2329 2763
744 519 594 253 2339 202 1791 672 361 447 246 1415 332 425 213 2027 537 653 195 1825 355 914 167 541 106 540 255 690 409 2738 1227 217 630 2229 340 1402 575 285 2459 366 336 702 1242 2414 550 1954 1388 512 321 2697 2546 254 2575 359 663 357 209 2619 2732 392 345 468 220 597 680 2224 517 208 2345 1858 949
997 295 1997 314 242 1559 1637 1592 509 178 543 319 1116 619 798 510 923 244 425 2120 498 507 2108 489 386 577 2024 1186 2055 239 576 540 183 491 243 332 2455 542 1221 992 1007 625 513 208 415 1909 290 538 240 610 323 30 2478 1303 235 394 276 369 1288 453 1646 1011 1765 2144 2354 367 197 397 518 534 1323
642 437 605 2304 2614 502 393 450 1458 721 1046 390 392 332 615 1979 2928 217 259 2399 509 342 167 281 2394 311 2815 2946 507 348 155 201 1274 490 1094 784 587 599 304 2222 2696 2344 295 552 790 635 589 1522 169 186 1668 210 1764 445 1761 2327 928 1485 192 198 2314 2060 303 1368 145 148 320 182 543 369 554
727 437 576 531 2233 208 469 154 586 1027 1152 209 246 393 470 392 115 30 149 328 345 1136 2101 75 1549 2092 541 504 270 955 295 350 551 472 552 595 488 863 2862 475 425 1957 2247 2572 614 540 403 1263 465 290 1989 179 400 1907 157 340 2762 2704 428 1148 506 175 192 9 167 387 695 195 445 252 2344
1199 774 1730 2376 1563 351 203 894 2906 425 437 2255 389 551 323 1239 250 653 2758 2624 540 345 447 120 125 1877 392 193 154 1492 554 316 282 508 1832 400 1044 147 499 268 295 291 1008 544 201 205 2541 70 234 473 1158 252 1003 229 213 379 1301 546 353 123 208 2897 2041 403 285 456 431 2766 167 2134 1707
389 773 101 522 317 71 577 2687 337 2093 2727 1442 1401 1393 167 266 248 215 1916 150 425 541 714 2687 133 1613 1762 295 1691 373 276 384 139 1572 511 417 851 1901 351 273 458 489 1922 1609 1287 175 717 465 1991 2714 401 447 69 2031 609 552 437 158 341 1153 2489 299 1749 1575 415 313 1078 504 490 1944 535
1657 625 1707 535 1108 378 1120 614 1476 321 696 1811 1696 608 2941 185 1126 387 509 2705 156 282 592 560 1422 542 374 276 1405 766 524 2518 484 346 495 2268 1981 193 477 1815 1159 266 603 1389 2766 232 1911 425 181 489 661 2683 325 253 948 1644 2401 824 540 403 461 201 586 428 195 235 154 964 1344 317 2825
2046 2601 268 1421 195 216 1071 934 2551 544 2248 340 930 171 1213 156 1183 451 192 1894 158 351 1796 324 1671 1237 447 421 154 2034 1308 150 1346 524 438 906 188 428 178 627 329 540 1022 357 169 1401 940 299 295 259 1647 494 1382 167 400 471 208 1767 384 215 2874 466 394 738 211 437 2233 1162 205 175 2540
1269 690 193 509 1005 451 1936 2026 112 325 591 405 672 567 1004 254 1261 600 790 250 1595 193 615 652 697 493 157 2077 783 760 2777 587 110 2630 322 392 680 1570 2077 682 534 2293 299 640 280 1911 775 724 2881 105 576 2816 504 1259 950 169 705 805 1650 1134 519 314 510 1476 445 670 1205 554 320 152 1637
44 826 1752 2175 2346 364 807 295 147 243 2657 586 848 673 527 905 120 697 833 439 2515 490 169 842 708 262 509 611 154 575 464 1478 194 554 748 766 2941 1535 201 707 609 419 2735 823 24 2528 1734 783 208 160 768 804 341 131 1962 167 735 315 2550 1961 1798 930 273 1145 358 1939 2812 299 296 200 257
227 351 1468 487 2595 1376 171 554 933 903 252 340 2351 2035 425 203 256 309 1646 400 447 2193 434 276 392 306 299 555 1559 1312 1855 2288 2048 2470 2563 488 179 729 312 195 430 586 703 1190 1159 540 1464 245 1565 332 1755 2319 2731 175 1366 253 560 58 2637 1576 240 121 408 504 346 980 1115 2847 468 428 317
967 390 1768 787 697 2064 1920 569 612 518 760 465 1186 666 2689 165 2791 461 2145 479 290 770 1822 614 341 2000 668 763 2504 488 1417 1473 507 1642 1694 769 554 208 149 299 2730 119 217 392 504 1284 2932 510 1077 2714 478 619 323 405 451 871 179 388 2106 591 1851 196 153 403 647 429 1410 2900 292 628 428
1268 2131 1802 1881 323 2446 437 608 351 651 445 2670 275 1793 1588 278 1372 2246 1468 339 206 2797 674 1623 376 677 332 1793 280 540 395 460 619 586 1272 1574 235 1483 2530 243 594 542 830 504 526 2303 892 577 2424 548 2440 366 2928 299 1283 391 447 1177 817 2015 388 509 403 468 1253 495 314 440 225 345 191
25 616 832 2543 195 235 210 442 1372 280 775 383 805 751 1072 575 461 803 120 543 1233 576 573 675 400 429 927 2146 1219 428 31 623 1605 707 2773 1167 895 217 2496 697 1338 2096 2207 254 2016 613 2785 581 394 444 2000 602 556 186 1830 185 2736 332 50 1368 2907 403 2045 864 2137 2686 1476 1868 760 279 1576
2470 963 369 588 1554 697 167 2757 804 578 98 642 735 249 630 777 102 2738 648 340 687 605 120 2693 586 347 89 2811 1074 2062 2863 379 201 2183 1582 154 2172 678 1056 485 918 231 307 762 1515 295 782 1480 287 190 180 1911 619 290 193 297 208 722 202 616 39 1181 1091 145 403 658 2232 195 830 540 2497
2658 1000 279 648 2126 2883 629 534 630 309 235 508 2604 385 1954 208 697 519 290 2736 526 661 505 202 394 332 391 504 451 540 1551 426 1348 819 2416 2649 946 2567 428 760 2358 613 400 1621 807 510 465 1571 757 2334 2892 1103 2364 742 861 775 265 489 2560 415 914 336 459 41 369 1185 748 778 1273 623 1355
144 109 750 369 572 425 155 80 582 285 2673 2408 317 203 2293 205 145 2801 437 339 195 2899 324 318 379 297 403 2718 195 350 282 256 2394 700 1945 580 252 366 235 2539 192 852 2366 1891 1297 2623 2134 579 144 878 1090 2729 1209 447 688 619 1705 2634 1445 416 1255 586 266 345 405 314 907 2783 551 1757 2358
455 768 676 340 485 217 180 445 154 619 276 2577 2495 2615 1561 1763 1303 748 1245 551 431 2412 78 710 2509 986 169 2683 170 2450 2549 295 558 140 2368 1352 1515 147 2406 586 425 766 594 2833 667 666 1509 1504 453 548 1215 2841 555 645 194 951 1680 582 391 208 2480 345 279 1158 405 673 547 240 2023 562 473
575 1620 438 2131 351 244 234 504 554 424 2544 1873 235 384 2671 428 2597 735 782 2927 687 340 1330 1899 444 392 542 1296 1573 2726 2802 167 681 630 495 1906 2696 772 470 186 916 760 1399 201 575 1773 2822 229 166 943 1957 1996 2313 274 840 486 276 648 752 613 890 193 425 816 1908 817 563 191 352 658 1778
1932 2904 392 113 584 1394 154 782 2483 630 1158 278 247 346 588 429 738 2004 323 1513 274 304 253 379 2630 242 687 394 2799 265 2564 123 246 1279 2303 2497 1602 489 2297 727 120 775 425 540 133 350 325 410 433 655 2422 2365 341 1531 1460 2775 157 586 1120 1650 1313 145 245 1302 401 731 2038 1485 403 2787 2194
912 727 2822 616 290 630 531 571 440 154 372 307 1468 120 521 214 145 1913 392 2575 1883 1955 424 656 351 1541 447 1970 1649 625 2773 2453 425 325 613 1959 252 1077 1594 208 463 264 509 269 1971 437 263 1849 1126 345 29 2082 2258 1950 303 133 1393 1499 735 2833 2212 874 2054 586 617 349 194 10 567 767 435
1630 366 571 1258 299 368 586 1261 1010 554 2568 768 1387 346 340 905 1417 760 1123 159 2196 2093 2017 351 235 211 1347 439 208 2922 777 2082 762 1096 447 753 908 2705 735 2028 111 420 514 2661 756 106 1574 608 412 564 323 353 1086 16 569 394 444 2603 1216 2203 176 263 195 967 303 648 725 778 201 779 1946
374 2161 835 576 1662 1687 2013 516 321 405 252 1993 1395 573 836 1506 2239 599 265 425 510 1209 173 282 1013 1296 175 290 662 1890 2101 509 367 54 982 183 2829 767 504 875 554 787 2940 170 254 93 1746 672 760 340 977 540 1636 640 235 687 1105 208 483 304 266 403 169 361 400 1701 734 1513 601 188 648
1714 2224 52 317 568 400 464 1247 479 2741 1765 666 93 342 932 1836 2357 118 560 171 586 550 1280 466 2499 215 654 735 99 2745 324 112 652 643 1180 705 582 234 533 140 115 8 551 517 2782 138 403 2732 490 684 1387 578 2031 494 293 760 250 137 648 2867 1304 2737 164 256 1898 722 2248 42 686 1851 2415
1867 2379 2460 586 401 578 2876 155 1778 420 2319 167 154 195 1670 1605 293 410 565 38 1375 1743 1002 465 1213 242 956 1370 448 62 379 1939 427 2845 491 2541 697 848 351 782 615 558 208 345 673 209 190 366 504 821 2556 2688 804 2330 2371 2162 303 1420 535 662 534 640 950 2599 770 425 2867 1925 687 2338 439
1169 2873 2177 311 499 673 133 406 283 1631 540 369 368 208 554 336 1024 667 774 1831 856 586 288 662 2428 209 1881 1077 1744 1339 1913 314 2724 159 2781 2807 154 192 614 403 248 789 346 588 640 1223 290 358 582 137 1573 1972 253 2695 701 200 337 193 1587 429 332 2544 587 596 2773 425 190 2682 2612 351 2277
2087 176 664 541 586 536 152 477 1547 589 428 351 266 2558 2116 140 2431 619 1686 529 1845 766 188 303 1041 2043 201 130 638 1057 666 682 1721 133 123 2554 439 2122 1213 2457 2109 1151 2166 1016 2870 616 1338 542 1427 889 652 2019 207 387 2586 2226 1166 874 155 447 576 146 243 2784 516 681 1838 235 168 444 982
631 330 267 539 766 575 1006 872 982 2887 547 2106 1096 416 798 258 582 860 794 1424 268 554 2744 1725 1196 595 2910 71 213 2234 394 2663 949 783 1472 1697 753 917 743 868 1270 2564 815 541 968 974 182 911 7 619 915 732 1476 808 465 425 2256 469 1536 777 959 1819 490 2803 285 2854 533 551 2538 1273 964
229 195 845 518 1695 2159 290 785 391 2814 279 554 392 624 351 614 652 762 490 329 804 1766 447 217 1346 452 2182 1735 1442 61 606 760 2151 770 708 815 2786 208 259 1690 543 639 1011 668 1308 540 1180 186 1453 504 1485 1110 1698 515 706 1204 781 2086 235 1109 663 369 1587 295 1692 619 615 1228 314 1624 1159
765 812 208 1105 811 320 2619 622 540 425 1795 351 2890 508 1453 2657 303 51 2427 1109 770 80 2721 725 382 137 448 782 2939 2856 1287 379 761 2360 2516 660 2248 428 1038 465 134 719 844 392 444 758 1197 1965 2550 652 575 805 2013 578 293 430 21 1031 192 1290 1011 504 23 686 551 477 338 1827 687 808 167
1290 374 599 518 2174 140 2280 509 2272 675 323 619 208 429 2639 297 550 1189 124 2296 2787 2151 580 1123 2129 2038 557 581 540 1153 1759 178 251 2188 533 477 2214 314 2744 1033 235 299 182 719 1201 403 114 2510 582 303 1718 361 425 2379 616 1687 345 369 2325 348 573 504 542 365 1321 2793 2412 1910 421 113 150
1295 520 425 235 437 1228 586 320 2724 180 782 1927 492 2389 554 98 940 1509 394 784 384 1493 246 1344 947 427 274 351 652 1121 428 504 825 2294 558 106 1839 446 390 2236 688 2302 340 158 949 208 725 589 987 268 1861 698 864 817 203 868 279 240 812 1047 531 540 483 676 2890 2491 485 712 2694 708 875
3632 724 855 1348 468 447 647 711 299 2128 720 2583 1957 1650 599 860 677 282 2586 898 116 681 830 728 510 2228 678 388 351 228 1651 1780 2316 483 433 311 492 2026 391 405 345 495 403 674 323 509 504 258 134 586 115 841 540 63 425 1629 727 2826 1317 1661 450 1251 1646 369 2497 608 209 1896 463 782 970
948 896 760 2065 707 2246 1424 1398 1532 2805 527 666 279 1831 1926 254 235 1141 2160 2370 351 812 856 392 154 495 503 2218 400 124 450 2685 141 1079 2716 2874 504 554 787 430 1974 138 1257 623 2425 428 511 445 292 1570 2902 2202 299 2851 675 518 540 391 1366 280 2766 534 489 1973 823 294 360 613 498 2558 177
2755 401 2444 2630 1065 314 450 1201 142 154 850 2704 1669 760 1096 534 2465 137 295 271 1955 623 2468 444 2858 425 2603 307 2510 718 677 1382 157 2649 429 1990 432 1422 507 2502 592 1807 1826 672 555 586 1421 405 274 549 577 204 203 540 112 208 123 406 1191 2361 681 608 593 614 136 2523 981 416 1542 2496 339
1052 471 938 508 1606 2217 544 249 540 23 1340 1650 319 2672 11 137 1643 845 371 152 2560 2293 2435 1891 2570 1952 687 937 860 876 914 351 996 1221 2197 123 2431 2663 619 545 821 551 782 675 332 533 582 1384 614 469 657 895 2700 345 127 2757 872 447 1437 826 2026 178 819 811 211 2507 946 679 721 451 1312
1457 821 1479 2127 1605 1539 620 140 193 377 143 447 2226 187 2077 393 1668 69 295 217 247 433 403 681 119 195 512 2388 2460 2043 222 554 1624 727 141 2912 1735 552 819 2915 2019 154 714 2481 796 2142 394 2604 2502 746 1523 201 1235 762 530 191 76 1468 2229 402 2658 676 252 663 175 509 1180 615 345 608 760
10 761 815 573 465 1162 2286 173 1384 653 1545 720 639 369 400 801 515 2284 451 256 760 2521 906 610 1189 426 629 295 490 787 290 1837 179 2438 1966 429 707 509 673 2879 1022 2302 171 2351 587 30 576 2667 292 2899 234 196 686 770 478 2171 511 2863 363 554 2896 550 918 218 392 675 2232 166 2603 1498 449
2491 2469 2639 295 1829 548 1830 197 1649 1684 384 746 555 1598 507 818 801 686 286 490 643 850 1942 1321 860 2608 751 283 315 2383 615 471 2156 729 208 2499 891 1319 1398 341 463 2199 346 2737 1460 2058 2292 658 770 451 1578 935 2813 1834 2584 809 551 282 142 391 323 201 651 1783 630 786 620 2788 425 802 1844
938 1466 332 954 340 908 546 2091 550 211 554 1496 254 652 1124 848 787 1189 2236 729 310 101 500 673 502 336 614 1119 1802 302 769 314 311 388 408 1526 534 872 804 579 2520 615 801 833 2264 731 178 783 2426 2909 1794 2497 169 1767 405 647 504 536 268 1554 390 602 1050 619 586 2301 508 741 1961 1904 977
2438 1358 504 340 227 4 815 783 973 985 259 930 942 283 787 314 536 366 253 2811 801 838 0 1192 621 2488 217 467 1322 2424 2836 2484 281 238 2775 175 2633 1011 1927 2359 1715 1068 1767 662 2369 522 1035 630 403 817 425 267 2375 211 295 1009 208 2532 772 181 62 2873 2333 666 2410 615 392 1466 369 495 751
2519 1876 120 779 674 504 374 697 1256 2071 1285 288 826 299 516 765 425 150 575 1817 2084 1354 2273 2198 1337 532 351 822 1915 256 2167 1538 2702 399 449 1586 74 314 1172 141 671 429 123 753 137 1627 579 760 323 418 432 551 205 2675 1491 303 2860 384 170 768 2897 1916 2743 294 49 154 2696 1833 465 152 586
994 599 697 1240 57 1899 508 384 726 102 1559 369 597 322 672 1344 1398 659 425 543 649 108 758 1576 675 540 1069 630 2503 320 629 551 827 825 2222 154 1248 2045 395 941 1197 2927 768 807 743 27 203 2780 554 1273 832 844 854 538 1105 2798 615 1826 589 728 1712 504 152 332 21 309 310 633 2780 2294 760
949 1201 782 695 2556 1014 217 314 1035 303 554 979 351 1304 113 1548 1384 508 427 490 475 1036 892 1789 1443 876 1957 2120 253 1936 2354 1019 576 800 760 1126 1963 295 2244 937 1930 1329 1012 208 1329 652 155 721 425 656 965 2413 2902 542 589 802 665 664 235 2456 771 783 2282 2525 1408 1760 860 544 616 1105 2214
2022 194 403 332 430 444 290 756 1780 217 2625 768 760 53 2899 2604 180 2388 560 675 87 508 725 437 504 853 61 392 338 2102 799 243 2619 2742 366 95 1860 2668 2225 266 851 819 2568 2249 336 973 1236 1338 489 540 1933 1466 713 2661 753 447 340 1774 425 339 1697 1776 803 672 509 2345 815 575 454 767 1253
360 283 1378 35 652 745 281 2796 1451 1567 557 336 1576 2316 1378 273 1643 343 778 1241 533 1549 591 225 602 133 320 400 1400 358 782 1935 848 582 390 366 524 551 453 1756 814 2607 264 844 2616 230 1291 247 562 2863 766 821 2599 2042 495 751 630 2488 291 727 274 704 2851 279 802 401 512 453 1857 2176 673
790 1642 540 782 375 454 158 2520 1855 850 1470 1940 2182 345 1689 974 558 801 415 742 580 1867 1764 428 821 864 985 860 855 610 1746 748 437 772 531 1218 770 1522 275 381 1552 692 630 778 1782 355 662 2611 1080 358 1815 636 490 520 818 2759 1974 1043 1448 425 289 927 844 2231 392 1150 1203 555 760 366 384
2640 394 1123 1903 777 2841 700 370 507 1039 605 871 165 1085 428 281 1089 614 705 576 797 782 192 290 744 448 23 82 619 573 1900 583 1883 442 116 254 403 540 804 492 608 504 525 750 972 259 2921 498 1710 621 815 2394 803 812 2579 2119 463 425 2806 670 2565 1865 2745 483 330 2345 2399 424 392 380 2877
1239 339 50 673 295 438 518 2769 1334 1012 490 397 1238 517 239 968 2521 190 782 460 1725 2203 466 1900 635 314 425 2643 786 474 325 311 297 351 2808 540 366 727 659 1476 670 1921 814 510 516 652 2367 760 672 584 1009 392 520 406 346 2421 661 554 2164 1338 2307 565 418 1821 2120 2094 374 407 664 829 2827
2218 2588 269 435 744 251 465 583 906 782 540 1865 907 464 292 283 985 400 45 681 256 489 678 213 857 1263 1435 87 305 2887 640 2205 235 825 576 1011 2415 469 1003 339 760 1740 2132 559 255 340 2069 1373 1510 1524 742 2244 2736 814 2676 475 2207 171 819 902 1153 1429 182 463 557 507 909 792 284 965 2855
1426 633 2429 713 340 369 760 1518 489 655 744 206 792 672 1138 576 507 2823 633 255 540 675 424 743 1056 182 154 252 235 2438 681 2451 630 2129 284 1910 346 773 2283 2112 1588 269 504 2172 1139 263 234 155 542 2866 2660 2829 537 519 1525 290 560 657 782 400 1025 1648 2326 759 465 299 199 1900 75 308 678
1504 67 2782 761 2719 390 392 518 502 687 945 140 321 613 2254 208 2198 22 557 2275 1606 1331 68 2856 274 154 742 1353 2014 631 540 677 2176 221 2652 774 340 1778 1208 256 753 564 300 554 504 298 2731 455 855 832 230 586 758 285 2098 801 1658 818 914 425 568 160 619 437 1009 155 2103 345 1529 1783 386
109 444 118 430 2260 405 58 1100 1817 2326 560 1290 321 515 672 1684 2898 495 295 507 2019 303 564 1194 798 697 340 827 542 504 1504 1148 1258 245 675 705 862 456 304 2839 2698 724 1584 760 969 729 1370 815 612 152 1382 2607 2725 2118 804 1846 1287 685 289 1297 615 157 154 392 499 2008 423 686 252 1824 2171
192 2055 687 444 540 447 368 475 1713 648 2400 208 619 2336 2829 770 586 1896 428 1223 783 209 2827 598 563 325 2576 782 235 1981 662 273 1038 558 167 43 735 400 689 351 118 2886 451 1152 154 1905 384 1237 1126 1732 201 54 528 1946 340 972 985 2154 195 2137 424 288 425 345 635 420 306 1207 1507 2312 1425
256 52 727 1038 464 1989 575 974 2590 378 1086 402 355 2144 1625 2188 347 340 919 349 2576 504 396 807 2252 307 543 1010 259 385 1814 619 643 556 1992 876 1866 846 512 1543 2109 875 857 266 2077 145 725 2080 947 400 2859 1587 2686 848 782 1658 760 755 995 2364 1093 2825 844 781 243 295 712 1278 425 965 1703
1965 498 804 154 1255 678 575 158 2768 711 2848 644 542 2676 1469 110 1241 1245 444 615 1255 576 819 340 392 437 1502 1133 1710 217 2157 2409 314 233 290 250 560 517 2410 229 507 2339 495 2815 2343 208 1670 178 447 693 671 591 2066 860 331 345 2230 123 2133 586 2851 675 2605 515 504 151 299 215 371 73 235
266 283 235 2326 1683 368 134 325 499 2630 586 307 1511 249 537 770 161 290 217 457 706 436 298 52 351 2034 545 2706 2045 573 403 540 2283 1378 923 342 1579 619 1746 2018 551 176 1484 535 415 1788 199 2126 467 2733 2768 208 453 244 613 269 904 485 1032 461 533 345 239 1827 695 332 2848 760 256 1005 306
446 154 778 143 301 269 314 766 1053 1073 527 164 727 897 957 782 821 118 2034 532 2427 2118 2165 2428 158 777 1116 2120 665 844 349 1769 540 403 419 507 473 811 512 544 183 848 209 275 14 1213 1083 1543 937 2361 2681 1701 447 682 299 428 169 82 145 2384 600 416 494 2249 400 709 332 4 167 965 1780