8 32 43 48 51 52 57 59 61 78 91 94 96 100 101 102 103 109 110 112 116 119 127 130 136 138 143 147 152 154 159 162 163 167 173 177
228 52 53 59 60 63 73 78 80 87 93 99 103 113 120 124 133 138 140 154 160 167 168 186 187 195 197 201 203 207 208 210 213 227 238 243
407 60 73 81 99 103 120 123 127 138 140 143 144 154 169 173 180 196 201 205 217 234 240 262 266 274 276 286 295 301 323 337 342 346 347 353
594 61 63 73 78 86 109 110 115 123 137 147 152 154 167 179 181 183 188 191 193 195 198 203 208 217 228 230 243 250 256 276 280 288 290 295
243 73 76 83 90 95 113 120 123 141 149 154 157 166 171 177 182 193 195 208 221 225 235 243 259 266 268 274 276 280 286 290 304 314 381 385
1272 67 90 93 95 110 115 123 124 129 132 133 134 152 154 155 157 166 167 179 182 195 221 225 235 259 266 268 271 286 290 295 299 322 332 351
281 60 66 71 73 78 86 95 99 104 109 113 133 149 152 154 158 161 181 201 202 205 208 235 236 266 267 279 282 299 307 320 323 364 366 371
504 76 93 95 104 110 113 115 121 123 124 132 154 155 165 166 167 182 195 209 235 253 254 259 280 290 309 314 321 327 332 339 340 342 385 392
64 96 99 112 120 123 140 145 154 159 169 188 194 225 235 253 262 266 283 309 313 318 345 346 347 363 366 389 392 394 403 421 425 429 430 435
1289 63 93 98 113 124 150 178 180 208 209 217 231 235 245 266 295 299 314 323 325 332 339 346 351 369 403 405 412 421 422 429 444 447 468 477
202 60 76 78 81 110 140 145 153 154 167 169 179 180 181 187 189 195 201 207 266 274 295 299 323 345 353 366 381 390 391 403 408 424 429 447
388 59 63 77 93 107 120 130 133 137 154 159 167 178 181 195 201 203 208 211 235 253 282 288 290 293 298 306 318 323 340 345 351 384 390 392
1018 63 73 77 84 100 107 111 120 130 152 154 157 164 167 169 171 195 201 228 235 243 252 266 290 295 323 339 340 341 351 358 366 392 394 401
643 67 93 95 115 118 123 149 154 155 171 182 205 229 256 259 261 266 282 314 332 339 340 346 366 403 405 417 425 426 429 444 447 449 451 457
1136 87 92 93 94 95 99 110 112 115 179 192 201 202 208 209 223 230 235 247 256 258 264 266 283 299 314 332 386 390 391 392 400 425 473 490
32 73 106 110 114 134 137 143 154 162 170 171 179 201 208 253 276 286 289 293 295 303 314 317 332 351 353 373 378 385 392 394 411 428 430 444
900 152 154 165 169 170 183 188 192 195 201 208 217 232 249 271 274 286 294 303 309 340 341 345 346 347 387 428 437 442 451 456 460 492 495 496
1315 167 170 173 175 210 211 234 235 241 243 266 276 288 295 317 340 345 384 392 400 425 438 447 463 470 471 480 504 507 509 515 540 551 552 560
2332 123 154 178 187 201 208 211 234 253 268 276 288 290 295 321 323 340 349 351 353 366 390 392 393 400 437 439 440 484 504 509 529 531 537 543
799 60 63 73 99 104 110 123 140 153 154 164 208 222 247 274 279 283 297 332 340 351 379 401 403 417 425 431 444 465 490 495 498 504 522 526
177 123 154 179 182 208 235 246 259 279 282 290 292 299 309 317 320 332 388 400 404 415 428 460 465 478 489 504 507 520 525 530 542 569 586 613
2156 71 78 80 104 113 120 130 137 152 154 167 190 193 201 208 217 229 252 257 266 273 295 297 323 325 340 341 345 351 366 384 403 425 444 447
297 78 89 101 109 123 145 151 187 195 208 213 223 252 282 285 340 345 346 353 366 373 388 408 425 437 447 490 504 512 542 548 561 575 581 586
74 109 118 119 120 123 143 154 167 175 179 181 191 208 232 238 250 252 256 303 305 307 313 317 345 350 351 381 390 396 401 425 463 465 495 507
1640 66 93 118 123 124 154 170 203 221 231 235 253 259 279 290 299 319 340 367 385 387 392 395 428 488 504 507 514 515 520 540 545 554 556 569
595 106 120 123 133 149 183 193 266 279 290 293 295 297 321 325 326 332 341 351 373 391 401 403 425 427 431 442 444 447 451 485 504 509 551 562
3453 143 149 154 155 178 179 230 253 256 259 290 299 314 345 351 366 391 392 394 424 427 430 447 451 457 473 475 495 504 507 508 509 514 540 545
259 100 104 113 148 154 155 167 168 172 179 190 191 192 195 208 217 230 253 266 268 299 321 350 351 353 355 382 400 417 424 425 429 483 536 542
132 127 137 149 154 160 180 200 221 229 235 266 279 282 285 293 295 299 315 345 351 366 384 390 392 425 437 447 490 499 531 540 586 613 616 656
734 130 152 154 167 175 181 188 190 192 195 201 207 213 224 252 283 295 317 332 345 351 353 368 373 392 403 420 425 428 431 439 447 465 469 504
1888 95 110 115 123 130 133 137 149 152 154 155 167 169 179 203 208 221 235 279 280 290 304 314 322 332 339 340 350 400 403 430 460 468 471 486
1519 207 208 217 241 247 254 274 293 317 322 323 325 340 345 349 351 364 390 392 403 424 425 428 439 447 495 504 520 529 541 564 616 630 636 648
2610 133 137 154 155 203 208 221 224 235 259 279 280 287 290 321 332 340 345 385 400 405 418 426 428 430 433 435 451 460 468 495 518 543 554 575
289 76 117 141 145 183 208 218 229 256 266 279 282 293 340 425 437 453 470 508 518 541 544 551 562 568 584 586 588 589 613 630 659 673 699 711
753 193 233 276 282 299 330 341 345 346 369 381 384 391 392 406 408 415 429 465 471 473 520 525 548 555 586 613 616 636 659 661 692 696 727 736
56 63 71 79 96 104 123 125 144 153 154 193 196 201 208 233 260 262 274 276 295 320 325 345 353 384 394 400 415 425 430 431 440 487 501 530
536 110 113 114 122 123 124 137 154 166 171 208 235 279 290 295 299 314 320 339 340 351 385 388 394 411 462 465 471 490 504 515 518 540 542 544
2597 99 112 169 193 201 205 210 222 237 240 279 282 301 306 341 372 391 394 396 403 430 462 495 499 502 525 540 619 652 674 675 677 681 729 733
329 134 150 152 182 191 209 217 231 235 266 295 303 323 325 369 421 429 447 468 477 504 509 533 539 540 542 550 573 581 582 599 615 688 689 749
4 154 203 208 235 279 295 299 309 340 345 367 385 392 400 415 447 459 463 478 504 521 527 530 540 558 573 591 614 666 675 697 743 760 770 783
14 113 125 152 167 193 198 208 211 230 235 243 245 253 299 332 338 341 358 366 373 392 405 425 448 459 463 529 534 540 560 573 575 576 586 591
707 153 154 158 175 176 178 191 208 217 222 224 235 273 282 295 306 345 366 378 401 403 424 425 489 522 536 541 542 575 577 579 613 681 687 699
744 167 208 209 213 217 220 253 285 321 332 336 340 345 355 357 359 361 366 392 425 447 468 512 517 519 537 540 541 550 575 594 630 663 672 680
997 178 183 208 235 239 243 244 276 290 295 314 323 332 367 369 394 415 425 489 491 498 507 509 510 518 534 538 540 542 543 576 577 610 619 625
642 145 155 167 169 182 186 192 201 210 217 259 295 303 304 311 320 332 342 348 369 390 392 393 437 445 490 502 507 509 543 554 589 599 605 615
727 149 154 157 167 175 179 192 195 208 209 252 270 290 340 345 392 393 400 403 425 428 437 465 469 470 504 506 531 540 541 551 552 576 586 614
1199 120 123 125 147 154 167 193 201 203 205 208 213 229 250 252 268 282 285 295 323 345 351 353 392 400 403 425 431 437 447 456 508 540 544 551
389 69 101 133 139 150 158 167 175 215 266 273 276 295 299 317 341 351 373 384 401 415 417 425 437 447 458 465 489 504 511 522 535 541 552 577
1657 154 156 181 185 193 195 201 232 235 266 276 282 317 321 325 346 378 387 403 425 428 477 484 489 509 524 535 540 542 560 586 592 608 614 625
2046 150 154 158 167 169 171 175 188 192 195 205 208 211 215 216 259 268 295 299 324 329 340 351 357 384 394 400 421 428 437 447 451 466 524 540
1269 157 169 254 280 299 314 322 325 392 405 445 451 504 509 510 519 534 554 576 587 591 600 615 640 652 670 672 680 690 697 705 760 775 790 805
44 131 154 160 167 169 200 201 208 243 257 273 295 299 315 341 358 364 439 464 490 554 575 586 609 697 708 735 748 766 768 783 804 823 826 833
227 171 175 179 195 203 240 245 252 253 256 276 299 306 309 312 317 332 340 346 351 392 400 425 428 430 434 447 468 488 504 540 554 555 560 586
967 153 165 179 208 217 290 299 388 392 403 405 428 429 451 465 478 488 504 507 510 518 554 569 591 612 614 619 628 647 666 668 697 760 770 787
1268 235 243 275 299 314 323 332 339 345 351 366 388 391 395 403 437 440 445 447 468 495 504 509 526 540 548 577 586 608 619 651 674 677 817 830
25 186 195 210 217 235 254 279 280 332 383 394 400 403 428 429 442 444 543 556 573 575 576 581 613 616 623 675 697 707 760 775 803 805 832 895
2470 120 145 154 167 180 190 193 195 201 202 208 249 290 295 297 340 347 403 485 540 578 586 588 605 619 630 642 648 658 678 687 735 762 782 804
2658 208 235 265 279 290 309 332 336 385 391 394 400 415 428 451 459 465 489 504 505 508 510 526 534 540 613 623 629 630 748 757 760 775 778 819
144 80 144 145 155 192 203 205 235 252 256 266 282 285 297 314 317 324 339 345 350 366 369 379 403 405 416 425 437 447 551 579 580 582 586 619
455 140 154 170 194 208 217 240 276 279 295 340 345 391 405 425 431 445 473 485 547 551 555 558 562 582 586 594 619 645 666 673 676 748 766 768
575 167 186 191 193 201 229 235 274 276 340 351 352 384 392 424 425 428 444 495 504 542 554 563 575 613 630 681 687 735 752 760 772 782 816 817
1932 113 120 123 133 145 154 157 247 253 274 278 304 323 325 346 350 379 392 394 401 403 410 425 433 489 540 584 586 588 630 687 727 731 738 782
912 120 133 145 154 194 208 252 264 269 290 303 307 325 345 349 351 392 424 425 435 437 440 447 463 509 531 567 571 586 613 616 630 656 727 735
1630 195 201 208 211 235 299 303 323 340 346 351 353 366 368 420 439 444 447 514 554 564 571 586 608 648 725 735 753 756 760 762 768 777 778 779
374 169 170 173 183 188 208 235 252 266 282 290 304 321 340 400 403 405 425 483 504 509 510 516 540 554 573 576 599 640 648 662 672 687 760 767
1714 93 99 112 115 137 138 140 164 171 250 256 293 317 342 400 403 466 490 494 517 533 551 560 582 586 643 648 652 654 666 684 705 722 735 760
1867 154 155 167 190 195 208 209 293 303 345 351 366 379 410 420 425 427 439 448 465 491 504 534 535 558 586 615 640 662 673 687 770 782 821 848
1169 133 137 154 190 192 193 200 208 209 253 283 288 311 314 332 336 351 358 368 369 403 425 429 499 540 554 582 586 587 596 614 640 662 667 673
2087 123 130 133 140 152 155 168 176 201 207 235 243 266 303 351 387 428 439 444 447 477 516 529 536 542 576 586 589 616 619 638 664 666 681 766
631 213 258 267 330 394 416 425 465 490 533 539 541 551 554 575 582 595 619 732 753 766 777 783 808 815 860 868 872 911 917 949 959 974 982 1006
229 186 195 208 217 235 259 290 295 314 351 369 391 392 447 490 504 518 540 543 554 614 615 619 639 652 668 706 708 760 762 770 781 785 804 815
765 80 134 137 167 192 208 293 303 320 338 351 379 392 425 428 444 465 477 504 508 540 575 578 652 686 687 719 725 758 761 770 782 805 808 812
1290 113 114 124 140 150 178 182 208 235 297 299 303 314 323 345 369 403 421 425 429 477 504 509 518 533 540 542 550 573 580 581 582 599 616 619
1295 180 203 208 240 268 279 320 340 351 384 425 427 428 437 483 485 504 520 531 540 554 558 586 652 676 698 708 712 725 782 784 817 864 868 875
3632 282 299 323 345 351 369 388 391 403 405 425 433 447 468 483 495 504 509 510 540 586 599 608 674 677 678 681 720 727 728 782 830 841 860 898
948 124 138 141 154 177 235 254 279 280 299 351 391 392 400 428 430 450 495 498 503 504 511 518 527 534 540 554 623 675 707 760 787 812 823 856
2755 123 137 154 157 203 204 208 271 295 307 314 401 405 406 416 425 429 432 444 450 507 534 540 549 555 577 586 592 593 608 623 677 681 718 760
1052 123 137 152 178 211 249 332 345 351 371 447 451 469 508 540 544 545 551 582 619 675 687 721 782 811 819 821 826 860 872 876 895 937 938 946
1457 119 140 143 154 175 187 191 193 195 222 247 252 295 345 377 394 403 433 447 509 512 530 552 608 663 676 681 714 727 746 760 762 796 819 821
10 173 179 196 256 290 292 295 363 369 392 400 426 429 449 451 465 490 509 515 550 554 573 576 610 629 653 673 675 686 760 761 770 787 801 815
2491 142 201 208 282 286 295 315 323 341 346 384 425 463 490 507 548 551 555 615 620 630 643 651 658 686 729 746 751 770 786 801 809 818 850 860
938 178 211 254 302 310 311 314 332 336 340 388 390 405 408 502 504 534 546 550 554 579 586 602 614 619 647 652 729 769 783 787 801 804 848 872
2438 175 181 208 211 217 227 238 253 259 281 283 295 314 340 366 369 392 403 425 495 504 522 615 630 662 666 783 801 815 817 930 942 973 1011 1035
2519 120 123 137 152 154 170 205 256 288 299 303 314 323 351 374 384 399 425 432 449 465 504 516 551 575 579 586 671 697 753 760 765 768 822 826
994 102 152 154 203 320 322 332 369 384 425 504 508 540 543 551 554 589 597 615 629 633 672 675 697 728 743 758 760 768 807 825 827 832 844 854
949 208 235 253 295 303 314 351 425 427 475 508 542 554 576 652 656 664 665 695 721 760 771 782 783 802 860 876 892 937 965 979 1012 1014 1035 1036
2022 194 217 243 266 290 332 336 338 340 366 392 403 425 430 437 444 447 489 504 508 509 540 575 672 675 725 753 756 760 767 768 799 815 819 851
360 225 230 247 273 274 279 283 291 320 343 358 366 401 495 512 524 533 551 562 582 602 630 652 673 704 727 745 751 766 782 802 814 821 844 848
790 275 345 358 366 381 384 392 415 425 428 437 490 531 540 555 558 630 636 662 692 742 748 760 770 772 778 782 801 818 821 844 850 855 860 927
2640 192 259 281 370 380 392 394 403 424 425 428 463 483 498 504 507 525 540 573 576 583 608 614 619 621 700 705 744 750 782 803 804 812 815 871
1239 297 314 325 339 346 351 366 374 392 397 406 407 418 425 438 460 474 490 510 516 518 540 554 652 659 661 664 672 673 727 760 782 786 814 829
2218 182 235 255 256 269 283 284 292 339 340 400 435 464 465 469 475 489 507 540 557 559 576 583 640 678 681 744 760 782 792 825 909 965 1003 1011
1426 154 155 182 199 235 255 269 284 290 299 308 340 346 369 400 465 489 504 507 540 542 560 576 630 657 672 675 678 681 713 744 759 760 782 792
1504 140 154 208 230 256 274 285 300 321 340 345 390 392 425 437 502 518 540 554 557 564 568 586 613 619 631 677 687 742 753 758 761 801 818 855
109 152 154 157 245 295 304 321 340 392 405 430 444 456 495 499 504 507 515 542 560 564 612 615 672 675 686 697 705 724 729 760 798 804 815 827
192 154 167 195 201 208 235 273 288 325 340 345 351 368 384 400 420 424 425 428 447 451 475 528 540 558 563 586 619 648 662 687 735 770 782 783
256 243 259 266 295 307 340 347 349 396 400 425 464 504 543 575 619 712 725 727 760 781 782 844 846 848 875 876 919 947 974 995 1010 1038 1086 1093
1965 73 110 123 151 154 158 178 208 215 217 235 290 299 314 340 345 392 437 444 447 495 504 507 515 542 560 575 576 586 591 615 644 671 675 693
266 161 176 208 217 235 239 244 249 256 269 283 290 306 307 332 342 345 351 403 415 457 461 485 499 533 537 540 545 551 573 586 619 706 760 770
446 145 154 164 167 169 275 299 301 314 332 349 400 403 416 447 473 494 512 532 540 544 665 682 727 766 777 778 821 844 848 937 965 1053 1073 1083