8 9 27 1793 13 470 18 327 1944 20 993 24 11 2127 1688
228 955 24 23 1034 31 2 1332 2240 2278 17 18 9 1798 46
407 1224 638 2437 2 1935 1268 27 2261 15 8 2044 24 5 52
594 42 2425 31 1491 25 1113 24 1495 1209 780 1598 39 53 4
243 1123 535 2467 45 629 21 2640 13 1545 71 66 20 48 1597
1272 1235 2332 25 47 53 38 40 2863 18 2492 1481 680 63 347
281 46 122 1033 45 5 4 33 2576 48 1901 1561 2346 52 620
504 1121 66 267 2789 53 38 918 6 2509 9 317 12 47 2848
64 45 32 26 1743 19 80 2216 78 17 2471 27 12 2341 1226
1289 22 1979 1227 966 24 204 1378 49 29 48 14 2239 45 1254
202 31 42 2843 18 51 46 958 2625 52 1617 894 1 50 2710
388 9 1148 1601 48 39 7 545 2281 444 24 53 901 56 2709
1018 25 2501 1513 1 18 1663 907 188 31 48 54 5 2848 333
643 48 63 87 66 2736 43 22 2092 464 9 20 484 970 2723
1136 2718 1240 133 56 31 2025 458 11 19 41 1603 32 53 48
32 31 68 1271 48 46 1388 2785 1952 1182 1 49 1485 63 1623
900 528 25 1358 148 5 2533 50 1700 120 123 53 47 139 38
1315 153 5 479 154 59 702 1 46 63 2268 1026 517 2433 1333
2332 1930 2481 70 1626 97 1926 72 1693 1418 2198 33 120 76 73
799 7 46 2772 399 24 48 2354 127 59 694 1826 1925 53 57
177 644 56 633 2520 2751 57 60 54 2777 1421 93 22 9 1883
2156 1802 48 44 56 1618 57 1298 1964 2446 63 2736 1 1295 26
297 717 2588 71 1255 105 35 31 4 914 1608 547 57 12 60
74 7 24 2503 57 59 39 1672 2349 940 2493 2466 53 48 2321
1640 1423 14 63 31 16 62 2715 2190 2655 1876 34 48 1213 38
595 24 240 4 101 749 76 1123 57 1376 60 59 2234 1760 2556
3453 2418 2670 71 2617 1711 48 912 123 113 65 638 104 2053 63
259 1479 53 73 20 2355 1 1700 460 77 348 2617 48 1376 17
132 686 119 2816 71 1 20 120 873 4 2495 1661 1438 78 1138
734 607 48 2020 826 176 120 1 268 63 2189 862 57 73 46
1888 49 1288 93 53 37 1806 1103 2198 38 77 90 233 14 1555
1519 73 201 2537 859 154 1294 203 2920 2705 2607 24 1082 63 120
2610 76 175 123 120 700 26 37 559 1265 388 2329 14 113 103
289 1452 1973 60 25 52 24 1631 1311 73 48 2315 53 2413 1421
753 169 806 1130 139 130 1183 1990 2918 263 1264 120 48 145 57
56 57 60 34 2608 631 2283 12 1216 2887 1260 48 31 2413 53
536 975 2343 66 63 1049 3 2591 14 2326 79 2363 93 91 2465
2597 1899 81 937 51 48 94 1120 980 14 1799 1 2398 53 68
329 37 113 1891 1407 963 45 2318 747 124 131 49 2291 2106 93
4 93 2597 2328 2688 124 838 20 103 2763 2885 63 2330 123 24
14 63 2036 90 64 1976 31 2145 18 183 96 2207 73 1813 76
707 140 143 2015 63 258 668 490 1001 146 938 54 24 53 123
744 154 56 2459 1528 93 159 120 995 865 147 1349 2628 63 130
997 90 156 83 2176 2603 52 663 73 2585 1107 94 1982 43 154
642 598 926 110 2312 115 682 132 24 118 48 649 1029 33 2049
727 2403 114 1509 1840 24 69 5 711 18 88 1756 1572 1039 123
1199 109 971 33 1804 79 107 1575 2257 2076 96 48 2741 494 53
389 44 63 2919 829 48 1994 1854 730 57 1465 39 36 1980 24
1657 2642 948 2424 24 134 5 147 414 54 125 113 1425 70 40
2046 812 70 754 2079 702 147 56 2712 44 137 27 123 2445 833
1269 126 1501 132 93 396 148 1614 113 888 2945 2120 12 2804 154
44 80 2 1455 128 119 63 915 1860 114 62 312 125 2103 1
227 63 167 71 1857 48 37 1400 2473 2214 137 882 65 1011 36
967 896 2220 87 16 89 2001 63 1460 129 981 1857 18 1874 24
1268 224 2645 21 152 208 611 56 898 639 73 260 2819 18 1490
25 119 154 2917 2782 113 402 123 2175 103 831 63 2087 55 93
2470 1059 1526 76 71 953 524 84 31 59 54 2292 73 1999 2930
2658 125 1052 177 93 2856 2570 80 2603 133 137 47 77 186 63
144 2614 63 48 68 60 2888 260 52 24 53 78 2753 2153 2781
455 2 57 713 926 2513 53 18 1886 2743 133 1 139 2523 2153
575 2319 2682 120 2896 31 1619 147 46 808 152 154 2663 548 133
1932 2555 1434 63 444 651 98 49 59 2752 1063 24 53 46 31
912 78 819 59 60 119 1012 31 2319 5 2420 100 360 793 1067
1630 115 1386 152 1851 763 154 2933 596 2024 167 117 71 2312 42
374 1684 63 104 138 156 154 2569 2017 2810 2019 76 40 2309 2691
1714 53 1483 2099 32 1680 326 1554 48 92 19 1 71 321 14
1867 2007 1473 120 123 66 2614 73 71 31 365 1123 1531 2171 63
1169 1929 61 1856 1612 125 68 52 2459 23 39 1033 12 1460 609
2087 2692 1235 24 56 1409 48 31 117 1788 948 42 1870 18 332
631 430 286 23 2732 1 168 63 48 2403 44 2414 2424 2779 152
229 24 137 154 737 68 1392 185 115 78 2486 48 581 1471 2067
765 48 1 63 1845 2534 76 2210 9 2453 2843 1879 950 46 68
1290 29 2746 14 48 45 2931 468 380 2384 93 1248 73 2382 49
1295 1971 1203 130 1694 81 148 2392 1377 31 2405 154 167 1147 14
3632 256 1694 2581 157 460 1026 235 181 855 253 56 208 73 1150
948 2749 114 1902 74 103 1026 967 48 93 316 481 123 935 71
2755 69 1402 2295 48 1649 103 2430 63 1772 187 39 52 122 580
1052 634 73 2564 773 5 48 46 1499 2379 2877 113 101 16 1323
1457 110 2204 1907 2801 26 36 31 48 114 2229 642 2333 2520 63
10 12 154 63 79 2371 2203 1728 87 24 48 1577 1749 1610 2818
2491 60 71 68 20 52 655 1771 1406 61 137 601 875 1288 1241
938 113 2790 1 152 137 93 2427 167 61 1148 786 658 1076 2476
2438 300 44 1 69 1962 31 52 2908 599 1541 602 1915 60 78
2519 2578 22 95 377 24 113 2774 110 48 35 181 813 871 1959
994 187 49 9 63 1015 423 1905 2506 2893 45 24 66 60 1652
949 189 239 1466 154 48 1685 78 165 90 2387 5 407 1923 1314
2022 2587 152 154 1500 1282 2052 71 1875 1874 1484 188 124 113 63
360 321 39 915 1883 1213 162 101 2169 1558 208 66 79 2444 48
790 208 443 7 60 877 2042 2404 154 404 242 63 1400 247 266
2640 38 154 977 2834 1975 985 53 100 167 86 40 59 124 1761
1239 2409 75 283 81 479 225 48 152 667 1613 821 217 367 997
2218 1369 410 153 2690 1122 2711 30 154 2265 178 71 2247 24 63
1426 24 2470 30 63 2265 577 370 54 1 15 11 1391 2589 811
1504 1 104 1525 2563 59 56 48 1911 141 18 35 2836 77 2647
109 2246 540 2943 123 68 18 77 2915 59 9 2574 1511 2094 93
192 1403 77 48 59 2661 152 150 2539 1249 71 1054 1692 31 2639
256 235 2608 76 1235 2474 154 102 120 59 1622 2863 167 1101 1691
1965 25 231 1 53 18 1279 49 2279 844 1364 2639 40 59 1869
266 1854 2644 139 2568 152 155 27 141 2473 79 2859 136 652 154
446 73 1860 48 631 21 2206 63 1870 2307 2560 53 1383 50 137