2857 11 14 15 17 18 19 20 22 23 24 26 27 28 30 32 33 34 35 36 39
259 18 19 23 24 25 26 27 28 29 33 36 41 42 44 48 53 54 58 59 62
1195 17 18 19 22 23 25 26 28 29 33 34 35 36 40 41 42 44 48 49 53
1209 13 15 17 18 19 21 22 25 28 29 31 33 35 36 37 40 41 42 44 48
479 11 13 15 17 19 22 23 25 26 28 29 31 32 33 36 37 42 44 48 49
2027 13 15 17 18 19 20 24 25 30 32 36 48 49 52 53 56 58 59 62 64
588 19 20 22 23 26 29 30 32 33 36 42 44 48 49 52 53 55 58 73 80
2570 15 17 19 20 22 23 25 28 29 30 32 33 35 36 42 44 48 49 53 56
1269 24 25 26 31 33 34 36 42 44 45 48 53 58 62 65 68 73 79 82 83
592 15 17 19 23 24 26 28 30 32 33 36 42 44 47 48 52 53 55 56 58
1579 17 18 19 22 23 24 25 29 31 36 40 42 44 45 48 49 52 53 58 59
1197 15 18 19 22 24 25 26 27 28 29 33 35 36 40 42 44 48 57 58 62
607 23 24 28 30 32 33 35 36 47 48 53 56 58 59 62 65 72 74 76 80
2761 17 19 22 23 28 29 30 32 33 35 36 39 41 43 44 48 53 55 56 58
109 17 18 19 20 22 24 25 29 33 36 41 48 52 55 56 58 59 62 64 66
2395 17 22 23 24 28 33 34 35 37 38 39 43 44 45 48 51 53 56 58 59
1196 22 24 28 31 34 35 36 37 40 42 43 44 45 48 58 59 68 73 82 84
526 18 19 24 28 30 33 36 42 44 45 47 48 49 52 55 56 58 80 82 84
1616 23 27 28 30 32 36 39 48 51 53 56 58 59 60 62 71 74 76 79 81
1264 17 19 22 23 24 26 27 28 30 31 33 36 37 42 44 45 48 51 59 68
1096 22 23 26 27 28 30 33 34 36 42 44 48 53 58 59 62 65 75 83 92
2627 24 25 26 36 41 42 44 46 48 49 52 53 58 60 62 65 73 75 80 83
2996 23 27 28 30 33 39 42 43 45 53 56 58 59 63 68 70 71 72 73 77
317 17 19 22 24 26 27 28 29 30 33 34 35 39 42 44 47 48 51 53 55
857 29 33 36 42 44 47 48 49 53 58 62 74 88 90 97 100 104 105 107 116
355 26 31 34 36 37 38 40 42 43 48 53 55 58 60 65 66 69 72 73 74
2715 31 33 34 36 39 42 44 45 48 53 58 59 62 63 70 73 83 86 92 94
295 18 22 23 24 30 33 35 36 38 42 48 49 53 55 56 58 62 69 74 76
1239 23 26 28 29 33 36 42 44 48 53 58 62 73 84 87 92 93 101 102 117
0 21 23 26 28 34 36 38 44 45 48 49 51 56 60 65 68 73 75 76 78
1213 29 33 36 42 48 53 58 62 64 81 84 92 93 97 101 105 117 120 121 123
2915 18 22 23 26 29 32 33 36 42 44 48 49 52 53 58 62 73 82 90 93
456 20 22 23 29 32 36 42 48 49 52 53 55 56 58 62 73 82 84 87 90
3577 18 20 22 23 25 36 39 41 48 49 50 53 57 58 61 63 64 66 68 70
1199 29 33 36 42 48 49 53 58 73 84 92 93 100 101 105 117 118 122 123 127
540 48 53 58 59 62 63 88 100 107 112 117 118 121 129 136 139 146 148 149 151
2986 24 25 27 36 40 44 48 53 62 63 65 70 83 92 93 102 104 112 116 117
1258 22 24 26 31 33 34 36 48 53 58 62 65 66 82 88 96 99 117 118 123
49 23 24 28 29 30 32 33 48 53 55 56 62 65 74 76 82 90 97 99 110
33 34 36 38 42 44 45 47 48 51 53 54 56 58 65 73 74 75 78 90 92
2790 34 36 37 45 48 50 54 57 58 66 67 68 71 73 82 89 90 91 92 98
779 23 25 26 36 40 42 44 48 49 52 53 58 62 65 73 75 82 90 92 93
3174 24 25 36 39 42 44 45 48 53 58 60 63 65 70 72 73 75 78 83 86
1192 24 28 33 39 42 44 47 48 49 53 54 58 59 62 80 81 88 89 95 96
918 22 24 28 33 34 35 40 42 44 48 53 58 59 75 78 92 96 97 99 100
923 48 53 58 59 62 75 81 88 100 102 107 109 116 117 121 123 127 131 136 139
1126 29 33 36 39 40 42 44 48 53 58 70 83 92 93 102 105 117 118 121 123
2354 17 18 19 21 23 25 26 31 36 38 39 45 48 49 53 56 60 68 70 73
1386 29 33 34 36 42 48 53 58 65 87 92 93 97 100 105 117 122 123 125 127
1220 33 36 42 47 48 53 57 58 62 81 88 97 100 105 120 121 122 123 126 127
911 33 35 36 37 40 44 48 53 55 58 59 62 63 81 88 91 97 102 103 107
1035 42 48 49 53 58 65 73 87 93 96 101 116 117 118 120 123 125 126 129 130
1212 23 24 30 33 47 48 53 55 56 58 62 67 76 81 95 96 99 100 107 110
1609 23 25 29 33 36 42 48 52 53 58 65 73 82 87 93 95 96 103 117 123
376 22 23 26 29 33 36 37 38 42 45 48 49 53 58 59 62 65 73 82 87
1290 24 25 26 28 29 33 36 40 42 44 48 58 62 64 65 69 73 84 87 92
1999 33 34 36 42 53 58 62 65 73 87 93 101 117 118 123 125 129 130 132 133
1135 33 35 36 44 48 54 58 68 89 90 92 118 120 123 131 132 136 139 146 148
3113 26 36 39 42 43 45 48 49 51 53 54 55 56 58 63 65 70 75 78 80
1306 34 36 37 38 42 43 44 45 48 58 59 62 68 82 88 91 92 106 109 118
1703 24 25 26 28 34 35 38 48 53 55 56 62 67 69 72 76 82 88 89 90
1720 26 33 34 37 38 39 41 48 51 53 61 62 65 69 74 80 82 86 90 92
1967 28 34 36 42 45 48 53 58 62 68 73 79 82 88 92 99 106 117 118 123
647 19 20 22 23 24 26 28 31 36 37 38 42 44 48 49 50 52 53 57 60
2598 36 39 43 45 51 53 63 70 73 77 78 91 92 99 102 118 123 129 131 132
31 28 32 33 36 42 48 53 58 59 62 73 82 90 92 99 111 113 117 127 131
3792 25 28 29 36 39 42 43 44 48 49 50 51 53 57 61 63 64 70 73 76
2173 28 31 33 34 42 44 45 48 53 58 62 73 83 91 92 93 116 117 118 123
2796 28 33 36 42 44 48 53 62 68 83 92 93 99 117 118 123 131 132 136 146
2290 48 53 58 59 123 126 136 137 146 148 149 150 151 155 156 163 166 169 175 187
2917 28 31 33 34 36 44 45 48 58 68 73 91 92 118 123 131 133 135 136 139
589 17 18 24 33 40 44 48 53 59 60 62 69 73 80 82 96 111 118 123 127
2958 19 32 33 36 39 53 58 63 70 71 76 77 83 90 92 102 104 133 135 137
3470 33 42 44 48 53 58 59 62 67 92 97 114 117 121 123 127 136 139 146 149
1373 36 40 42 44 48 49 53 58 62 65 73 101 105 109 117 118 121 125 127 129
1393 33 42 44 54 57 58 73 81 84 88 91 96 117 118 120 123 139 146 149 150
2682 26 36 39 48 53 63 70 71 75 77 83 85 90 92 102 104 116 119 123 135
591 26 33 35 36 40 44 48 49 53 58 62 65 73 84 92 93 100 110 117 118
1783 24 26 30 32 33 34 45 48 53 55 62 65 69 72 73 78 82 90 92 95
1572 23 25 36 38 42 44 48 52 53 58 62 65 73 82 83 92 93 103 113 117
1303 45 48 54 58 59 62 68 72 74 81 100 105 109 117 118 120 123 125 127 139
3417 15 17 18 26 29 33 36 48 53 58 62 69 72 76 80 87 90 92 95 101
222 36 39 53 58 63 68 70 71 73 81 83 92 95 99 104 117 118 122 123 131
379 24 26 34 36 44 48 49 52 60 65 73 92 93 95 100 101 103 118 123 127
2705 52 53 56 58 63 68 70 73 77 85 92 104 116 118 123 132 135 143 145 149
1224 29 33 35 53 57 58 59 62 63 88 96 99 117 120 123 131 136 139 146 148
1583 26 33 36 42 44 48 49 53 58 69 73 76 82 90 99 111 117 121 127 131
1526 20 22 23 29 36 42 44 48 49 53 58 62 73 90 92 103 113 117 127 129
3480 113 115 118 125 127 130 131 132 134 138 139 140 146 149 150 151 156 161 163 165
1922 22 26 28 34 36 45 48 51 56 58 65 68 73 75 78 88 92 95 99 111
749 62 63 78 81 84 102 107 109 117 120 131 136 139 149 151 157 161 166 169 170
2698 44 48 52 53 63 65 73 83 85 92 93 95 101 102 103 113 116 117 119 123
38 35 38 45 48 51 56 58 72 73 78 92 118 119 131 136 149 151 161 162 163
20 49 52 53 58 60 62 82 87 91 93 100 101 103 111 118 123 129 130 132 134
1392 36 38 53 58 76 82 92 95 96 99 118 123 133 142 143 146 147 148 149 150
2803 48 57 58 68 92 96 117 118 120 123 132 133 136 139 147 148 151 152 161 166
587 26 36 38 45 48 51 53 56 65 75 78 92 93 99 112 114 117 119 131 132
2405 36 37 40 42 44 45 47 48 58 59 62 65 100 101 109 117 118 123 129 130
1219 44 48 58 59 62 65 105 117 118 122 126 129 130 132 146 148 149 151 168 169
732 29 33 36 40 42 44 48 49 52 62 65 73 82 87 89 92 93 95 103 118
1229 54 58 59 62 65 68 81 88 109 126 131 136 146 149 150 151 156 157 169 171
3175 39 58 60 62 63 70 74 79 82 83 92 102 119 133 135 137 148 149 150 156
1960 43 53 58 62 66 73 88 89 92 94 96 118 123 131 136 140 144 145 146 148
3750 35 39 44 49 50 53 57 58 63 68 70 73 75 77 90 92 93 96 102 103
1078 42 44 54 62 88 91 107 118 123 132 136 146 149 150 151 157 169 173 175 176
907 58 59 67 70 81 88 94 97 106 107 109 114 123 146 148 161 166 169 170 173
3407 34 35 36 38 59 70 71 74 75 76 77 83 85 89 90 92 96 99 102 113
1072 26 27 31 40 42 44 48 53 58 62 68 75 83 92 93 96 99 109 114 116
3622 36 38 39 42 44 48 61 65 70 76 86 90 92 93 96 99 110 113 117 127
1355 29 33 36 42 44 48 49 53 58 60 62 73 80 93 95 100 101 103 117 118
3526 29 33 36 42 48 51 53 58 73 93 101 105 116 117 118 121 122 123 125 130
2699 39 45 49 63 64 70 73 76 77 83 90 92 102 108 112 117 122 129 132 135
1218 59 62 90 102 107 117 120 123 127 131 136 149 150 161 165 166 169 173 190 193
1246 33 35 37 38 45 47 48 53 58 59 62 67 81 107 109 120 123 131 137 146
1088 47 53 56 58 62 76 90 95 110 123 129 131 137 138 142 149 151 163 165 166
1543 26 36 42 48 50 57 58 60 73 75 86 92 93 100 101 103 108 110 113 115
1221 58 62 73 84 105 116 117 118 120 123 125 129 130 139 147 148 149 150 157 163
149 33 48 53 55 56 65 67 72 82 90 96 117 123 133 137 147 148 149 150 157
110 58 62 67 81 88 91 97 102 107 120 123 127 131 142 146 149 150 158 161 166
3752 29 36 39 48 57 61 63 65 66 70 72 73 74 76 77 82 92 93 96 99
2709 63 64 71 77 83 85 88 92 104 116 117 131 133 135 136 137 139 145 149 150
356 35 37 38 45 48 58 59 60 78 92 95 106 111 118 129 132 133 136 137 146
2656 45 53 57 58 59 62 66 68 73 92 98 103 108 113 115 117 121 128 136 139
1093 59 62 63 65 67 106 111 123 124 126 127 131 133 136 137 139 149 150 151 157
1205 58 97 114 127 139 146 149 150 151 157 165 166 169 170 172 173 175 181 183 186
2984 53 58 62 73 84 110 117 118 121 123 130 141 148 149 151 157 166 168 169 174
2639 33 36 42 44 48 49 53 58 62 71 93 100 101 109 117 118 121 123 129 130
3146 33 36 48 65 76 80 82 86 90 92 95 96 127 148 149 163 169 175 187 192
2394 56 57 58 62 63 70 77 90 102 116 119 131 132 135 136 145 149 150 151 157
3420 54 62 68 81 91 96 97 99 118 123 142 146 149 151 157 161 181 183 191 193
1516 48 51 58 68 73 75 78 109 111 118 132 134 136 143 148 149 151 163 166 169
1640 58 60 73 78 92 95 111 123 134 136 139 149 150 151 156 169 175 187 190 192
1277 35 36 44 45 53 54 68 91 97 109 117 119 123 132 139 146 149 152 157 161
1251 49 59 62 74 81 97 107 112 123 127 129 136 146 149 150 157 158 161 166 169
366 58 78 83 90 92 110 111 116 117 118 132 134 136 137 146 147 149 150 151 155
1357 35 36 48 56 58 69 76 82 92 95 96 123 124 127 131 133 147 149 150 151
1207 53 58 59 62 88 97 100 120 123 139 147 149 150 155 157 161 165 166 169 173
1675 48 49 52 53 58 60 73 92 93 100 101 103 113 117 118 121 122 131 134 137
2099 27 34 35 36 37 42 45 48 53 83 92 93 106 116 117 132 133 136 142 146
2528 42 44 48 53 58 62 87 92 105 117 121 122 123 127 130 148 149 151 157 165
2010 34 42 44 45 48 58 62 73 92 102 115 117 123 131 136 151 157 166 169 176
2320 19 22 26 28 36 37 44 45 48 56 58 72 73 75 78 88 90 95 111 118
919 40 44 45 48 53 58 59 62 68 80 86 89 91 92 95 97 98 99 106 107
2323 38 48 53 58 68 72 78 88 95 96 117 120 131 143 147 149 150 151 155 161
2011 45 48 53 58 73 75 90 92 99 102 117 123 134 136 139 144 148 166 169 179
1089 48 53 57 58 62 65 66 88 107 116 117 118 123 147 148 149 150 157 161 165
46 22 23 28 32 33 36 37 38 48 53 57 73 76 82 85 90 95 96 99 110
1499 56 58 60 68 91 95 117 118 123 129 134 136 149 151 152 156 161 162 169 175
1369 29 35 36 48 49 52 53 58 73 82 95 103 111 116 117 123 129 130 134 136
1953 36 42 48 53 58 65 67 87 93 96 100 101 118 122 123 125 127 129 130 131
1672 92 110 120 123 131 139 149 150 157 163 166 169 175 187 192 195 199 202 204 216
2114 33 36 40 42 44 48 58 62 64 65 73 93 100 105 109 117 118 123 129 130
2193 58 62 65 87 93 105 110 117 118 123 125 129 130 136 138 139 146 148 149 157
1375 29 36 40 42 48 58 62 73 101 109 117 118 121 127 130 131 139 148 157 173
586 36 37 38 44 45 53 62 65 67 72 78 82 123 127 133 136 137 148 149 151
363 33 38 48 49 53 56 75 78 80 86 92 93 99 109 111 112 114 117 119 123
3252 45 48 73 78 92 116 121 123 136 142 149 153 155 157 163 169 175 181 187 192
3670 45 48 53 54 58 62 68 91 109 117 123 132 139 146 150 157 161 169 175 190
1287 58 59 114 118 131 132 139 146 149 151 157 165 169 173 179 190 205 208 216 220
315 42 44 48 53 58 60 64 73 93 103 113 117 118 136 137 139 147 148 149 157
922 62 67 88 97 102 107 120 131 136 140 146 149 158 161 166 169 170 173 184 193
3159 58 63 76 90 102 114 133 135 142 147 149 150 161 163 166 169 173 175 187 190
1241 58 62 96 105 107 117 118 123 125 130 131 139 147 149 161 163 169 173 174 179
735 45 48 52 53 58 60 65 90 92 93 101 117 118 123 129 134 137 147 148 151
1916 53 65 73 80 90 92 95 103 117 118 122 127 134 147 148 149 151 163 166 169
1293 53 58 62 65 81 91 97 107 109 118 123 139 146 149 150 155 157 161 169 173
3254 36 45 48 51 53 65 72 78 90 92 95 111 118 123 133 136 148 149 152 156
1731 53 73 74 82 95 110 129 131 132 136 137 150 151 157 163 166 181 187 190 191
3360 62 88 107 109 118 123 132 146 150 151 157 161 169 176 178 181 182 183 184 193
1395 53 58 62 95 117 129 134 136 138 144 147 149 157 160 184 192 198 199 202 203
2762 52 65 83 90 92 93 101 102 116 118 122 123 129 133 134 135 137 143 144 147
1257 62 81 94 107 116 123 131 136 139 146 149 150 166 173 175 181 190 195 202 208
2301 34 45 48 56 60 62 78 88 90 98 111 123 124 134 151 156 157 163 169 181
3447 45 48 53 58 62 65 73 116 117 118 123 136 139 143 146 147 151 157 167 169
1652 25 33 36 42 48 53 58 59 69 113 117 127 134 136 137 146 148 149 151 157
1607 52 53 65 73 92 93 95 103 117 123 129 133 134 143 147 148 149 157 162 166
1390 58 75 90 92 93 103 117 127 129 134 136 137 139 147 148 151 157 179 192 195
2691 23 24 25 30 35 39 49 53 58 59 63 68 73 76 83 93 102 105 110 111
2454 92 94 117 121 123 131 133 136 151 157 161 166 179 199 208 216 230 240 245 255
3080 39 48 63 70 77 83 92 117 119 131 133 135 136 137 148 150 162 163 166 186
3701 53 58 62 65 93 97 100 107 117 118 121 125 129 130 139 149 151 157 165 177
2267 23 26 33 48 53 62 65 82 95 96 99 110 111 116 123 129 133 137 144 148
594 26 33 35 36 48 49 53 58 65 75 92 93 102 112 114 117 119 131 136 137
348 36 42 44 48 49 52 53 82 93 95 100 103 117 118 130 137 139 143 147 148
968 42 44 45 48 53 58 59 62 65 91 93 97 100 106 107 123 126 136 140 146
3255 29 33 36 42 48 53 82 90 95 105 111 117 118 123 125 129 130 134 137 143
903 58 59 62 81 86 97 120 123 136 141 146 161 166 169 173 177 183 195 196 205
1233 54 59 81 97 99 109 118 120 123 138 139 146 148 149 150 157 159 161 169 173
596 36 37 48 62 65 72 73 80 123 131 133 137 146 148 151 156 157 163 166 169
1673 53 58 62 88 106 107 118 123 127 133 146 148 150 151 161 173 181 201 202 208
2053 40 44 45 48 53 58 62 73 75 83 92 93 102 109 117 123 136 146 147 148
912 59 62 74 81 83 90 97 102 107 112 123 137 140 141 146 157 169 172 173 183
2080 26 34 35 36 37 45 48 49 53 73 75 78 92 106 114 117 131 136 146 148
3702 49 53 58 62 73 93 107 117 118 121 122 125 129 130 139 148 149 151 157 165
10 62 72 78 88 111 118 123 131 136 137 143 147 148 151 156 157 169 175 178 183
1376 58 73 90 92 93 110 117 122 123 131 134 137 139 145 147 148 149 162 163 166
2889 57 58 69 76 95 123 127 131 136 137 142 147 148 149 150 157 161 163 166 181
3754 50 57 58 61 64 65 66 71 76 82 83 85 90 99 101 102 108 110 113 115
1027 35 44 45 48 53 59 73 74 75 92 96 109 114 117 119 136 139 146 166 173
2000 34 36 42 58 62 73 101 110 118 123 133 139 151 162 169 174 195 198 202 216