2857 1 0 1 0 1 0 1 0 1 0 0 0 1 1 0 1 1 0 1 1 1 1 1 1 0 1 0 1 0 0 1 0 0 1 0 1 1 0 0 1 0 0 0 0 1 1 1 0 0 1 1 1 0 1 0 0 1 0 0 1 1 0 0 1 0 1 0 0 0 1
259 0 0 0 0 1 1 1 0 0 0 0 0 0 1 1 1 0 1 1 0 1 1 1 0 1 1 1 0 1 1 0 0 0 1 0 0 0 0 1 1 1 1 1 1 1 0 1 0 1 0 1 1 0 1 1 0 0 1 1 0 0 0 0 0 1 0 0 1 0 1
1195 1 1 0 1 0 1 1 0 1 1 0 1 1 1 0 0 1 0 1 0 1 0 1 0 1 1 1 0 0 1 0 0 1 0 0 0 0 1 1 0 0 0 0 0 1 0 1 1 0 0 0 0 1 1 1 0 1 1 0 1 1 1 1 0 0 1 1 0 0 0
1209 1 1 1 0 0 1 0 1 1 0 1 0 0 1 0 1 0 1 0 0 1 0 1 1 1 1 0 0 0 0 0 1 0 1 0 0 1 1 1 0 1 0 1 1 1 0 0 1 1 1 0 0 0 1 1 0 0 0 1 0 1 0 1 0 1 1 1 0 0 0
479 1 1 1 0 1 1 0 0 0 0 1 0 0 1 1 1 0 0 1 0 1 0 1 1 1 0 0 0 1 1 1 0 0 1 1 1 0 1 0 0 1 0 0 0 0 0 1 1 0 0 1 1 1 0 0 0 0 1 0 1 1 0 1 1 0 0 0 1 1 1
2027 1 0 1 0 0 0 1 1 0 1 0 1 1 0 1 1 1 0 1 0 1 1 1 1 1 0 0 1 1 0 0 0 0 0 0 0 0 1 1 0 1 1 1 0 1 0 1 1 0 1 0 1 1 0 1 1 0 0 0 0 0 0 1 0 1 1 0 1 0 0
588 0 1 0 0 0 0 1 1 0 1 1 0 1 0 1 1 0 1 1 0 0 0 1 0 0 1 0 1 1 1 0 0 0 1 0 0 0 1 1 1 1 1 1 1 1 0 1 0 1 0 0 0 1 0 1 1 0 0 1 0 1 0 0 1 1 1 0 1 0 0
2570 0 0 0 1 1 1 1 1 1 1 0 0 1 1 0 0 0 0 0 1 0 0 1 0 1 0 1 1 0 0 1 0 1 1 1 1 1 0 1 1 0 1 1 0 1 0 0 0 0 0 1 0 1 1 0 1 0 1 0 1 1 0 0 0 1 1 0 0 1 0
1269 1 0 0 1 0 0 1 0 1 0 1 1 0 0 0 1 1 0 1 0 0 1 0 0 0 0 1 1 0 1 1 1 0 0 0 1 1 0 1 1 0 1 1 0 0 1 0 0 1 1 1 0 1 1 0 0 1 0 0 0 1 1 0 0 1 1 1 1 1 0
592 1 1 0 0 0 0 1 1 0 0 1 1 1 1 1 0 0 1 1 1 0 0 1 1 1 0 1 1 1 1 1 1 1 0 0 1 1 0 0 0 0 0 1 0 0 1 1 0 1 1 0 1 0 0 0 1 1 0 1 0 0 0 1 0 1 0 0 0 0 0
1579 0 1 1 1 1 1 1 0 1 0 1 0 0 1 0 1 1 1 1 1 0 0 1 0 1 0 1 1 0 1 0 0 0 0 0 0 0 1 0 0 1 1 0 1 1 0 1 1 0 0 0 0 1 0 0 0 1 0 0 1 1 0 1 0 1 1 0 1 0 1
1197 0 0 1 0 0 1 1 0 1 1 1 1 0 1 0 0 1 1 1 0 1 1 0 1 1 0 0 1 0 1 1 1 0 1 0 1 1 1 0 1 0 0 1 0 1 1 0 0 0 0 1 1 1 0 0 0 1 0 1 1 0 0 0 0 1 0 0 0 1 0
607 0 1 0 1 1 0 0 1 0 0 0 1 1 1 0 0 0 1 1 0 0 1 1 0 1 1 1 0 0 1 0 1 1 0 0 0 0 0 0 1 0 0 1 1 0 1 1 0 0 0 1 0 0 0 1 1 1 1 1 0 1 1 1 0 1 1 1 1 0 0
2761 1 0 0 1 1 1 1 0 0 1 0 1 0 1 0 1 0 0 1 1 0 1 0 1 1 0 1 1 0 0 0 0 1 0 1 0 1 1 1 1 0 0 1 0 0 1 1 1 1 0 0 0 0 1 0 0 0 1 1 0 0 1 0 0 0 1 1 1 0 1
109 0 0 0 0 0 1 0 0 1 1 1 0 1 0 1 1 1 1 0 1 0 0 1 1 0 0 1 0 1 1 1 1 0 1 1 1 1 0 0 0 0 0 1 1 1 0 0 1 0 1 0 0 0 1 0 0 0 1 1 0 1 1 1 0 0 1 0 1 1 0
2395 1 0 0 1 0 0 0 1 1 1 0 1 0 1 1 0 0 1 1 1 0 1 1 0 0 0 0 0 0 1 1 0 0 0 0 1 0 0 1 1 0 1 0 1 1 0 1 1 1 0 1 1 1 1 1 0 1 0 1 0 0 0 1 1 0 0 0 1 0 1
1196 1 1 0 1 1 1 1 0 1 1 0 0 0 0 0 1 0 0 1 0 1 0 0 1 1 1 1 0 0 1 1 0 1 0 0 1 0 0 1 0 1 0 0 0 1 0 1 1 1 0 0 1 1 1 0 1 0 0 0 0 1 0 1 0 0 0 1 1 1 1
526 1 0 1 0 0 0 0 1 1 1 1 0 1 1 0 0 0 1 1 1 1 1 0 1 0 0 1 1 0 0 0 0 1 1 1 1 1 1 0 1 1 1 0 1 0 1 0 1 0 0 1 0 0 1 1 1 0 1 1 0 0 0 1 0 0 0 0 0 0 0
1616 1 0 0 1 1 0 0 0 0 1 0 0 1 1 1 0 1 1 0 0 0 1 0 0 1 1 0 1 0 1 1 1 1 1 0 1 1 1 0 1 1 0 1 1 1 0 0 0 1 1 1 0 1 1 0 0 1 0 0 0 0 0 1 0 0 0 0 0 1 1
1264 0 1 1 1 0 0 0 0 0 0 1 1 0 1 0 1 1 0 1 1 1 0 1 1 0 1 0 0 0 0 1 0 1 1 1 1 0 0 1 0 0 1 0 1 0 0 0 0 1 0 0 1 0 1 0 0 1 1 1 1 0 1 1 1 1 1 0 0 0 1
1096 0 0 0 1 0 1 1 1 1 1 0 1 1 1 1 0 0 0 0 0 0 1 0 1 0 0 0 0 0 1 0 1 1 0 1 1 1 1 0 1 0 0 1 1 0 0 0 1 0 0 0 0 1 1 1 1 0 1 1 0 1 0 1 0 0 1 1 1 0 1
2627 0 1 1 1 0 0 1 1 1 0 0 0 1 0 0 0 0 1 0 0 0 0 1 1 1 0 0 1 1 1 1 1 1 0 1 1 0 1 1 1 0 0 0 0 0 0 0 1 1 1 0 0 0 1 1 1 0 0 0 0 1 0 1 1 1 0 1 1 0 1
2996 1 0 0 1 1 0 1 0 0 1 0 1 1 1 1 0 1 1 0 1 0 0 1 0 1 0 0 1 0 0 1 0 1 0 0 1 0 0 0 1 0 1 0 1 0 0 0 0 1 1 0 0 0 1 0 1 1 1 1 0 0 0 1 1 1 1 0 1 1 1
317 0 0 1 1 1 0 1 1 0 0 0 0 0 0 1 1 0 1 1 1 1 0 1 1 1 1 1 0 1 0 0 1 1 0 1 0 0 1 1 0 1 1 0 0 0 0 0 0 1 1 0 0 1 1 1 0 0 1 1 0 0 0 0 0 0 1 1 1 1 0
857 0 1 1 1 0 1 1 0 0 1 1 0 0 1 0 1 1 1 1 1 0 1 0 1 1 1 0 1 0 0 0 0 1 1 1 1 1 0 0 1 0 0 1 0 0 0 1 1 0 0 1 0 1 1 1 0 1 0 0 0 0 1 0 1 0 0 1 0 0 0
355 1 0 1 1 0 0 0 1 0 0 0 0 1 1 1 1 1 0 0 0 0 0 0 0 0 0 0 1 1 1 1 1 0 0 1 0 1 0 1 1 0 0 0 1 0 0 1 1 1 0 0 0 1 1 0 1 1 0 0 1 1 1 1 1 1 0 0 1 1 1
2715 1 1 0 0 1 0 1 1 0 1 1 0 1 0 0 0 0 0 1 1 1 0 0 1 1 0 0 0 1 0 0 1 1 1 1 1 1 0 1 0 1 0 1 0 1 1 0 1 1 0 0 1 0 1 0 0 0 1 0 0 0 1 0 1 0 0 1 1 1 0
295 1 1 0 0 1 1 0 0 0 0 1 1 0 0 1 0 0 0 0 1 0 1 1 0 1 0 0 1 1 1 1 1 0 0 1 0 1 1 1 1 1 1 0 0 1 0 1 1 0 1 0 1 1 1 0 0 1 1 1 0 0 0 0 0 0 1 0 0 1 0
1239 0 1 1 0 0 0 0 0 1 0 1 1 0 1 1 0 0 0 1 0 0 1 0 0 1 0 0 1 1 0 1 1 0 1 1 0 1 1 0 0 1 1 1 0 1 1 1 0 0 0 0 0 1 1 0 1 1 0 1 0 0 1 0 1 0 1 0 1 1 1
0 1 1 1 1 1 1 1 0 0 1 1 1 1 0 1 1 1 1 0 0 0 0 1 1 0 0 1 0 0 0 1 0 1 0 0 0 0 0 0 1 0 1 1 1 0 1 1 0 0 1 1 1 0 1 0 1 0 0 0 0 0 1 1 0 1 0 0 1 0 0
1213 1 1 1 1 0 0 1 0 1 0 0 0 1 1 1 1 0 0 0 1 1 0 0 0 0 0 1 1 1 1 0 1 1 0 0 1 0 1 0 0 0 1 0 0 0 0 1 0 0 1 1 1 1 1 1 1 1 1 0 0 0 1 0 0 1 0 1 0 0 1
2915 1 1 0 1 0 1 0 0 0 0 0 0 0 0 1 0 1 1 1 0 1 0 0 1 1 1 1 0 0 0 0 1 0 0 0 0 0 0 1 0 1 1 0 1 0 0 1 1 1 0 1 1 0 0 1 1 1 1 1 1 1 1 0 0 0 0 1 1 1 1
456 0 0 1 0 1 1 0 1 1 1 1 0 1 1 0 1 0 0 0 0 0 1 1 1 1 1 0 0 1 0 1 0 0 1 0 1 0 1 1 1 1 0 0 0 0 0 1 1 0 1 0 0 1 0 1 0 0 0 1 1 1 1 1 0 1 1 0 0 0 0
3577 0 0 0 0 1 0 1 0 0 1 0 1 0 1 0 0 1 1 1 1 0 1 1 0 0 1 1 0 1 1 0 1 0 0 1 0 0 0 0 1 1 1 1 0 0 1 0 1 1 1 0 1 0 0 1 0 1 1 1 1 0 0 0 0 1 1 1 1 0 0
1199 1 0 0 1 0 1 0 1 0 1 0 0 0 0 0 1 0 0 1 1 0 0 0 0 0 0 0 1 0 0 1 0 1 1 0 1 1 0 1 1 0 1 1 0 1 1 1 1 1 1 0 0 1 0 0 1 1 0 0 0 1 1 1 0 0 1 1 1 1 1
540 0 0 0 0 0 0 1 0 0 1 1 1 0 1 0 1 0 0 1 0 0 1 0 0 0 0 1 0 0 1 1 0 1 1 1 1 1 0 1 1 1 1 1 0 0 0 0 1 0 1 0 0 0 0 1 1 1 1 1 1 1 1 1 1 1 0 0 1 0 0
2986 1 0 1 0 1 0 1 0 1 1 0 1 1 0 1 0 0 1 1 1 0 0 1 1 0 1 0 0 0 1 1 1 0 0 0 0 1 0 1 1 0 1 1 0 0 1 1 0 1 0 0 1 0 0 0 0 1 0 1 1 1 0 0 0 1 0 1 1 0 1
1258 1 1 0 0 1 0 1 1 0 0 1 0 1 1 1 0 0 0 1 0 1 0 0 1 0 1 0 0 0 1 0 0 1 1 0 0 1 0 0 1 0 1 0 0 1 1 0 0 0 1 1 1 1 1 1 0 1 0 1 0 1 0 0 1 0 1 0 1 1 1
49 0 0 1 0 0 1 1 1 1 0 0 0 0 1 1 1 0 1 0 1 0 0 0 0 0 1 1 1 1 1 1 1 0 0 1 1 0 0 0 1 1 1 0 0 0 1 1 1 1 0 1 1 0 1 0 1 0 0 1 1 0 0 0 1 0 1 0 0 1 0
33 1 0 0 1 1 0 1 0 1 1 1 0 0 1 1 0 0 1 1 0 0 1 1 0 0 0 0 1 0 1 1 1 0 0 0 1 0 1 1 1 0 0 0 1 0 0 0 0 1 0 1 0 1 1 1 0 1 1 0 1 1 1 1 0 1 1 0 0 0 0
2790 0 1 0 1 0 0 0 1 0 1 1 0 0 0 1 0 0 0 1 0 0 0 1 0 1 0 0 0 0 1 0 1 1 1 1 1 1 0 0 1 0 1 0 0 0 1 1 1 0 1 1 1 1 0 1 0 1 1 1 0 1 1 0 1 0 1 0 0 1 1
779 1 0 1 1 0 1 0 1 1 0 0 0 1 0 1 1 0 0 0 0 0 1 0 0 0 1 1 0 1 0 0 0 0 1 1 0 0 1 1 0 1 0 0 0 1 1 1 1 1 1 0 1 0 1 0 0 1 0 1 1 0 1 1 1 0 1 1 0 0 1
3174 1 1 0 0 1 1 0 0 1 1 0 0 1 0 1 0 1 1 1 1 1 0 0 1 1 1 0 1 1 0 0 1 0 0 1 1 1 0 0 1 0 1 1 0 0 0 0 1 0 0 0 0 1 1 0 1 1 1 0 0 1 1 0 0 1 0 0 0 1 0
1192 1 0 0 1 1 0 1 0 1 1 0 0 1 1 1 1 0 1 1 0 0 1 0 1 1 1 0 0 0 1 1 1 1 0 1 0 0 0 1 0 0 1 1 0 0 0 0 1 0 1 1 1 0 1 0 0 0 1 1 1 0 0 0 1 0 0 1 1 0 0
918 1 1 0 0 0 1 1 1 1 1 1 0 1 1 1 0 1 1 0 0 0 1 0 0 0 1 0 0 0 0 1 0 0 1 1 1 1 1 0 1 0 1 1 1 0 1 0 1 0 1 0 0 0 1 0 0 0 1 1 0 0 0 0 0 1 0 1 1 0 1
923 0 0 0 0 1 0 1 0 1 1 1 1 1 0 1 1 0 0 1 1 0 1 1 0 1 0 1 0 1 0 1 0 0 1 1 1 0 1 1 1 1 0 0 0 0 0 1 0 0 1 1 0 0 0 1 0 1 1 0 0 1 0 0 1 1 1 0 1 0 0
1126 0 1 1 1 1 1 0 1 0 0 0 1 0 0 0 1 1 0 0 0 0 1 0 1 0 1 1 0 1 1 1 1 1 0 1 0 0 0 1 0 1 1 0 1 0 0 0 0 0 1 0 1 0 1 1 0 0 1 0 0 1 1 1 0 0 1 1 0 1 1
2354 0 1 0 0 1 1 0 0 0 1 1 1 1 1 0 0 1 1 0 0 0 0 1 0 0 0 1 1 1 0 0 1 0 1 0 0 1 1 1 1 1 1 1 0 0 0 1 1 1 0 0 1 0 0 1 0 1 1 0 1 0 1 0 0 1 1 1 0 0 0
1386 0 1 0 1 1 0 0 1 0 0 1 1 0 0 0 0 1 1 1 0 0 1 0 1 0 1 0 1 1 0 0 0 0 1 0 0 1 1 0 0 0 1 0 0 0 1 1 1 1 1 1 0 1 1 0 1 1 1 0 1 0 1 0 1 0 0 1 1 0 1
1220 1 1 0 0 0 0 1 1 0 0 0 1 1 1 0 1 1 0 0 1 1 1 1 0 1 0 0 1 1 1 1 0 0 1 1 0 0 1 0 0 1 1 0 0 1 1 1 0 1 1 1 0 0 0 0 0 1 0 1 0 1 1 0 1 1 0 0 0 0 0
911 0 0 1 1 1 1 0 0 0 1 1 1 0 0 0 1 1 1 0 0 0 1 1 1 1 1 0 1 1 0 1 1 1 1 0 0 1 0 0 1 0 0 0 0 1 0 1 0 1 0 0 1 1 1 1 0 0 0 1 1 0 1 0 0 0 0 1 1 0 0
1035 0 1 0 0 0 0 1 0 1 1 0 0 0 0 0 1 1 1 1 0 1 0 0 0 0 1 1 1 0 0 1 1 1 1 1 0 0 0 0 0 0 1 1 1 0 1 0 1 0 1 0 1 1 1 1 0 1 0 1 0 0 1 1 0 1 0 1 1 1 0
1212 0 1 1 1 0 0 0 0 1 0 0 0 0 0 0 0 1 0 0 1 1 0 1 1 0 1 0 1 1 1 0 0 1 1 1 1 1 1 1 1 1 1 1 1 0 0 0 0 1 0 1 0 0 1 1 0 0 1 1 0 1 0 0 1 0 0 1 1 0 0
1609 1 0 1 1 0 1 0 0 0 1 1 0 1 0 1 1 1 0 0 0 1 1 0 0 1 0 0 1 1 1 1 1 0 0 0 1 1 0 1 1 0 1 0 1 1 1 0 0 0 1 0 1 1 0 1 1 0 0 1 0 0 0 0 0 1 0 1 0 0 1
376 0 0 0 1 0 0 1 0 1 1 0 1 0 1 1 1 0 1 1 1 0 0 0 1 0 1 0 0 0 1 0 0 0 0 0 1 1 0 1 0 1 0 1 1 1 1 0 0 0 0 1 0 1 1 0 1 1 1 1 1 0 1 0 0 0 1 1 0 1 1
1290 1 0 1 0 1 0 0 1 0 0 0 0 1 1 0 0 0 0 1 1 0 1 1 1 1 0 0 1 1 0 0 0 0 0 1 1 0 0 1 0 0 0 0 1 0 1 0 0 1 1 0 1 1 1 1 1 0 1 1 0 1 1 1 1 1 1 0 1 0 0
1999 0 1 1 1 0 1 0 0 1 1 1 0 0 0 1 0 1 1 0 1 1 0 0 0 0 0 1 1 0 1 0 0 1 0 0 0 0 1 0 1 1 0 1 0 0 0 1 0 1 1 1 0 0 1 0 1 1 1 1 1 0 0 1 1 1 0 0 1 0 1
1135 1 0 0 1 0 0 1 0 1 1 1 0 0 0 0 1 1 1 0 1 0 1 0 1 1 0 1 1 1 0 1 1 0 1 0 0 0 0 1 1 1 0 0 0 0 0 0 0 0 0 1 1 1 1 1 0 1 1 1 0 1 1 1 0 0 0 1 1 0 0
3113 0 0 1 0 1 0 0 0 1 0 1 0 1 1 0 0 1 1 1 0 1 0 0 0 1 0 1 1 1 1 1 1 0 1 1 0 0 0 1 0 0 0 1 0 0 1 0 1 0 1 0 0 1 0 1 0 1 0 0 1 1 1 1 1 0 0 1 1 0 1
1306 1 0 0 1 0 0 0 1 1 0 1 1 1 0 1 1 0 0 1 1 1 1 1 1 0 1 0 1 1 0 0 0 1 0 0 1 0 1 1 0 0 0 1 0 0 1 0 1 0 0 0 1 0 0 0 1 1 0 1 0 0 0 1 1 1 1 0 0 1 1
1703 0 0 1 0 1 1 0 0 1 1 0 0 0 0 1 0 1 0 1 1 0 0 1 0 1 0 0 0 0 1 1 0 1 0 0 1 1 0 1 1 0 1 1 1 1 1 1 0 0 1 0 0 1 0 0 0 1 1 0 1 1 1 0 0 0 1 1 1 0 1
1720 0 1 0 1 1 0 0 1 1 0 1 1 1 0 1 1 1 0 0 1 1 0 1 0 0 1 0 1 1 0 0 1 0 1 1 1 0 0 0 0 0 0 0 0 0 0 1 1 1 0 1 1 0 0 0 1 1 1 1 0 0 0 1 1 0 1 1 1 0 0
1967 0 1 0 1 0 1 0 0 1 1 1 1 1 1 0 1 1 0 0 0 0 0 0 1 1 0 0 0 1 0 0 1 0 1 0 1 1 1 0 0 0 1 1 1 1 1 0 0 0 0 1 1 1 1 1 0 0 1 0 0 0 0 1 0 1 0 1 0 1 1
647 1 0 0 1 0 0 1 1 0 0 0 1 1 0 0 1 0 0 1 0 0 1 0 0 0 0 0 1 0 1 0 1 0 1 0 1 1 1 0 0 0 1 0 1 1 1 0 1 0 0 0 1 1 1 1 1 1 1 0 1 1 0 1 1 0 1 0 0 1 1
2598 0 0 0 0 0 1 0 1 0 0 0 1 0 0 1 1 1 1 0 0 1 0 1 1 0 0 1 0 1 1 1 0 0 0 0 1 0 1 0 1 1 1 1 0 0 1 0 0 1 0 0 0 1 0 1 1 1 0 0 1 1 0 1 0 1 1 1 1 1 1
31 1 0 0 1 1 0 1 1 0 0 0 0 0 0 0 1 1 0 1 1 0 1 1 1 0 0 1 1 1 1 1 1 0 0 1 0 1 0 0 0 0 1 1 1 0 0 0 0 0 0 0 1 1 1 1 0 1 0 0 0 1 0 1 0 0 1 1 1 1 1
3792 0 0 0 1 0 0 0 1 0 0 1 0 1 0 1 0 0 0 1 0 0 0 1 0 0 1 0 0 1 1 0 0 1 1 0 1 1 1 1 1 0 1 1 0 1 1 0 1 0 1 1 1 0 1 0 0 1 1 0 1 0 0 1 1 1 0 1 0 1 1
2173 0 0 1 1 1 1 0 1 0 0 1 0 1 1 1 0 0 1 1 0 1 1 1 0 1 0 0 0 1 0 1 1 0 0 0 1 0 0 1 0 1 0 1 1 1 1 1 0 0 1 0 1 0 0 0 0 1 1 1 0 0 0 0 1 0 1 0 1 1 0
2796 1 1 1 0 0 0 1 1 1 0 0 0 0 0 1 1 0 0 0 0 0 1 1 1 0 1 1 1 1 0 1 1 1 0 1 0 0 0 0 1 0 0 1 1 0 1 0 1 1 0 1 0 0 1 1 1 0 1 1 1 0 0 1 1 0 0 0 1 0 0
2290 1 0 1 1 0 1 0 1 1 1 0 1 0 0 1 0 1 0 0 0 1 0 0 0 0 0 1 1 0 1 0 1 0 1 0 0 1 0 1 0 1 0 0 1 0 0 1 1 0 1 1 0 0 1 0 1 1 0 0 1 1 1 1 0 1 0 1 1 1 0
2917 0 0 1 0 1 1 0 0 0 0 1 0 1 1 1 1 1 0 1 1 1 0 0 1 0 0 1 0 0 0 1 0 0 0 0 0 0 1 1 1 1 0 1 1 1 1 0 1 1 0 0 1 1 0 0 0 0 1 1 1 1 1 1 0 0 1 0 1 0 0
589 1 1 0 1 1 1 1 0 0 1 0 1 0 1 0 1 0 1 0 1 0 1 0 0 0 0 1 0 1 1 0 1 0 1 0 1 0 1 1 0 1 0 0 1 0 0 1 1 0 0 1 0 0 1 1 1 0 0 1 0 1 1 1 0 0 1 1 0 0 0
2958 0 0 0 1 1 1 1 0 0 1 1 1 1 1 1 1 0 1 1 1 1 0 1 1 1 0 1 0 0 0 0 1 0 0 1 1 0 0 0 1 1 0 0 0 0 1 0 0 1 0 1 0 1 0 1 0 0 0 0 1 0 0 1 1 1 0 0 0 1 1
3470 0 0 1 0 0 0 1 0 0 1 1 1 1 0 1 1 1 1 1 0 1 0 1 1 0 0 1 1 0 1 0 0 1 1 1 0 1 0 1 0 1 1 0 1 0 1 1 1 0 0 0 1 1 0 0 0 0 1 0 0 0 0 0 0 0 1 1 0 1 1
1373 1 1 1 1 1 0 1 1 1 0 0 0 1 1 1 1 0 0 1 1 1 1 1 0 0 1 0 1 0 0 0 0 0 0 0 0 0 1 0 1 0 0 0 0 0 0 0 0 0 1 0 1 0 1 1 1 1 0 0 0 1 1 1 1 1 1 0 0 1 1
1393 0 1 1 1 0 0 0 0 1 0 0 1 0 0 0 0 0 1 1 0 0 1 1 0 1 1 0 0 1 1 1 1 1 1 1 0 0 1 0 1 0 1 1 0 0 1 1 1 1 1 0 0 0 1 0 1 1 1 0 0 0 1 0 0 1 0 0 1 1 0
2682 0 1 1 1 0 0 0 1 1 1 1 0 1 0 1 1 1 1 0 0 1 0 1 0 0 0 1 1 1 1 0 0 1 0 0 0 1 1 0 1 0 1 0 1 1 0 0 1 1 0 0 1 1 0 0 1 0 0 1 0 0 1 0 0 1 1 0 0 0 1
591 0 1 0 0 1 1 0 0 0 1 1 1 0 0 0 1 1 1 1 1 0 1 1 1 0 0 0 0 1 1 1 0 0 0 1 1 1 1 0 1 0 0 0 1 1 0 0 0 1 0 1 0 1 1 1 0 0 0 0 1 0 1 1 0 1 0 0 1 1 0
1783 0 1 0 1 0 1 1 1 0 1 0 1 1 0 1 0 0 0 1 0 1 0 0 1 0 1 0 1 1 1 0 1 0 0 1 0 1 0 0 1 1 1 1 1 1 1 0 0 1 1 1 0 0 0 0 0 0 1 1 0 1 0 0 1 1 0 1 0 0 0
1572 1 0 1 0 0 1 0 0 0 0 0 0 1 1 1 0 1 1 0 0 1 1 1 0 1 1 0 1 0 1 1 0 0 0 1 1 0 0 0 1 1 0 1 1 1 0 0 1 0 1 0 0 1 0 1 0 1 1 0 0 1 1 1 1 0 0 0 1 1 0
1303 1 1 0 1 1 1 0 1 1 1 1 0 0 0 1 0 0 1 0 0 0 1 1 1 1 1 1 0 0 0 0 0 0 1 1 0 0 0 0 0 0 0 1 1 1 1 0 1 1 1 0 1 0 1 1 0 1 0 0 0 1 1 0 0 1 0 1 0 0 1
3417 0 1 0 0 0 0 1 1 1 0 1 0 1 1 0 0 1 0 1 1 1 1 0 1 0 0 0 1 0 0 1 1 1 1 0 1 0 1 0 1 1 0 1 1 0 1 1 0 0 0 0 0 0 1 0 1 1 0 0 0 0 0 0 1 1 1 1 0 1 1
222 1 1 1 1 0 0 0 1 0 1 1 0 0 1 0 0 0 0 1 1 0 1 1 1 1 0 1 0 0 1 1 0 0 0 1 0 1 0 0 0 1 0 1 0 0 1 1 1 0 0 0 0 1 1 1 0 1 0 1 1 1 0 1 0 1 0 0 1 0 1
379 1 0 1 1 1 1 0 1 1 0 0 1 1 0 1 1 1 0 0 1 0 1 1 1 1 0 0 1 1 0 0 1 0 0 1 1 0 0 0 1 1 0 0 0 0 1 0 0 1 0 1 0 1 0 0 0 0 1 0 0 0 0 1 1 0 0 1 1 1 1
2705 1 1 0 0 1 1 0 0 1 0 0 0 0 0 1 0 1 1 1 0 0 0 0 0 0 0 1 0 1 1 0 0 1 0 0 0 1 1 0 1 1 1 0 0 1 1 1 1 1 0 0 0 1 1 0 0 1 1 1 0 1 0 0 1 1 1 1 1 0 1
1224 1 1 1 0 0 1 1 0 0 1 1 0 1 0 0 0 0 0 0 1 1 1 0 1 1 0 0 0 0 1 1 0 0 1 0 1 1 1 1 1 1 0 1 0 1 1 0 0 0 0 0 1 1 0 1 1 0 0 1 0 1 0 1 1 0 1 1 0 0 0
1583 0 0 0 1 1 0 0 1 1 1 1 1 0 1 1 0 0 1 1 0 1 0 0 0 1 1 0 1 0 1 0 1 1 1 0 0 1 1 0 1 1 0 0 0 0 1 0 1 1 0 1 1 0 1 0 0 0 0 0 1 0 1 0 1 0 1 0 1 0 1
1526 1 1 1 1 0 0 1 0 1 0 0 0 1 1 0 1 1 0 0 1 0 1 0 1 1 0 1 1 0 1 0 0 0 0 0 0 1 0 1 1 1 0 0 1 1 1 0 0 1 1 0 0 1 1 1 1 0 1 0 0 0 0 1 1 0 0 1 1 0 0
3480 1 1 1 1 0 0 1 1 0 0 0 0 0 1 0 1 0 1 1 1 1 0 0 0 0 1 0 1 1 0 0 1 0 0 0 1 0 0 0 0 0 0 1 0 0 1 1 0 1 1 1 1 1 0 0 1 1 1 0 1 1 1 1 1 1 1 0 0 0 0
1922 1 0 1 0 0 1 0 1 1 1 1 0 0 0 0 1 1 0 1 1 0 0 1 0 1 1 0 1 0 0 1 0 0 0 1 1 1 0 1 1 1 0 0 0 0 1 1 1 1 0 1 1 0 0 0 0 1 0 0 1 1 1 0 0 0 0 1 1 1 0
749 0 1 1 0 0 0 1 0 0 1 1 1 1 1 1 1 0 0 1 0 0 0 0 0 1 0 1 1 1 1 1 0 1 0 0 1 1 0 0 0 0 1 1 1 0 0 1 0 0 0 1 1 1 1 0 1 0 1 1 0 1 0 0 1 1 1 0 0 0 0
2698 1 0 1 0 0 0 1 0 0 1 0 1 1 1 1 0 1 0 0 0 1 1 0 0 0 0 1 1 0 1 1 1 1 1 0 1 1 1 1 1 0 1 1 1 1 0 0 1 0 1 0 0 1 0 0 0 1 1 0 1 0 1 0 0 0 0 1 0 0 0
38 0 1 0 0 1 1 1 1 1 0 1 0 0 0 1 0 1 1 0 0 1 0 1 0 0 1 0 0 0 1 1 1 0 1 1 1 0 0 1 1 0 0 1 0 0 0 1 0 1 0 0 0 1 1 0 0 0 1 1 1 1 1 1 0 0 0 1 0 1 1
20 1 1 0 1 1 0 0 1 0 1 0 0 0 1 0 1 1 1 0 0 0 1 1 1 1 1 1 0 0 0 1 1 0 0 0 0 0 0 1 1 1 1 0 1 0 0 1 0 0 1 1 0 0 0 1 0 1 1 0 0 1 0 1 1 1 0 0 1 1 0
1392 0 0 1 1 1 1 0 0 1 1 1 0 1 0 0 0 0 0 1 0 0 0 1 0 0 0 0 0 1 0 1 1 1 0 0 1 1 1 1 1 0 0 1 0 1 0 0 0 0 0 1 0 0 0 1 1 1 1 1 1 0 1 1 1 0 1 1 0 1 1
2803 1 1 0 0 1 0 0 0 0 1 0 1 0 0 1 0 1 1 0 1 0 0 1 1 0 0 1 0 0 0 0 1 1 0 1 1 1 0 1 0 0 0 1 0 1 0 1 0 0 0 1 1 1 1 1 1 1 1 1 0 0 1 1 0 1 1 1 0 0 0
587 0 0 0 0 1 1 1 1 1 0 1 1 1 1 0 0 1 0 0 1 1 0 1 1 1 0 0 1 1 0 0 0 1 0 1 0 1 1 0 0 1 1 1 0 0 0 0 0 1 1 1 0 0 1 0 0 0 1 0 1 0 1 0 0 1 1 0 1 0 1
2405 0 1 0 1 0 1 0 0 1 0 0 0 1 0 1 0 1 0 1 0 1 1 1 1 1 0 0 1 1 1 1 0 0 0 1 1 1 1 0 1 0 1 0 0 0 0 1 0 1 0 1 1 0 1 0 0 1 0 0 1 0 0 1 0 1 0 0 1 1 1
1219 0 0 0 0 0 0 1 0 1 1 0 0 0 0 0 0 1 1 1 1 0 1 1 1 1 0 0 0 0 0 1 1 0 0 1 1 0 0 1 1 1 1 1 0 1 1 1 1 1 1 1 1 1 1 0 0 0 1 1 0 0 0 0 0 1 0 1 1 0 0
732 1 1 1 0 0 0 0 0 1 1 1 0 1 0 1 0 1 1 1 0 1 1 0 0 0 0 1 1 0 1 0 0 1 1 0 1 0 0 0 1 0 1 0 0 1 0 1 0 0 0 0 1 0 1 0 1 0 1 1 0 0 1 1 1 1 0 0 1 1 1
1229 0 1 0 1 0 1 0 0 0 1 1 0 0 0 1 0 1 1 1 1 0 0 0 1 0 0 1 1 1 0 0 1 1 0 0 1 0 1 0 1 1 1 0 0 1 1 0 1 1 0 1 1 0 0 1 0 0 1 0 1 1 1 0 0 1 0 0 0 1 1
3175 0 0 1 0 1 0 0 0 1 0 1 1 1 1 1 1 1 1 0 0 0 1 1 1 0 1 1 0 0 1 1 1 1 0 0 0 1 0 0 1 0 1 1 0 1 1 0 0 1 1 1 1 0 0 0 1 0 0 0 0 0 1 0 0 0 1 1 0 0 1
1960 1 1 1 1 0 1 1 0 0 1 1 0 1 0 0 1 1 1 1 0 1 1 1 1 0 1 1 0 0 1 0 0 0 0 0 0 0 1 1 1 0 0 0 1 0 1 0 0 1 0 1 0 0 0 0 0 1 1 0 1 1 1 1 1 0 0 0 1 0 0
3750 0 1 0 0 0 1 0 1 0 1 1 0 1 1 1 1 1 1 0 1 1 1 0 1 1 1 0 1 0 0 1 0 0 1 0 0 1 1 0 0 0 1 1 0 1 0 0 1 1 0 1 1 0 1 1 0 1 1 0 0 0 0 0 0 1 1 0 0 0 0
1078 0 0 1 1 1 1 0 1 1 1 0 1 0 0 1 1 0 1 1 1 1 0 0 1 1 0 1 1 0 0 0 1 1 0 1 0 1 0 0 0 1 0 1 1 0 0 0 1 0 1 1 0 1 0 0 1 0 1 0 0 1 0 1 0 0 0 0 0 1 1
907 1 1 1 1 1 0 0 0 0 0 1 0 0 0 0 1 0 1 1 0 0 0 0 0 1 1 0 1 1 0 1 1 1 1 1 1 1 0 1 0 1 0 0 0 1 0 1 1 0 1 0 1 1 0 0 1 0 1 0 1 1 0 1 1 0 0 0 0 1 0
3407 1 1 0 0 0 1 1 0 1 1 0 1 1 1 0 0 0 0 0 0 1 0 1 0 1 0 0 1 0 0 0 0 0 0 0 1 0 1 1 1 1 1 1 0 0 1 1 0 1 1 1 1 0 1 0 1 0 0 0 0 1 1 1 0 0 1 1 1 0 1
1072 1 1 0 1 1 0 0 0 0 1 0 1 1 0 0 1 0 0 1 0 0 1 0 0 0 0 1 0 0 0 1 1 1 0 1 1 1 0 0 0 1 1 0 1 0 1 1 0 0 0 1 1 1 0 1 0 1 1 0 0 0 1 0 1 0 1 1 1 1 1
3622 1 1 1 1 1 1 0 0 0 0 1 1 1 0 0 0 0 1 0 1 1 0 1 0 1 1 1 1 0 0 0 0 1 0 0 1 1 0 0 1 0 0 0 0 1 1 0 1 0 0 0 1 0 0 1 0 1 1 0 1 1 0 1 1 0 0 0 1 1 1
1355 1 1 0 1 1 0 1 0 0 0 1 0 1 1 1 1 0 0 0 0 1 1 0 1 0 0 0 0 0 1 0 1 1 0 0 1 0 0 0 1 1 0 1 1 0 1 1 0 0 1 1 1 1 1 0 0 1 1 0 1 0 0 1 1 1 0 0 0 1 0
3526 1 1 1 0 0 1 1 0 1 0 0 1 0 0 0 1 1 1 0 0 1 0 1 1 0 1 1 0 0 0 0 1 1 1 1 0 0 1 1 0 0 1 1 0 0 1 0 1 0 0 1 1 1 1 0 0 0 1 1 1 1 0 0 1 1 0 0 0 0 0
2699 1 1 0 1 0 0 1 1 0 1 1 1 0 0 0 0 1 1 1 0 0 1 0 0 0 0 1 1 1 0 1 1 0 1 1 0 1 1 0 0 0 0 1 1 1 1 1 0 1 0 1 1 0 1 0 0 0 1 0 0 1 1 0 0 0 1 0 0 1 0
1218 0 1 1 0 1 1 0 1 1 1 0 0 0 0 1 0 0 0 0 1 1 1 1 0 1 1 0 0 1 1 0 1 0 1 0 0 1 1 0 0 0 1 0 1 1 1 1 1 1 1 0 0 0 0 1 1 0 0 0 0 0 1 0 0 1 1 1 0 0 1
1246 1 0 1 0 1 0 1 0 0 1 1 1 1 1 1 0 0 1 1 0 0 0 1 1 1 1 1 0 1 0 1 0 1 1 1 0 1 1 0 0 0 0 1 1 0 1 0 0 0 0 1 0 1 1 0 0 0 0 0 0 0 1 1 0 0 1 1 0 1 0
1088 0 0 1 0 0 1 1 1 0 0 1 0 0 1 1 1 0 0 1 1 1 1 0 0 1 1 0 1 0 1 0 0 0 1 0 1 0 1 0 0 1 0 1 0 0 1 0 1 1 1 0 1 1 1 0 0 1 0 1 0 1 0 0 1 1 0 1 0 0 1
1543 0 1 1 0 0 1 1 1 0 0 1 1 0 0 0 1 1 0 1 1 1 0 1 0 1 0 0 0 1 1 1 1 1 0 1 1 1 1 1 0 0 0 0 0 0 0 0 1 0 0 0 1 0 0 1 0 0 0 1 0 1 1 1 0 0 0 1 1 1 1
1221 0 0 1 1 1 0 1 0 0 1 1 1 1 0 0 0 0 1 1 0 0 0 1 0 1 1 0 1 1 1 1 1 0 0 1 1 1 1 0 1 0 0 0 1 1 0 0 1 1 0 0 0 0 0 0 1 0 1 0 0 0 1 0 1 0 1 1 0 1 1
149 1 0 0 0 1 1 0 1 0 0 1 1 1 1 1 0 1 1 1 1 1 0 0 1 0 1 0 1 0 1 1 0 0 0 0 1 0 0 0 1 1 1 1 0 0 1 1 0 0 1 0 0 0 1 1 0 0 1 0 0 1 1 0 1 0 1 0 0 1 0
110 0 1 0 0 0 1 1 0 1 1 1 0 0 1 0 1 0 1 0 1 0 0 0 1 1 0 0 1 1 1 0 1 1 1 0 1 1 0 1 1 1 0 0 1 0 0 0 1 0 1 1 0 1 0 0 0 0 1 0 0 0 0 1 1 1 1 0 0 1 1
3752 0 0 1 1 0 0 1 1 0 0 1 1 0 0 1 1 1 0 0 0 1 0 0 0 1 1 1 1 0 0 0 0 0 0 1 0 1 0 0 0 1 1 1 1 1 0 0 1 0 1 0 1 1 1 0 0 0 1 1 1 0 1 1 1 1 0 1 1 0 0
2709 1 0 1 0 1 0 0 0 1 0 1 1 1 0 0 1 1 1 1 0 1 1 1 0 0 0 0 0 1 0 0 0 0 1 0 0 0 0 0 1 1 0 0 0 1 0 1 1 1 1 0 1 1 0 0 1 1 0 0 1 1 1 1 1 1 0 0 0 1 1
356 0 0 1 0 1 1 1 1 1 1 0 1 1 0 0 1 0 0 1 0 0 1 1 1 0 1 1 0 0 0 0 1 1 1 1 1 0 1 0 1 1 0 1 0 0 0 0 1 0 0 0 1 0 1 1 1 0 0 0 1 0 1 1 0 1 0 1 0 0 0
2656 1 1 0 1 1 0 1 1 1 1 1 0 0 1 0 0 0 0 1 1 0 1 0 1 0 1 0 1 1 0 1 0 0 0 0 0 1 0 0 0 1 0 1 1 1 1 1 0 1 0 0 1 0 1 0 0 0 0 1 1 1 1 1 0 1 0 0 1 0 0
1093 1 1 1 1 1 1 1 0 1 0 0 1 1 0 1 1 1 0 1 1 0 0 0 0 0 1 1 0 0 0 1 0 1 0 0 0 1 1 1 1 1 0 0 1 0 1 1 1 0 1 1 0 0 0 0 1 0 1 0 0 0 0 0 1 0 0 1 0 0 1
1205 1 0 1 1 1 0 1 1 1 0 0 0 1 0 1 0 0 0 1 0 0 1 1 0 0 1 0 1 0 1 0 1 0 1 1 0 1 1 1 0 0 1 1 0 1 0 0 0 0 1 0 0 0 1 1 1 0 0 0 0 1 1 1 0 0 1 0 1 1 1
2984 1 0 0 0 1 0 0 1 1 0 0 1 1 1 1 1 1 0 1 0 0 0 0 0 0 1 0 0 1 1 0 0 1 1 1 1 1 0 0 0 1 0 1 0 1 1 1 0 1 1 0 0 1 0 0 1 0 1 0 1 0 0 0 1 0 1 0 1 1 1
2639 1 1 0 1 0 0 1 1 0 1 0 1 0 0 1 1 0 0 1 0 1 0 0 0 0 1 1 1 0 0 1 1 1 1 1 1 0 0 1 1 1 1 1 1 1 1 1 0 0 1 0 0 0 1 0 0 0 0 1 0 0 0 0 0 1 0 0 1 1 0
3146 0 1 1 0 1 0 0 1 1 1 0 0 1 1 0 0 1 0 1 0 1 0 1 0 0 0 0 1 0 1 0 0 0 0 0 1 1 0 0 0 0 1 0 0 1 1 0 1 1 1 1 0 1 0 1 0 1 0 1 1 1 0 0 1 1 1 1 1 0 1
2394 0 0 0 1 0 1 1 0 1 1 0 1 0 1 0 0 0 1 1 1 0 0 1 0 0 1 0 0 0 1 1 0 1 0 0 1 0 0 0 1 0 0 0 0 1 0 1 1 0 1 1 1 0 1 1 1 1 0 1 1 0 1 0 0 1 1 1 1 1 0
3420 1 0 1 1 1 1 0 1 1 0 0 0 1 1 1 0 1 0 0 1 0 0 0 1 1 0 0 0 1 0 0 1 1 0 0 0 1 0 0 1 1 1 1 1 0 0 0 1 0 1 0 1 1 1 0 0 1 0 1 0 0 0 1 0 1 0 1 0 1 1
1516 0 1 1 1 0 0 0 0 0 1 0 1 1 0 1 0 0 1 1 0 0 1 0 0 0 0 0 1 1 1 1 0 0 0 1 0 1 0 1 1 1 1 0 0 0 1 1 0 0 1 1 1 0 1 1 0 0 1 1 1 0 1 1 0 1 1 0 0 0 1
1640 1 0 1 0 0 1 1 0 0 0 1 0 0 0 0 1 0 0 0 1 0 1 1 1 0 1 0 0 0 1 0 1 0 1 1 0 1 0 1 1 0 0 0 0 1 0 1 1 1 1 1 0 1 0 1 1 0 1 1 0 1 1 0 1 0 1 1 0 0 1
1277 1 1 1 1 0 0 0 1 0 1 0 0 1 1 0 1 0 0 0 0 0 0 1 0 1 0 0 1 1 0 1 1 1 1 0 0 0 1 0 0 1 1 1 0 1 1 0 1 0 1 1 0 0 0 0 0 1 1 1 1 0 0 1 0 0 0 1 1 1 1
1251 0 0 1 1 1 1 1 1 1 0 1 0 1 0 1 0 1 0 0 0 1 1 0 0 1 0 1 0 0 1 1 0 1 1 1 1 0 0 0 1 0 1 0 1 0 0 0 0 0 0 1 1 0 0 1 0 0 1 0 0 0 1 1 1 1 1 1 1 0 0
366 0 1 1 1 1 0 0 0 1 0 0 0 1 0 0 1 1 0 0 0 0 1 0 1 0 0 1 1 1 1 1 1 1 0 0 1 1 1 0 0 1 1 1 0 1 1 1 0 0 0 0 0 1 0 1 1 1 0 0 1 1 0 1 0 0 1 0 1 0 0
1357 1 1 0 1 1 0 1 0 1 0 0 0 0 1 0 1 1 0 1 1 1 0 1 1 0 0 1 1 1 1 1 0 0 1 1 0 1 0 0 0 0 0 0 0 0 0 0 1 1 0 0 1 1 1 1 0 1 1 1 1 0 1 1 1 0 0 0 0 0 0
1207 0 1 0 1 0 0 1 0 1 0 0 1 1 0 1 0 1 1 1 1 1 0 0 1 0 0 0 1 0 0 0 1 1 1 0 1 0 0 0 1 0 0 0 0 1 1 0 1 1 1 1 0 0 0 0 1 1 0 1 1 0 1 1 1 1 1 0 0 1 0
1675 0 0 0 1 1 1 0 1 0 1 1 1 0 0 1 1 1 1 1 0 0 1 1 1 0 1 1 0 0 1 1 0 0 0 1 0 0 1 1 1 1 0 1 0 1 1 0 0 0 0 1 0 0 0 0 1 0 0 0 1 1 0 1 0 0 1 0 0 1 1
2099 0 0 1 0 0 1 0 1 0 0 1 0 1 1 0 0 1 0 0 0 1 0 0 1 1 0 1 0 1 1 0 0 1 1 1 1 0 1 0 1 1 1 1 0 1 0 0 1 1 0 0 1 0 1 0 1 0 1 0 0 0 1 1 0 0 1 1 1 0 1
2528 1 0 0 1 0 1 0 1 0 0 1 1 1 0 1 0 1 1 1 0 0 1 1 0 1 1 0 1 0 1 0 1 0 1 1 0 1 0 0 1 0 1 1 1 1 0 0 0 0 0 1 0 1 0 0 1 0 0 1 1 0 0 1 0 1 0 1 0 1 0
2010 0 1 1 1 1 0 0 0 1 0 1 1 0 0 1 0 1 1 0 0 0 0 0 1 0 1 1 1 1 0 0 1 0 0 1 0 0 1 1 0 0 0 1 0 1 0 1 0 0 0 1 1 1 1 1 0 0 1 0 1 0 1 0 1 1 0 0 1 1 1
2320 1 1 1 1 1 0 0 1 0 1 0 1 1 1 1 1 1 0 0 0 0 1 1 1 1 0 1 0 0 1 1 1 0 1 0 1 1 0 0 1 1 1 0 1 1 0 1 0 0 0 1 1 0 0 0 0 0 0 0 0 0 0 0 0 0 0 1 1 1 0
919 0 0 1 0 1 0 1 1 1 1 1 1 0 1 1 0 0 0 1 0 1 1 1 0 1 0 0 0 0 1 0 1 0 0 0 0 0 1 1 1 1 1 0 0 1 1 1 0 0 0 0 0 1 0 0 1 0 1 1 0 0 0 1 1 1 1 1 0 0 1
2323 0 1 1 1 0 0 1 1 1 1 1 1 1 0 1 1 0 0 1 1 1 0 0 0 1 0 0 1 1 1 0 0 0 1 1 1 1 0 1 0 0 1 0 1 0 1 0 1 1 0 1 1 1 0 1 0 0 0 0 0 1 0 0 0 0 0 0 1 0 0
2011 1 1 0 0 1 1 0 1 0 0 0 0 0 0 0 0 0 1 0 1 1 0 0 1 0 0 0 1 0 1 0 1 0 0 1 1 1 1 0 0 1 1 1 1 1 1 1 1 0 0 1 1 1 1 0 1 0 0 0 1 0 0 0 0 0 1 1 1 1 1
1089 0 0 0 0 1 1 0 1 0 0 1 1 1 0 0 0 0 1 1 0 1 0 1 1 1 1 0 1 0 1 0 0 1 0 1 0 1 0 0 1 0 0 0 1 0 1 1 0 1 0 1 0 1 1 1 0 1 1 0 1 1 0 1 1 1 0 0 1 0 0
46 0 1 0 1 0 0 0 0 1 0 0 1 1 1 1 0 1 0 1 0 1 0 1 1 0 0 1 0 1 0 0 1 0 1 1 1 0 0 0 1 1 0 1 0 0 0 0 1 1 1 1 0 0 1 1 0 0 0 0 1 1 1 1 0 1 1 0 1 1 0
1499 0 0 0 1 0 0 1 1 1 0 1 1 1 1 1 0 0 1 0 1 1 0 0 1 0 1 0 1 0 0 0 1 0 0 0 0 0 0 0 1 1 1 0 0 1 1 0 1 0 1 0 1 1 1 1 1 1 1 0 1 0 1 0 0 1 1 0 0 0 1
1369 0 0 0 1 0 0 0 0 0 0 1 0 0 1 1 1 0 0 0 0 0 1 1 1 0 0 1 0 1 1 1 0 1 1 0 1 1 1 0 0 0 1 1 1 0 1 1 0 1 1 0 1 1 0 1 0 1 1 0 1 1 1 1 0 1 0 1 0 0 0
1953 1 1 1 0 0 0 0 0 0 1 1 0 1 1 0 1 0 0 1 1 1 1 1 1 0 1 1 0 1 0 1 0 0 0 0 0 0 1 0 0 0 1 1 0 1 0 1 1 0 1 0 1 0 1 1 1 0 1 0 0 0 0 1 0 1 1 1 0 1 0
1672 0 0 0 0 0 1 0 0 1 0 0 0 0 0 0 1 1 1 1 1 0 1 0 1 0 0 0 1 1 1 1 1 0 0 0 1 1 0 0 1 0 1 1 0 1 1 0 1 1 0 1 0 0 1 1 0 1 1 1 1 1 1 0 0 1 0 0 0 1 1
2114 0 0 1 0 1 1 0 0 1 0 1 0 0 0 0 1 0 0 0 1 1 1 0 1 1 1 1 1 1 1 1 1 1 1 0 1 1 0 1 0 0 0 0 0 0 0 0 1 1 0 0 1 1 0 1 1 0 0 0 1 1 0 1 1 0 0 1 1 0 0
2193 1 0 0 1 0 1 0 0 0 0 1 0 1 1 1 0 0 0 0 0 1 1 1 1 0 0 1 1 1 1 0 0 0 1 0 1 0 0 1 1 1 1 0 0 1 0 1 0 1 1 1 1 0 0 1 1 1 1 0 1 0 1 0 0 0 1 0 1 0 0
1375 0 0 0 1 1 0 0 0 1 1 1 0 0 1 1 1 1 0 0 0 0 1 0 1 1 1 0 0 0 1 1 0 1 1 0 0 1 1 0 0 0 1 0 1 1 1 0 0 1 1 1 0 1 0 0 1 1 0 0 1 1 0 1 0 1 0 0 0 1 1
586 1 0 0 0 1 0 1 0 1 0 1 1 0 1 1 0 1 1 0 1 1 0 0 1 0 1 1 0 0 1 1 1 0 0 1 1 0 0 0 1 1 1 1 0 0 0 1 1 0 1 0 1 1 0 1 0 0 1 1 0 0 0 1 1 0 0 0 0 1 0
363 1 1 1 1 0 0 1 0 0 0 0 0 1 1 1 0 1 0 1 0 1 1 1 0 1 0 1 1 0 0 0 1 1 0 1 1 0 0 0 1 1 0 1 0 0 0 0 0 0 1 0 0 0 0 1 1 0 1 0 1 1 1 1 0 1 1 0 0 1 1
3252 1 0 0 1 0 0 0 1 1 1 0 1 0 0 1 1 1 1 0 0 1 0 1 0 0 1 1 0 0 1 0 0 1 1 1 0 1 0 0 0 0 0 1 0 1 1 0 0 1 1 0 1 1 1 1 1 1 1 0 0 1 0 0 1 0 1 0 1 0 0
3670 1 0 1 1 0 0 1 0 1 1 0 1 1 1 0 1 0 1 0 0 1 0 0 0 1 0 0 0 0 1 0 0 0 1 0 1 1 0 0 0 1 1 1 1 1 1 0 0 1 1 1 0 0 0 1 1 1 0 0 0 0 1 1 0 1 0 0 1 1 1
1287 1 1 1 0 1 0 0 1 1 1 0 0 0 1 0 1 1 0 1 0 1 0 0 0 1 1 0 0 0 1 0 0 1 1 0 1 0 1 0 1 0 0 1 1 0 1 1 0 0 0 0 0 0 0 0 1 0 1 1 1 1 1 0 0 1 1 1 1 0 1
315 1 1 1 1 0 0 0 0 1 0 0 0 1 1 0 1 1 1 1 0 1 1 0 0 0 0 1 0 1 0 1 1 0 1 0 1 1 0 0 1 0 1 1 1 1 0 0 0 0 1 0 1 0 0 0 1 1 1 1 0 0 0 0 0 1 0 1 0 1 1
922 1 0 0 0 0 0 0 1 0 1 1 1 1 0 0 0 1 0 1 1 1 0 1 0 1 1 0 1 1 1 0 0 1 0 1 0 0 1 1 0 0 1 0 1 0 0 0 1 1 1 0 1 1 0 1 1 1 0 1 0 0 1 1 1 1 0 0 0 0 0
3159 0 1 1 0 1 0 1 0 0 0 1 0 1 1 0 1 0 1 1 0 1 0 1 0 1 1 0 0 0 0 0 1 1 0 1 1 0 0 1 1 0 1 1 1 1 0 0 0 1 0 1 0 1 0 0 0 1 1 0 1 1 0 0 1 0 0 0 1 1 1
1241 0 0 1 0 0 0 1 0 0 0 1 0 1 1 0 1 1 0 0 1 1 1 1 0 1 1 1 0 1 1 1 0 1 0 0 0 0 0 1 0 1 0 1 0 1 1 1 0 1 0 0 0 1 0 1 1 1 1 0 1 1 0 0 1 0 1 1 0 0 0
735 0 1 0 1 1 1 0 1 0 0 0 1 1 0 1 0 1 1 1 0 0 1 1 0 0 1 0 0 0 0 1 0 1 0 1 0 1 1 0 0 0 0 0 0 0 0 1 1 1 1 0 1 1 0 0 1 1 1 1 1 0 1 0 1 0 0 1 0 1 1
1916 0 1 1 1 1 0 1 0 0 1 0 0 0 0 1 1 0 1 0 0 1 0 0 0 1 0 0 1 0 1 1 1 1 1 0 1 1 1 0 1 0 1 0 0 0 1 0 0 1 0 1 1 1 0 0 0 1 1 0 1 1 1 0 0 0 1 0 1 0 1
1293 1 1 0 1 1 1 0 0 0 1 1 0 0 0 1 0 0 0 1 0 0 0 0 1 0 0 0 0 0 0 1 1 0 1 0 0 0 1 1 0 1 1 1 1 0 1 1 0 0 0 0 1 1 1 1 0 1 1 1 0 1 1 0 1 0 1 1 1 1 0
3254 0 1 0 0 1 1 1 0 1 0 0 0 1 0 1 1 1 1 1 0 1 1 0 1 0 1 0 0 0 0 0 0 1 1 1 1 1 1 1 0 1 0 1 0 1 0 0 0 0 0 0 0 1 1 0 0 0 0 1 0 1 1 1 0 1 0 0 1 1 1
1731 1 0 0 0 0 0 1 1 1 0 0 1 1 0 0 0 1 1 0 1 1 1 1 0 0 0 1 0 0 0 1 1 1 1 0 0 0 0 0 0 1 0 0 1 1 1 0 1 0 1 0 0 1 1 1 1 0 0 0 1 1 1 1 0 1 1 1 0 1 0
3360 1 0 0 0 1 1 0 0 1 0 0 1 1 1 1 1 1 1 1 1 1 0 0 1 1 0 1 0 0 1 1 0 0 1 0 0 1 0 1 1 0 0 0 0 1 0 0 1 0 1 1 0 1 0 0 1 1 0 0 0 0 1 1 0 1 0 1 0 0 1
1395 1 1 1 0 0 1 1 0 0 1 1 1 0 1 0 1 1 1 0 1 0 0 1 0 0 1 0 0 1 0 1 0 1 1 0 0 1 0 1 1 0 0 1 0 1 0 0 1 1 1 0 1 1 0 1 0 1 0 1 0 0 0 1 0 0 1 0 0 0 1
2762 0 1 1 1 1 0 1 0 0 1 1 0 1 0 1 0 0 1 0 1 0 0 1 1 0 1 1 0 1 0 1 0 1 0 0 1 0 0 0 0 1 1 0 0 0 1 1 0 0 0 0 0 1 1 0 1 1 1 0 1 1 0 1 0 1 0 1 1 0 1
1257 0 1 1 0 1 1 0 0 0 1 1 1 1 0 0 0 0 1 1 0 0 0 0 1 1 1 1 1 1 0 1 1 0 1 1 0 0 0 0 0 0 1 1 0 1 1 0 1 1 0 0 1 0 0 0 1 0 0 0 0 1 0 0 1 0 1 1 1 1 1
2301 0 0 1 0 1 1 0 1 1 0 0 0 0 1 1 1 1 1 0 0 0 0 0 0 1 1 1 0 0 1 0 0 1 1 1 1 1 0 0 0 1 1 0 1 0 1 1 1 0 0 0 1 0 1 1 1 0 1 0 1 1 0 0 0 1 0 0 1 0 1
3447 0 1 0 1 0 0 0 1 1 1 1 1 0 1 0 0 0 0 0 1 1 1 1 1 0 1 0 0 0 0 1 0 0 1 0 1 1 1 1 1 0 0 0 1 1 1 0 1 0 1 0 1 0 1 1 0 0 0 0 0 0 1 1 1 0 0 1 1 1 0
1652 0 0 1 1 1 1 1 1 0 1 0 1 1 1 0 1 1 0 0 0 1 0 1 1 1 0 0 1 1 1 0 0 1 1 0 1 1 0 0 0 0 1 1 1 0 1 0 1 0 1 0 0 1 0 0 0 0 0 0 0 1 0 0 0 1 1 0 1 0 1
1607 1 1 0 1 1 0 1 0 1 0 0 1 1 1 0 0 0 0 1 1 1 0 1 0 0 0 1 0 1 0 1 0 0 0 0 1 0 1 1 1 1 1 1 1 1 1 1 0 0 0 1 0 0 0 0 0 1 0 0 1 0 1 0 1 1 0 1 0 1 0
1390 0 0 0 1 1 0 0 0 1 0 1 0 0 1 1 0 0 0 1 0 0 0 1 0 1 0 0 0 1 1 0 1 1 1 0 0 1 1 1 1 0 1 1 0 1 1 1 1 0 0 0 1 0 0 0 0 1 1 1 0 1 1 0 0 1 0 1 1 1 1
2691 0 1 0 0 0 0 1 1 0 1 1 0 1 0 0 0 1 1 1 1 0 0 0 0 1 0 0 1 0 1 0 0 1 0 1 0 1 0 0 0 1 1 0 0 0 0 1 1 0 0 1 0 1 1 1 1 1 0 1 1 1 0 1 1 0 1 1 0 1 1
2454 0 0 1 0 1 1 1 1 1 0 1 1 1 0 1 0 1 0 0 0 0 0 0 0 0 0 0 0 1 0 1 1 0 0 1 1 0 1 1 0 1 1 1 1 1 1 0 1 0 1 0 1 1 0 1 0 1 1 0 0 1 1 0 0 0 0 0 1 0 1
3080 1 1 0 1 1 0 0 1 0 1 1 0 1 0 1 1 0 1 1 1 0 1 1 0 1 1 0 0 0 0 0 0 0 1 0 1 0 0 1 0 0 0 1 1 1 1 0 0 0 1 1 0 1 1 0 1 1 1 1 0 1 0 0 0 0 1 1 0 0 0
3701 1 0 1 0 1 0 0 1 0 1 0 1 1 1 0 0 0 0 1 0 1 0 0 1 1 0 1 1 0 0 0 1 0 1 0 0 1 0 0 1 0 1 1 1 0 0 1 0 0 0 1 1 1 0 1 1 0 1 0 1 1 0 1 0 0 1 1 1 0 1
2267 0 1 1 1 0 1 0 1 0 0 1 0 0 1 0 0 1 0 1 0 1 0 0 1 0 0 0 1 1 0 1 0 1 1 1 0 1 1 0 1 1 1 0 1 1 0 1 1 0 0 0 1 0 1 0 0 0 1 1 0 1 0 0 0 0 1 1 1 1 0
594 1 1 0 1 1 0 1 1 0 0 0 1 1 1 0 1 0 0 0 1 0 1 1 1 1 1 0 0 0 1 0 0 1 0 0 0 0 0 1 1 1 0 1 1 0 0 1 1 1 1 0 1 0 1 1 0 0 0 0 0 0 1 0 1 1 0 0 0 1 1
348 1 0 1 0 1 0 0 0 0 0 0 0 0 0 1 1 1 1 0 1 0 1 0 0 0 1 1 1 0 1 1 1 1 1 1 0 0 1 1 0 1 1 1 1 0 0 0 1 1 0 1 0 1 0 1 1 1 0 0 0 0 1 0 0 1 1 0 0 1 0
968 0 1 1 1 0 0 1 1 1 1 0 1 1 0 1 1 0 0 1 0 1 0 0 0 0 0 1 0 1 0 0 0 0 0 1 1 0 1 0 1 1 1 1 0 0 1 1 1 1 1 0 0 1 0 0 1 0 0 0 0 1 0 0 1 1 1 1 0 0 1
3255 1 1 0 1 1 0 1 1 1 0 1 1 0 0 0 1 0 0 0 1 0 1 0 0 1 0 0 0 0 1 1 1 1 0 0 1 0 0 0 0 0 0 1 1 0 1 0 0 0 1 1 1 1 0 0 1 1 1 0 0 0 1 1 1 1 1 1 0 1 0
903 0 1 1 1 1 0 0 0 1 0 0 1 0 1 0 1 1 0 1 0 1 1 0 0 1 1 1 0 1 1 0 1 0 1 1 0 0 1 1 0 0 0 1 0 1 1 1 0 0 1 0 1 1 1 1 0 0 1 0 1 0 0 0 0 1 0 0 1 0 0
1233 1 1 0 0 1 1 1 1 0 1 0 0 0 1 0 0 1 1 1 1 1 0 1 1 1 1 0 0 0 0 0 0 1 1 0 0 0 0 0 1 0 0 0 0 0 1 0 0 1 0 1 0 0 0 1 0 0 1 0 0 1 1 1 1 1 1 1 1 1 1
596 0 0 0 1 1 1 0 1 1 1 1 1 0 0 0 1 1 0 0 1 1 0 0 1 1 0 1 1 0 0 1 1 0 0 1 1 0 0 1 0 0 0 0 1 1 1 1 1 1 1 0 1 0 0 1 0 0 0 0 1 0 0 0 1 0 1 1 0 0 1
1673 1 0 1 1 1 0 1 0 1 0 1 1 1 0 0 0 0 0 0 1 0 1 1 1 1 1 0 1 0 1 0 0 1 1 1 0 0 0 0 0 1 1 0 0 0 0 0 1 1 0 0 1 1 0 1 1 0 1 0 0 0 1 1 0 1 1 1 1 0 0
2053 1 0 0 1 1 1 0 0 1 1 1 0 0 1 1 0 1 0 1 0 0 1 0 1 0 0 1 1 0 0 1 0 0 0 1 0 1 1 0 0 0 0 0 0 0 1 0 0 1 1 0 1 1 1 0 1 0 1 1 1 0 1 1 0 1 1 1 0 0 1
912 1 0 1 0 0 1 1 0 1 0 0 1 1 1 0 1 0 1 0 0 0 0 1 1 1 1 1 0 0 0 1 0 1 0 0 1 1 0 0 0 0 0 1 0 0 0 1 0 0 0 0 1 1 1 1 0 1 1 1 1 0 1 0 0 1 1 1 0 1 1
2080 1 1 0 0 0 1 0 0 1 1 1 1 1 1 0 1 1 0 0 0 1 0 1 0 0 1 0 0 1 1 0 0 0 1 1 1 0 1 1 0 1 1 0 1 0 0 1 1 1 1 0 0 1 1 0 0 0 0 1 0 0 1 0 0 1 1 1 0 0 0
3702 0 1 1 0 1 1 1 1 0 0 0 0 0 1 1 0 1 0 0 0 0 1 1 0 0 1 0 1 1 1 1 0 1 0 1 1 1 0 0 0 1 0 1 0 1 1 1 1 1 0 1 1 0 0 0 1 0 0 0 0 1 0 0 0 1 0 1 1 1 0
10 0 1 1 0 1 1 0 1 1 1 0 1 0 1 1 1 0 0 1 1 0 0 0 1 1 1 1 1 1 0 0 0 0 0 1 0 1 0 1 0 1 0 1 0 0 1 0 1 0 1 0 0 0 0 0 1 0 1 0 0 0 0 1 1 1 1 0 0 1 1
1376 1 0 0 1 0 1 1 0 0 0 1 0 1 0 1 1 1 0 0 1 0 1 0 1 0 1 0 1 0 0 1 1 1 0 0 1 1 1 1 0 0 1 0 0 0 1 0 1 1 1 0 1 1 0 0 0 0 1 0 0 1 1 0 0 1 1 1 1 0 0
2889 1 1 1 0 1 1 0 1 0 1 0 1 1 1 0 0 0 1 1 0 0 1 1 1 0 0 0 1 1 1 1 0 1 0 1 1 0 1 0 0 0 1 0 0 1 1 0 0 0 0 0 1 0 0 0 0 0 1 1 1 1 1 0 1 0 0 1 0 1 0
3754 1 0 0 1 1 0 1 0 0 1 1 0 1 1 0 0 0 1 1 0 1 0 0 1 0 1 1 0 0 0 1 0 1 0 0 1 0 1 0 1 0 1 0 0 1 1 0 1 0 0 1 1 0 1 0 1 0 1 0 0 1 1 1 1 0 1 1 1 0 0
1027 1 0 1 1 1 1 1 0 0 0 1 0 0 1 0 1 1 0 0 0 0 0 0 1 0 0 0 0 1 1 1 1 0 0 0 1 0 1 0 0 1 0 1 1 0 1 1 1 0 0 0 1 0 0 1 1 1 1 1 1 0 1 0 0 1 1 1 1 0 0
2000 1 0 1 0 0 1 1 0 1 0 0 1 0 1 1 1 1 1 1 1 0 0 0 0 0 1 1 0 1 0 0 0 0 0 0 0 1 1 0 0 0 0 1 1 1 0 1 0 0 1 0 1 0 1 1 1 1 0 1 0 1 1 1 0 0 0 1 1 0 1