2857 14 4986 63 3173 59 5977 19 247 42 2487 4068 1886 32 57 1723 33 20 1562 24 22 56 17 51 36 5456 50 4597 11 2961 5404 27 367 1554 52 1414 34 45 1330 3019 28 3616 5348 1032 3191 26 48 58 1776 820 30 18 49 2543 35 4515 1535 15 162 4613 53 23 1580 1283 43 3347 39 3187 3456 6008 62
259 368 5177 4540 5326 100 18 33 3598 2124 5483 1276 2210 2046 41 24 48 3053 84 90 2471 101 54 96 5044 87 105 97 1773 81 44 782 600 4770 25 5314 2775 5681 4949 62 19 93 53 83 58 86 1381 59 4421 29 3538 23 65 1450 99 42 2924 3765 28 36 5229 223 4440 3846 5083 27 3781 5979 26 3382 70
1195 41 58 2495 83 3774 29 35 152 69 75 391 65 73 17 5721 2707 23 2301 36 5189 84 2021 93 2326 34 95 57 5710 5288 28 501 6031 66 2609 4201 2333 2431 81 48 572 4659 2106 1810 4315 44 807 87 26 1382 2324 5520 3239 33 19 96 4923 25 49 3952 62 42 22 40 3629 76 18 53 3554 2343 4035
1209 13 73 44 3210 4106 25 251 41 35 2686 81 917 3710 33 2986 65 870 31 2277 297 80 3895 17 28 49 53 180 1212 2033 4076 2406 96 3924 42 3100 3766 29 75 86 2543 18 5123 40 84 19 330 4369 36 37 21 947 2997 4965 62 72 5111 1973 3609 93 2543 64 1235 22 5456 58 48 15 4362 5159 1145
479 62 44 11 4847 58 26 4714 2615 1706 3709 29 4436 2222 32 25 73 1952 294 52 5025 82 5467 28 48 31 5192 6 2981 19 80 36 665 4787 13 71 65 4558 42 2448 5692 17 4992 2659 2253 3894 4316 66 37 5859 4445 59 23 50 312 4324 3487 3103 33 384 22 49 4027 15 67 4651 236 179 53 57 75
2027 92 1310 25 2923 3262 3004 17 36 191 53 4283 87 59 6014 85 90 30 4654 24 2991 73 52 18 48 62 2087 3148 65 13 5465 1882 2835 1028 2554 194 341 4062 80 69 3511 15 56 88 1526 64 1718 66 49 4231 84 700 19 89 2960 58 72 4068 1324 3496 1783 544 5238 81 4533 93 20 5973 32 5001 3806
588 1862 87 4426 5295 4015 2784 20 52 2503 42 113 3348 33 898 29 22 5729 48 23 5943 1080 4939 126 1223 4771 36 2958 55 44 73 3025 5929 5705 32 4157 4813 795 92 58 82 80 127 19 117 118 1488 30 4068 103 2349 5503 3915 93 4345 96 101 6022 986 123 2447 95 3876 2052 105 26 49 3634 53 6028 3494
2570 799 3592 463 15 17 33 23 36 96 44 2331 446 53 20 1457 3976 4057 3492 1225 92 1080 814 49 4883 22 4321 42 32 3837 4397 30 1536 29 19 75 48 65 2990 35 56 583 101 93 1410 58 5362 2831 1644 5563 1869 25 1450 28 59 3023 95 168 73 2535 87 76 3623 4561 3479 100 82 2835 4770 84 3294
1269 79 5962 2677 62 4228 2182 148 3171 109 5656 133 92 1278 2347 4561 83 53 2171 48 2557 3736 123 1097 5160 6012 2584 73 68 1379 136 25 45 655 1416 946 58 65 492 102 96 5529 108 36 2309 2867 44 3043 5590 82 127 31 553 26 131 1686 1309 34 427 5388 652 121 33 3220 2459 118 24 147 117 42 5943
592 55 62 2213 3607 1576 4844 96 24 2812 3863 80 100 23 36 82 5505 2366 74 107 15 537 57 52 98 95 4529 56 53 30 19 58 48 108 4420 2813 72 32 3490 2327 3341 3972 278 47 1868 5340 28 69 717 17 44 4714 76 901 2402 3434 97 42 2565 92 2894 4737 3251 33 4827 26 1404 5307 3034 354 5994
1579 4184 31 93 58 103 52 36 2866 44 4438 45 4224 5409 60 5704 95 19 73 53 92 5976 5461 59 158 100 322 72 49 4632 109 953 5498 248 3094 91 3009 3159 23 4976 2735 90 40 373 65 22 1553 29 18 3142 3018 3627 5751 75 4214 2578 1170 42 1869 5945 17 86 2780 24 1706 82 101 4590 25 702 48
1197 2542 316 64 2775 5024 48 15 5826 36 27 109 28 1409 73 135 794 100 101 88 2139 57 93 5794 25 24 1588 5672 29 379 65 99 84 3750 33 2326 107 40 35 5296 92 5030 2434 87 760 81 44 3827 5003 2322 5069 71 18 62 4199 5257 3126 26 228 19 22 4125 3527 54 2860 58 546 5303 3744 42 1655
607 2985 131 2156 127 59 2994 3092 137 6031 2335 4415 30 100 72 5382 4739 3190 33 47 1970 3555 120 32 5331 53 23 28 4266 2182 129 57 24 58 3066 2218 1372 1201 5957 3448 95 1131 1764 88 123 1898 136 90 2580 2686 1892 96 4655 3772 773 107 110 74 80 35 4908 82 76 56 779 65 48 62 36 3859 1282
2761 58 5607 5435 33 92 41 29 1157 1893 90 4604 83 4278 80 3776 64 5902 3153 55 17 402 22 4395 76 23 4997 86 48 5721 4751 5846 4484 19 5103 53 2128 62 35 70 77 1785 1450 59 5336 4295 56 82 28 63 2682 829 3952 248 30 4300 3164 3695 32 39 5106 2845 43 3935 5351 5547 44 65 36 3742 68
109 2381 3843 649 4782 775 19 4960 3239 55 90 29 3279 66 1761 20 17 88 84 5431 92 4294 5783 41 91 1474 3093 58 857 99 62 64 59 3745 87 33 36 82 4353 2494 1279 3291 2452 117 18 56 1704 2421 103 5704 52 3951 4960 1525 73 2130 3494 3647 100 95 27 80 25 48 458 2494 24 3000 22 96 1403
2395 44 2533 4707 68 4315 3743 5370 92 53 63 4600 78 3131 35 17 1677 2108 76 37 23 833 34 58 744 1949 6028 3065 2048 845 45 24 4014 1815 4268 1675 60 2701 720 48 51 980 28 1490 91 99 647 38 33 43 5139 59 95 70 102 56 188 83 422 22 3885 2145 2577 72 96 573 5477 4194 39 2094 86
1196 100 31 2999 99 22 117 44 3202 113 92 3676 2377 1921 5586 5755 45 2517 1376 105 5379 58 5310 4267 132 129 91 42 4671 1063 24 82 4546 68 3137 1909 93 4669 130 131 762 84 1753 1007 1026 87 41 43 37 127 4894 4736 35 73 96 1863 34 2133 1915 2139 5064 28 1373 59 2791 4984 845 40 118 36 48
526 55 2344 84 474 870 606 2583 52 30 113 96 4104 92 131 4248 4696 5107 98 100 80 18 95 20 44 1026 1277 47 82 809 1631 2367 3549 42 123 19 89 48 120 31 36 58 45 313 56 5700 24 4359 124 539 418 99 4810 902 49 33 90 1261 88 28 5948 1453 4091 127 2240 3790 3869 1143 1052 5471 1568
1616 133 5464 2029 127 74 2606 539 1080 93 59 532 1840 23 58 30 200 129 97 2566 1577 5139 32 3955 4038 27 48 1454 110 1562 131 62 53 130 39 2252 28 96 107 2418 79 36 5370 111 51 136 2988 761 234 56 82 60 2151 81 90 2545 3559 76 2948 3991 1940 1250 5612 71 1901 5751 5182 5503 1947 112 123
1264 3583 99 111 33 2995 1827 3701 5789 364 4512 78 118 4442 19 1341 24 95 4733 68 96 90 5414 26 23 5796 73 34 1713 2839 3861 106 5806 22 44 30 36 4780 4710 45 3832 5835 37 2714 17 356 3062 4805 1750 28 2342 5210 88 1406 27 2514 2227 117 80 59 97 102 91 48 31 51 92 3632 5104 3587 42
1096 1864 400 2161 83 732 114 65 131 123 26 3937 58 23 121 116 3889 2317 4820 1347 488 3802 127 4176 36 1754 526 304 2556 4068 27 1350 42 99 3294 118 93 62 119 3876 53 386 5803 28 92 3927 2002 1786 117 3664 1614 3479 833 136 59 133 75 2927 44 48 4420 102 4357 30 2433 4076 109 34 33 2834 22
2627 1424 80 24 36 3585 1735 73 122 60 1338 315 1313 110 4851 2609 3063 4093 52 3037 1674 2038 5606 75 25 127 174 2828 65 93 86 100 118 119 1461 121 53 1477 44 62 137 2843 5804 593 2959 103 1951 3440 90 49 134 2011 5552 459 58 26 48 841 506 3177 5101 83 4232 101 46 117 693 41 42 2475 84
2996 99 655 2399 96 59 4324 78 1620 2066 91 4239 88 23 71 63 5392 86 53 1517 92 2455 2329 77 1433 73 384 1020 97 184 2559 95 4457 68 661 4456 104 4022 3038 1328 102 4781 27 3274 90 5960 4623 5025 2690 42 30 5529 1675 3155 39 5339 111 58 72 45 2380 4907 3919 33 28 56 131 2631 114 70 43
317 5381 5981 28 29 22 4331 97 42 4339 2145 4297 214 2422 4072 92 99 2407 47 30 55 26 4944 59 96 35 88 67 1997 44 4746 1044 95 33 4 51 2311 975 48 98 2830 82 53 4133 5152 43 2554 5141 410 39 90 1534 4730 56 17 27 4320 5451 58 76 1356 4086 5067 4992 2536 2815 34 24 62 19 6038
857 5381 146 148 131 4087 107 116 3959 4644 138 123 4977 4627 126 4563 129 33 104 122 36 4395 105 211 74 58 47 566 149 4133 3627 841 4895 88 90 127 136 140 1172 1639 97 506 5339 48 966 479 2640 100 49 1166 2524 62 1394 130 42 44 5591 151 2029 4192 4246 4615 29 681 53 787 4444 120 2000 5503 1312
355 121 2366 73 90 1636 1002 1699 66 5233 2620 503 2845 65 80 38 40 118 1165 5004 28 5662 3439 3399 5165 1526 4284 3920 78 123 92 127 117 4795 2677 69 4158 74 103 36 72 364 931 3832 110 3168 5709 31 58 84 4743 3961 577 60 53 858 37 55 507 243 26 95 43 96 34 48 3399 2852 42 82 111
2715 117 86 439 4003 70 4134 143 59 460 145 137 378 94 3052 645 2128 1810 1619 39 123 31 191 5526 73 136 1174 2278 2276 135 3689 353 133 44 99 48 36 148 388 33 1259 62 4451 53 4186 45 58 27 63 118 4065 1860 34 4119 92 2049 609 4189 119 379 1336 2720 42 2044 146 5373 5704 131 139 83 986
295 97 130 5971 3363 82 102 735 3879 4221 3661 131 74 3811 4261 81 1089 3906 4910 3432 38 2519 123 99 4272 30 5082 3330 48 35 110 120 76 2806 134 33 1929 42 69 55 49 56 53 4836 2912 18 4357 127 111 450 129 3744 24 62 22 1520 3583 98 23 36 5325 3548 4737 3979 5363 1184 58 1689 3657 96 2724
1239 4738 84 151 819 4834 1208 5608 121 131 5465 102 129 4273 87 93 2322 348 5006 118 1931 650 122 4040 2291 36 1177 769 163 44 3504 125 26 155 157 29 4146 48 117 1479 5379 58 42 149 2659 92 73 123 1857 1627 5352 4319 1732 62 23 4856 28 33 4329 147 4664 4608 148 923 53 534 165 548 101 127 130
0 112 75 21 99 114 92 131 3376 2773 23 28 51 68 500 49 45 65 78 568 4403 5924 4283 36 121 4692 2366 76 4307 901 5238 60 1393 73 2702 915 1376 994 5573 5853 90 4479 96 80 109 2615 44 26 4219 5076 123 132 117 2222 48 5498 34 2297 5048 4373 3339 3565 118 38 1237 56 3027 2893 119 1406 3771
1213 36 129 161 166 4299 2292 92 4248 121 2251 150 1435 53 136 64 149 1608 2090 4741 58 130 1745 4161 3065 5126 4254 131 163 146 33 709 97 165 1385 3471 29 343 127 3604 4171 5802 120 2112 4579 486 2113 48 301 1504 169 117 101 123 42 139 93 81 62 5901 470 4546 84 2674 5145 151 1016 105 987 5817 157
2915 53 137 1372 121 4893 117 1651 2353 5168 105 1232 960 1517 6 125 5284 101 139 26 1905 130 1398 3644 52 118 29 42 2047 2365 144 1109 111 4885 2718 3083 440 4737 3190 18 1123 123 82 3268 95 2473 1270 49 44 73 5612 93 22 2104 4684 36 90 127 32 62 129 33 134 885 68 3397 4396 103 23 58 48
456 618 4759 32 1534 90 123 4157 73 55 93 29 2531 56 130 2868 82 227 2394 5122 1467 4840 125 99 49 42 105 1939 3784 127 2341 87 5311 2950 52 4025 22 5086 120 96 84 117 3268 43 968 5287 2257 124 103 5401 62 2330 5163 53 3846 20 2776 5163 1594 36 23 95 122 58 967 118 48 3772 213 4210 2355
3577 478 4315 2428 1663 48 1931 98 852 5465 41 5530 77 517 53 1773 262 61 63 82 87 3553 23 18 5735 97 50 39 3484 85 49 4704 22 3840 1662 20 4959 1209 2760 2476 83 76 70 92 4556 1554 58 1967 103 102 64 4885 84 836 5071 99 5985 25 96 73 68 1753 3815 4982 2964 36 66 90 57 5994 3646
1199 118 2167 5745 93 498 100 831 173 221 161 441 3586 427 3424 1068 123 5393 5748 146 58 3996 3409 834 745 2761 247 2769 129 2506 1641 165 5705 42 29 2532 92 73 2274 157 48 4774 130 36 2693 139 122 53 166 84 105 1332 725 148 4471 4878 101 33 5348 783 946 151 127 131 807 3858 117 149 170 169 49
540 4001 5956 3957 1244 4123 4168 63 3876 618 170 59 58 2837 146 3180 148 2652 5562 139 1789 452 53 3240 850 4106 4825 195 4195 631 100 107 3689 88 62 129 183 121 3939 161 48 149 175 117 4255 1289 2453 2296 151 983 136 3738 4048 1494 22 190 177 157 165 173 181 208 112 199 179 118 5745 4910 169 1300 3591
2986 162 3708 25 4099 137 5186 92 1603 131 104 1772 139 44 1951 157 4943 687 93 123 148 2488 2040 70 136 2597 112 3251 2166 2947 116 27 36 2750 3031 5069 5906 65 3130 48 119 2082 62 83 1294 1911 129 159 3599 24 1240 4731 53 2502 3407 4199 3012 63 4598 135 146 150 4923 1508 3857 118 4601 40 102 2476 117
1258 65 66 242 3239 132 5607 148 31 502 4707 139 1649 169 62 82 4985 4288 2459 88 4374 123 1788 1440 22 4870 152 3999 1550 4685 117 737 4801 157 149 1866 5753 136 4248 2051 99 5796 48 1416 2327 118 96 2518 555 4250 151 58 36 129 146 33 1296 166 2636 53 5849 161 262 1993 24 4675 150 3812 34 26 131
49 3988 5125 65 3974 255 163 28 111 76 4275 5066 486 4978 148 146 53 4239 131 1380 82 5351 5021 4161 3951 1754 133 120 23 123 29 74 149 780 2810 32 129 3444 748 4128 62 151 48 972 282 998 137 142 127 99 516 30 90 209 24 5622 56 2126 704 55 97 4254 3114 39 110 190 138 5261 3879 33 5210
33 92 2602 5454 151 157 5550 65 3803 74 148 75 4537 5119 45 161 857 3910 150 73 3646 2389 78 124 3115 2780 1247 1431 58 3456 47 149 53 917 3212 3930 36 5672 99 38 117 1170 1142 2295 48 264 1170 69 2043 34 4423 119 4450 54 90 146 176 132 51 3192 56 139 42 114 4485 137 44 385 4661 556 2725
2790 2861 120 5130 130 1073 4999 5288 118 5236 36 89 4309 2572 2982 68 4696 4530 4500 117 5024 3516 4470 66 3887 50 4222 1485 283 5909 115 2791 82 136 123 103 135 67 3813 2321 57 5789 125 745 573 568 48 37 54 1277 109 71 91 58 1721 73 1849 90 92 141 4877 134 34 3728 45 5985 98 2962 3232 128 108
779 40 787 139 44 2642 73 2315 147 49 1149 2472 1810 137 55 48 23 1947 4923 828 2442 175 103 2216 5899 123 53 113 1659 62 1593 3680 5828 1845 109 82 945 1684 42 93 382 146 1512 997 3990 100 52 118 101 131 25 4756 90 1363 26 5586 4928 127 2352 36 75 5819 58 65 134 3697 144 117 1931 3407 92
3174 95 134 916 2654 48 78 5724 2025 135 90 1471 2083 39 2431 119 3954 58 70 36 65 109 4207 3179 53 104 72 1684 60 25 5341 3239 121 2952 2617 117 92 24 4104 1700 123 3198 45 73 783 4782 3716 3287 75 2635 4602 1382 5131 127 63 1401 44 102 42 193 3270 132 83 997 671 118 945 5651 3151 86 5704
1192 151 4805 1602 96 109 1570 99 5515 62 24 5758 6030 102 120 54 59 2433 80 89 3526 2245 95 4512 123 49 146 5684 3329 2864 47 33 28 81 876 155 324 3518 3289 42 783 1576 58 139 5062 5943 2369 1311 104 2661 39 88 150 2763 166 2045 5829 535 131 44 107 2218 1602 3056 48 5515 3869 53 136 3025 268
918 42 59 4121 1442 3698 142 100 139 58 169 78 2432 34 48 149 3902 136 117 3896 394 4632 170 1016 5810 1766 131 497 1480 1734 2337 96 3960 1948 75 123 146 114 99 5955 166 4997 33 109 28 4528 92 1363 24 1893 44 5766 3776 1532 35 194 797 2944 151 107 923 616 1958 474 5171 22 3987 53 40 65 97
923 5052 4275 3501 4572 151 3324 136 3770 144 177 109 161 58 2215 59 166 714 2434 102 157 1561 53 139 2758 169 952 116 4932 107 4906 123 4088 4278 100 121 149 1309 75 131 62 117 4035 2225 2875 1116 2681 48 3904 1121 183 150 1385 617 51 192 1809 155 173 2942 5883 165 2923 4726 88 81 127 4456 175 4299 5233
1126 747 166 157 39 70 33 4084 42 1668 1568 1046 118 212 1770 5295 151 40 2660 1649 2476 5048 149 3800 174 5551 117 53 4413 163 125 93 58 29 915 121 405 315 6031 154 4034 105 137 3390 129 1699 2549 5881 2358 5897 123 4061 135 3632 169 92 2157 4564 162 5101 359 44 48 102 3494 4873 145 36 2593 148 83
2354 999 49 5731 5520 70 112 5776 1103 103 76 56 92 83 121 667 1043 73 80 2821 2548 5368 1549 18 1651 1433 4289 26 17 102 4931 1776 75 386 114 5034 4756 31 45 36 95 23 19 68 2104 1722 613 21 60 48 804 2012 53 4743 1458 25 4433 109 38 3167 104 4275 119 3133 666 78 39 93 5735 1863 5244
1386 2128 166 4319 161 97 3276 2940 149 1391 4672 34 100 6006 2603 5365 1908 169 92 53 3571 3706 123 4585 33 450 117 3600 186 65 970 5124 3114 2859 125 3570 5895 163 129 2034 4241 3517 165 819 4453 5452 130 170 150 29 93 58 5139 105 148 4467 127 36 175 6037 87 5749 160 147 48 3791 4664 42 139 2863 122
1220 127 140 4565 828 1732 718 88 155 1872 2732 3558 48 122 123 1933 121 120 5503 1156 170 57 36 149 2144 168 3922 4818 169 97 47 100 2476 2253 138 105 5206 1826 62 86 1177 148 163 341 2604 81 146 136 5055 126 129 130 5004 2213 74 4821 2978 58 1987 151 2977 157 53 3833 42 33 3153 3365 3904 1664 3849
911 3472 5205 35 190 158 107 3535 3668 1803 170 36 140 1398 5309 4890 102 161 59 4053 4416 2524 63 81 48 62 146 1964 109 97 447 53 173 156 88 614 3482 103 4483 1827 91 3950 2215 2723 4808 151 1318 40 2395 123 1617 64 58 157 37 55 3345 4514 2545 178 131 2452 33 2863 5473 2588 574 44 169 2088 2511
1035 4404 166 2802 5838 4336 5304 174 5299 181 126 114 2658 5613 5988 2932 170 101 130 73 4740 49 1023 1327 5330 305 96 65 125 5489 3218 149 93 123 87 147 688 1756 3236 4366 3331 3508 48 173 118 832 162 2356 120 1249 148 2200 117 53 169 150 1355 42 1907 58 3913 2018 133 190 3985 139 1929 163 116 129 2602
1212 5803 58 30 56 3534 2036 1722 1665 149 3947 3303 1745 3230 3592 4044 865 181 3787 5924 129 47 2637 137 48 5958 96 2104 62 99 138 3218 360 169 55 95 161 23 163 120 157 33 173 124 110 5993 218 2042 3735 123 16 100 3076 3668 67 81 4304 4933 166 76 177 24 2850 4323 151 2076 5135 53 107 5732 3039
1609 96 1379 33 95 3130 53 5154 5992 2867 148 157 5757 174 4874 48 123 147 1963 1520 1550 23 133 1538 4796 93 5735 4688 125 173 36 139 130 2045 4545 2957 151 117 2106 169 137 2143 82 1335 42 87 149 3160 928 4061 143 3183 73 52 1173 58 65 5488 3580 29 4593 4160 4923 4223 643 25 3107 131 2036 4842 103
376 68 3982 5360 117 67 3594 48 4000 42 59 648 29 5859 65 123 58 5542 37 87 90 214 512 5669 23 4077 122 2837 1158 3945 95 5116 5822 1078 3602 3915 22 49 2750 118 3882 45 1437 82 101 93 62 3372 4841 2826 2536 26 4629 92 127 5421 53 102 106 111 38 287 33 3073 2901 4475 73 36 1100 134 130
1290 28 4191 123 3464 58 1510 283 65 3384 3676 2949 1823 64 26 3624 4815 1424 3369 84 25 4059 122 87 42 105 4954 480 33 62 2004 1396 5462 4009 5891 24 93 3422 1118 36 3341 5462 2846 5766 29 172 117 1791 2327 130 147 3124 92 100 40 139 131 3215 48 109 3256 69 73 44 136 118 125 3347 127 1525 4410
1999 943 36 117 148 244 163 883 2610 129 53 175 3411 1251 2393 133 1391 162 149 510 33 62 5815 2837 2797 4900 3504 150 176 5810 174 2674 5556 130 4419 456 4230 2299 181 1045 58 93 886 73 3664 5885 2935 34 401 182 132 101 2845 5487 118 1008 139 65 123 157 138 4442 3510 87 125 151 5580 4095 42 1143 169
1135 188 4241 1444 181 4561 801 152 3933 161 123 131 597 1269 3855 2385 190 33 48 3501 148 5189 132 3700 166 35 5680 182 157 44 2862 173 136 1955 92 1710 4239 1831 4789 36 146 165 3305 694 1026 2632 270 1355 3150 6023 5532 169 68 151 139 58 3727 89 118 186 767 120 54 149 1429 4378 373 90 192 2520 578
3113 5486 2232 119 1663 92 1955 3580 4801 43 3063 36 851 139 99 4733 4514 42 63 112 4883 51 2061 348 2049 148 3288 49 75 118 70 65 45 3796 80 48 3837 1888 5739 96 1562 2144 3989 134 1047 2534 143 1351 83 1448 58 5454 1788 117 2497 135 2738 147 459 2057 26 78 90 56 39 668 312 53 54 5287 55
1306 118 4125 4930 43 2199 5691 4195 150 131 2408 48 92 38 307 156 58 1287 3469 37 59 136 109 151 44 5062 161 1807 62 146 179 1660 3142 123 1053 616 126 4113 36 68 787 1626 4259 88 4515 1662 149 1633 139 3730 2297 3354 157 5591 662 1675 106 148 2573 91 391 3898 3381 45 34 147 82 3916 3818 169 42
1703 1917 5756 56 4740 72 117 2234 1476 163 88 99 1486 3176 2749 34 4188 53 5328 147 155 1414 3644 131 420 25 2284 2706 3342 1915 137 55 3017 48 1380 4965 76 148 3307 157 92 3843 69 26 28 89 149 82 2906 2885 90 3992 358 161 4021 5311 1870 107 38 2427 62 167 67 3397 1749 3028 35 24 151 3891 123
1720 4036 107 4864 133 65 3924 3561 90 118 2104 157 86 152 2036 37 149 33 1729 5059 92 51 527 38 1153 1292 141 2179 143 129 4882 917 131 5404 26 123 82 5203 4525 291 5189 2317 868 5225 218 1495 3962 34 156 148 3567 69 41 3857 4323 4395 146 39 80 48 1534 1381 6008 61 53 128 62 74 151 4258 3106
1967 1931 132 2642 131 818 145 213 5899 140 53 62 118 139 36 4521 99 128 2519 4272 3851 2297 3608 3820 133 175 2129 1837 1769 88 683 4806 73 4072 165 2782 166 137 152 3510 5143 535 42 68 106 146 173 4984 3581 4325 4641 34 151 28 82 48 3939 5095 123 1115 3860 3774 2706 58 2157 45 2797 79 1580 92 117
647 82 4758 3216 50 4549 1286 86 19 5858 1682 2229 48 52 1078 3025 28 5372 3651 26 1237 5266 101 3197 3080 2455 3750 1554 37 315 103 1357 98 2848 36 3714 71 44 22 179 1047 5715 73 4536 79 49 23 5261 24 747 133 2610 42 57 100 53 65 90 20 3750 60 92 5748 38 95 2460 31 3696 2099 85 93
2598 3757 3636 5761 116 1973 123 5063 102 922 3385 4575 133 1848 5641 145 63 159 43 3603 1189 53 2539 156 51 2224 4160 163 5263 39 118 151 5164 5130 3554 5448 73 4811 143 4284 131 70 78 152 577 4748 166 1557 4406 77 622 3470 1993 150 3363 36 129 45 4454 1635 161 154 1683 132 6005 91 99 149 175 92 168
31 192 1648 2505 181 148 2710 99 111 2490 1170 2518 4961 448 4155 256 28 48 384 131 33 2117 59 151 175 994 4555 32 161 113 58 127 169 2725 5150 53 1320 137 3347 730 11 5902 42 82 147 4882 2357 5901 4960 2152 846 2028 134 117 73 136 5192 170 3244 741 2468 149 3767 179 1565 5727 133 90 62 36 92
3792 2238 5117 4038 76 5034 1356 3700 61 394 5793 53 5856 39 4146 79 2700 4243 1696 92 772 2132 4466 64 5933 1455 113 4013 2136 73 57 2762 2565 25 101 1939 42 105 82 117 70 5532 50 28 912 29 102 1096 116 4628 87 85 36 4726 63 5818 4474 115 110 1518 99 4688 2120 93 43 44 10 49 4812 51 48
2173 6018 3855 48 53 146 139 2179 34 2618 760 147 4877 148 136 169 2430 3085 123 181 1577 151 62 28 2347 177 2084 2586 3010 150 2373 92 118 3524 957 3266 178 1387 3699 58 4348 31 2326 116 44 173 83 93 2920 3515 45 5616 192 4351 4917 1720 904 73 117 33 588 3670 2416 4540 166 3267 190 619 91 42 215
2796 53 136 48 2580 1220 218 36 181 166 4429 5390 681 3145 3439 83 131 4676 2724 860 683 3652 192 149 169 5242 161 147 99 33 159 44 117 118 116 176 1313 4221 2767 592 178 862 1105 175 191 1827 62 5389 132 150 1933 146 5224 1036 68 123 92 751 28 195 93 5356 4236 151 42 5478 1236 5226 148 2314 3232
2290 169 3654 230 149 1044 245 3310 155 156 146 3572 199 20 2883 48 2803 137 1716 3342 3975 264 1957 4056 1325 3805 3235 271 136 482 187 1432 238 4152 266 1477 1850 194 5307 166 253 126 4401 324 150 74 3108 151 123 1389 195 59 2449 3424 204 2813 163 58 992 4036 175 223 216 277 2553 225 4563 148 53 202 5768
2917 109 454 165 3859 147 34 1614 2867 1622 85 33 2455 166 190 135 146 151 4969 28 176 157 0 665 31 5680 1037 123 104 859 3008 91 5329 4170 1949 5364 116 2767 68 58 161 149 4252 169 36 136 48 2897 131 133 4469 3698 45 175 1457 5097 5749 120 192 92 73 44 139 118 4474 5419 194 4455 181 4055 3173
589 18 177 2110 62 157 111 96 2433 2425 48 4287 53 3324 137 5006 195 5313 60 751 44 3276 148 1198 5211 1212 4992 147 2630 173 169 4829 150 2272 118 248 187 3009 40 80 5724 59 417 3684 136 3204 4762 73 17 5312 2684 24 739 5134 181 82 69 688 820 127 510 192 123 129 2183 742 33 175 3466 2275 507
2958 4935 5138 4095 90 133 162 154 365 1360 77 157 33 102 76 150 149 4624 19 153 139 58 3892 143 163 39 1935 137 756 5290 1375 4427 147 5650 3038 63 135 4691 4433 243 169 166 2375 119 3246 2864 104 200 2724 32 4096 175 5685 53 3972 71 5068 5540 4220 5332 36 2877 745 181 83 92 4380 1777 4258 70 145
3470 2725 1484 92 3296 5844 6027 42 3766 5479 121 151 123 139 41 117 59 170 149 127 3720 155 632 62 58 4581 5565 146 161 2814 44 5164 2695 67 53 136 1650 157 3632 177 4212 202 199 3662 150 5985 192 166 114 5800 4730 5707 33 169 1339 872 1339 575 97 2321 1950 4909 3651 345 25 2780 198 48 5381 204 195
1373 42 190 149 48 49 2978 58 117 193 675 3073 2671 173 129 62 178 3793 2018 53 157 148 127 36 487 3509 139 1353 109 1307 1468 954 586 5620 3425 215 691 2562 151 4038 121 1787 3364 108 581 2296 1495 2564 1118 4081 165 5932 101 3330 174 65 179 44 1838 143 4139 125 118 40 105 73 177 4986 906 130 146
1393 2299 192 73 176 469 4648 729 4875 169 2065 2114 118 4649 4429 1804 729 2382 96 123 2735 3575 168 81 5837 151 139 4067 5008 58 57 150 146 91 208 205 471 1510 204 1439 44 5309 175 117 1456 5308 149 193 165 54 198 2521 4343 1692 161 29 120 84 33 726 2988 3010 173 1532 2352 88 2129 104 181 42 3833
2682 3243 186 149 90 3263 5624 140 77 102 48 166 602 83 1428 85 92 75 155 619 6015 170 5766 53 639 5922 3521 151 163 143 159 3194 3322 116 5778 1681 5502 39 36 2700 181 4162 145 2541 70 135 1143 1066 71 150 2242 5431 63 154 2928 1415 104 5473 4452 119 2789 5353 182 5525 5520 123 26 4455 2355 4474 148
591 3699 48 1955 6019 125 62 5009 5303 2784 65 166 92 5853 1502 3862 169 49 149 35 133 5064 118 110 163 4630 5537 1414 5211 147 40 146 3186 862 3793 100 139 36 58 5766 93 5698 4551 3240 117 131 4201 1690 5638 84 2354 73 664 33 53 122 2935 2002 2704 3102 162 321 148 26 5108 130 3542 4259 44 123 4764
1783 5014 111 3950 161 4173 26 82 123 5863 143 3664 155 132 2121 95 4523 2952 1805 65 1718 118 2837 4520 62 4382 148 2213 142 45 55 3096 73 5291 935 151 5921 24 1520 3030 32 33 72 34 48 136 96 3802 5012 53 30 78 5455 2662 3639 5398 1428 3537 90 134 2157 131 4873 2606 69 92 4686 157 4031 5593 2542
1572 92 3814 83 2384 1480 129 1239 4782 3153 3422 1474 1569 117 157 162 1391 113 23 2305 4092 65 169 73 6026 36 42 4252 103 1538 137 118 364 1316 3992 58 62 5889 532 835 93 148 5770 146 53 123 1123 927 147 428 44 153 3939 163 4079 52 2231 149 38 2382 3070 134 82 174 151 4925 3759 1553 48 25 5303
1303 178 139 128 100 174 118 6040 173 161 151 149 1162 733 5722 204 4698 1957 120 2230 3580 1615 127 45 117 105 58 59 3397 2806 5800 2721 4176 4768 72 148 2180 4781 3617 2210 852 1769 916 81 48 109 74 1840 62 157 169 4404 123 5771 187 170 2511 125 3830 1686 2166 202 205 2687 4905 150 258 68 1284 2807 54
3417 747 137 4902 1777 166 3891 105 36 151 1115 101 2855 80 17 4456 742 62 1115 72 95 58 123 401 76 4868 2949 1951 92 926 4348 48 149 124 53 1940 127 3868 146 4012 87 26 5420 129 69 4705 126 90 3268 2732 4419 4914 4874 172 33 5063 18 29 3208 4086 3821 3670 676 4200 147 133 117 157 2441 15 103
222 68 81 58 136 4807 2701 4334 150 44 123 73 4031 5411 135 4117 1464 3059 2642 63 152 4889 181 92 71 53 3522 36 2365 5149 145 175 886 5875 946 83 2269 122 2440 4846 115 134 2196 131 20 1919 117 149 99 4506 129 2783 2600 70 163 142 62 151 3394 118 169 132 1002 104 2592 95 1903 3154 39 246 173
379 130 5538 48 149 157 26 5200 92 156 1936 4506 73 101 3207 169 24 136 1503 4449 60 2941 151 127 163 100 1026 2444 93 49 4399 5826 65 1158 2503 123 118 6012 4225 1542 143 103 5417 4575 218 5363 44 3438 5975 34 5179 36 2207 185 902 4859 3234 1259 134 2236 3662 3989 3122 181 129 3046 3846 95 147 148 52
2705 132 190 3770 5515 52 85 2201 4440 173 4942 5802 1417 5708 3539 123 740 162 56 159 5993 885 2281 2248 5234 2239 1714 118 128 77 189 2186 4619 169 138 5932 5063 73 181 1378 104 116 53 1245 2817 149 151 150 163 166 3016 5511 4658 182 186 868 4019 58 92 135 1278 170 580 933 153 68 143 63 70 5734 145
1224 59 151 33 4988 1096 96 58 4428 2973 148 169 5056 173 2677 2948 865 1547 1687 5784 62 120 170 4539 123 149 2118 3543 4936 5506 88 63 4399 1382 161 5379 29 35 136 202 204 150 1374 139 1219 193 117 2974 2864 4380 3368 1645 99 190 3765 195 57 3049 642 146 1876 199 5218 131 166 1270 53 184 3692 1198 703
1583 1 122 694 76 58 3167 5881 177 53 99 166 147 485 173 73 581 3728 26 90 4189 121 789 3525 2359 137 151 1686 48 4107 148 4999 82 169 33 5690 1519 131 157 3220 42 139 1155 2815 3528 680 111 3004 49 175 2288 134 117 5253 44 399 884 5887 4513 2625 69 221 146 533 127 2091 136 5315 36 283 163
1526 90 58 53 137 4302 798 130 4037 29 4114 2639 3738 148 113 3674 117 174 5397 1724 151 1633 146 5670 92 179 5314 20 73 2978 139 988 3 4836 1937 4544 3301 23 5921 49 127 134 4813 6025 163 103 147 1456 2455 44 173 1150 2061 62 22 129 149 5119 42 4669 5370 2462 5006 169 166 2107 2922 36 48 1811 3475
3480 131 151 165 195 1104 1503 180 130 5868 785 2675 5596 3571 139 3957 187 1374 113 132 196 193 5507 5850 2124 4412 156 3042 138 150 2940 5671 192 1465 5083 4142 146 4348 3544 3343 821 5232 4090 175 2566 1009 163 169 4342 199 202 167 149 173 628 1532 161 197 134 2957 127 115 125 201 140 118 205 1360 4349 2650 3866
1922 51 1020 136 3983 1067 28 2160 118 169 22 123 3851 4940 1022 3407 111 149 2426 58 56 3895 1249 36 1418 95 162 2835 163 1029 5710 156 1888 3348 4579 99 26 68 5672 34 166 133 40 5673 2628 751 75 132 88 65 5726 151 150 644 847 1085 492 48 102 2839 117 92 45 3406 4370 1268 4244 73 78 157 726
749 5328 63 240 758 5487 5332 208 4729 1770 241 161 195 81 235 198 244 3146 4340 166 1664 1402 2375 4859 4805 170 277 204 173 232 109 139 2491 120 2206 967 169 117 3470 3973 4148 3082 149 136 62 4760 4947 193 2818 5651 1802 131 157 183 78 1576 151 1344 242 216 1462 102 4679 5751 205 107 84 2213 3629 553 2635
2698 181 147 198 998 5968 3869 48 39 4998 200 324 63 103 145 52 135 162 5001 379 1684 170 157 2727 4523 5126 3161 95 44 5844 199 179 163 65 116 1253 92 136 93 53 102 5080 195 73 188 85 389 4254 123 4258 117 1524 104 113 4398 55 454 186 101 576 83 3173 119 793 1862 4974 3776 166 397 3308 158
38 3314 224 522 3738 118 92 163 192 73 3397 193 104 1315 5729 187 870 56 202 404 4874 151 2637 166 4762 3300 78 3432 784 4512 45 136 235 4203 51 225 35 1439 2070 201 169 2235 1078 38 3157 5105 3914 119 2391 239 3816 334 80 182 48 2200 2333 2164 161 204 216 194 131 72 3069 758 5806 162 5841 149 58
20 192 130 2856 174 134 1321 3548 93 3075 111 5233 3033 1799 100 5979 60 163 155 5696 5238 1723 58 53 162 129 151 87 4383 743 3725 147 118 1523 1671 6001 5704 748 5579 103 82 187 157 1841 49 1603 1319 132 2674 4724 91 181 4463 3197 1885 123 5509 156 193 2325 3753 101 5376 190 149 52 2328 2590 169 62 86
1392 610 4316 146 76 193 163 1649 5935 150 92 147 1191 151 477 2031 2938 4423 4013 96 50 1497 2114 187 3115 4247 1061 4041 1200 118 5229 133 190 38 3090 5902 148 169 184 197 195 807 5926 123 4775 157 5410 217 3011 1664 3790 36 5001 1334 1550 53 82 175 149 192 143 1268 99 58 95 4722 142 183 4313 161 156
2803 133 57 5512 5169 139 3133 546 882 203 198 5055 120 2292 3823 148 5424 147 235 3756 48 3739 6019 195 136 305 5818 152 3441 2867 3939 3568 68 175 4391 132 169 166 1479 193 2401 5662 1136 216 721 223 1363 118 2197 5358 6033 161 173 117 192 190 151 237 236 58 4609 1890 96 179 1166 92 224 123 5366 5564 5632
587 4941 6034 2664 2647 169 65 51 114 117 4010 139 162 134 38 2313 3876 48 1662 1929 168 92 105 99 45 156 5264 1659 144 119 4756 5344 3058 146 2311 178 589 184 112 2317 5098 183 131 132 1288 3515 508 2680 3880 26 192 175 5262 4501 75 3108 995 2241 78 6019 36 2762 157 5194 394 136 53 334 93 4920 56
2405 711 176 500 44 4171 101 4135 5700 42 1582 4603 553 148 5118 59 38 132 2040 195 4572 169 151 123 129 45 2528 5622 100 37 36 149 2292 5802 1641 109 166 181 117 371 139 2026 118 1744 3533 5276 488 199 4524 58 4703 146 48 50 65 3882 4241 40 4215 1800 47 6002 4093 157 2809 173 5987 2691 62 175 130
1219 689 873 193 3266 5532 3299 58 1831 204 202 1344 5 3440 182 3927 1173 44 168 198 208 4761 48 59 151 117 709 3794 3323 5315 5792 65 260 5844 343 62 176 4301 2412 245 129 226 216 169 5415 231 251 181 130 122 105 146 242 148 174 6029 2852 928 212 132 2657 1327 2426 2204 2658 118 4435 149 126 4142 2634
732 134 40 33 5835 2770 4801 3120 689 48 149 118 2463 29 2798 87 5017 123 44 73 5841 166 42 4777 4297 3233 871 143 137 205 65 497 3587 122 92 2688 129 2292 318 3210 151 2516 163 912 3846 49 1575 157 1443 3028 3240 3423 52 1233 93 1 147 269 103 36 5219 2173 127 169 82 89 2086 5728 95 148 62
1229 4699 245 2583 146 3395 235 123 5145 2242 195 156 2115 2844 4718 65 5847 151 216 126 88 1847 3805 4232 62 1016 2881 149 233 150 1266 3878 59 68 1788 2081 131 3334 109 2520 136 177 225 2300 4706 222 239 3173 230 183 3191 241 205 6018 2309 81 4953 3127 157 2649 173 54 58 3621 2628 169 3960 1010 4294 171 175
3175 2144 2911 166 136 133 804 5936 3804 150 1427 220 92 186 175 83 229 74 137 1312 5715 1119 225 82 202 4386 119 192 362 2862 63 62 230 39 212 4163 4389 135 2885 3119 70 895 149 148 1458 79 242 2087 3814 163 208 216 58 795 440 5295 60 2403 762 4883 2610 4225 102 3982 4020 5819 187 221 5767 3370 156
1960 136 150 62 123 3196 166 96 4748 5735 175 58 2342 195 5772 4426 149 208 94 184 4061 215 140 181 43 4309 73 167 398 4960 53 2981 758 2163 3571 2313 865 461 172 118 146 2794 2762 1802 131 4498 92 5632 4171 89 1655 88 509 2952 2883 5361 2252 66 144 4164 216 198 204 145 148 3731 3801 1059 169 1273 350
3750 2622 134 2199 1245 3605 39 3327 119 1994 138 58 2098 75 135 73 92 117 96 5358 63 123 103 5773 114 53 132 5600 68 5012 870 49 2631 4769 102 84 2840 57 109 4302 2277 4389 121 128 2113 131 2671 4362 50 93 3280 35 44 3804 115 77 4945 118 127 3015 4982 5259 1835 5247 4532 70 90 4544 2434 199 1401
1078 5845 1843 175 54 157 88 2016 212 220 44 4005 243 1352 1659 230 136 2978 181 123 242 224 2626 5881 173 151 1778 146 198 668 4352 1410 176 42 5420 149 4391 216 508 2366 4687 107 2268 193 226 4785 5147 734 91 5066 204 132 276 150 1490 507 235 2578 169 3293 584 202 4044 225 2844 513 4015 1030 3883 118 62
907 266 81 58 88 196 3571 1978 5970 1504 160 224 3060 360 3527 1234 195 4463 183 70 2968 3871 3536 1237 4317 193 245 5621 216 170 893 106 114 97 212 169 109 123 6003 244 3912 107 3027 4713 786 161 4041 265 146 866 148 3172 237 67 567 2722 94 1918 235 3748 166 261 2045 59 208 4235 4855 866 5275 173 3421
3407 89 143 4786 1126 1532 75 77 894 96 36 4213 146 133 144 2096 544 4865 2695 5814 4564 35 3577 151 1228 92 5296 2824 150 2183 4794 5365 3226 4527 5555 1609 59 1070 85 34 159 90 38 156 4857 5326 71 148 3361 145 83 76 70 2300 99 5559 160 5894 4042 2836 2082 149 163 147 4210 4352 117 102 74 5269 113
1072 26 62 1234 27 136 5354 4746 1147 799 48 2011 151 53 2507 3875 68 320 4740 149 4836 3364 114 1370 1351 2346 2586 75 1821 4672 1948 99 166 96 2797 132 44 92 5294 5725 3084 157 165 4356 93 2091 119 42 3249 2761 5783 83 146 133 5828 129 4943 40 117 5665 4405 599 116 408 161 665 109 31 139 147 58
3622 93 92 61 113 127 76 3021 1024 5117 1218 42 65 38 1394 1529 551 5705 110 3445 162 195 3086 143 2474 86 96 144 99 386 4420 436 2617 36 4671 2613 90 130 5794 3496 117 4641 3324 2545 843 147 169 1738 166 3485 1637 5549 167 1012 3985 135 1353 44 163 3653 149 188 3364 48 148 4313 3486 4524 39 70 134
1355 127 58 3548 36 130 3986 117 3664 2184 3694 101 4266 137 185 33 139 4529 4029 2555 3557 181 134 4000 80 4730 1270 4307 1561 2178 179 626 44 103 4782 787 62 1194 6006 1231 29 95 1141 48 100 4464 60 121 190 1967 73 169 162 148 49 1987 4841 192 118 5692 157 2194 1907 174 93 42 4612 1796 653 53 2287
3526 51 123 73 3976 946 105 169 2571 121 2358 2163 29 2499 5260 128 173 130 151 4366 4135 116 5142 174 149 2119 181 183 2317 1936 4171 4687 33 157 163 165 4064 1525 139 101 3335 1805 117 122 5850 4845 48 1512 53 3555 1034 42 93 166 148 5855 291 2287 58 179 184 118 2709 2046 125 36 312 2777 266 834 5588
2699 166 64 109 149 2641 2945 132 83 5039 135 122 102 5754 55 4177 3826 169 39 129 5739 5948 49 1631 714 3580 4710 150 163 190 2883 182 77 4298 186 76 1787 181 70 4909 1838 4160 1505 161 73 153 143 139 1622 117 3750 112 92 1494 108 2626 1801 2756 45 999 1816 90 145 2028 2964 2737 63 230 3647 165 1379
1218 1009 123 261 3077 131 107 751 245 278 136 4491 1033 1521 4985 173 4830 2 3303 2276 149 127 165 202 2772 90 264 5882 1708 169 208 4959 190 5559 117 5512 1372 166 285 6038 4698 3558 282 4914 254 150 193 289 216 59 120 187 5375 3913 318 161 102 4551 611 986 3937 2661 225 909 779 296 62 295 3255 5719 284
1246 204 3568 146 1027 186 5680 238 4307 940 131 109 173 149 123 45 56 996 155 161 2713 1188 8 58 195 37 47 62 3192 137 4552 216 5905 107 235 225 3833 169 81 4900 5761 3669 3188 35 120 658 33 1633 5692 5524 4426 38 4473 48 53 3333 2498 2269 2043 242 5154 3018 59 156 3490 5808 166 67 4950 148 684
1088 547 3500 192 3589 2224 182 58 47 1491 2295 169 1480 3906 204 53 198 1153 1861 62 195 175 165 2597 5727 76 138 343 123 4552 181 4012 5802 2087 224 3658 149 4723 56 807 4547 151 4412 196 6000 4228 131 2167 190 95 208 894 90 137 110 684 5297 205 4930 173 1929 163 2386 2486 142 186 4080 129 1201 5007 166
1543 1869 92 122 5634 3322 110 36 137 4833 933 148 117 5195 5109 3952 115 146 5859 149 42 101 1964 60 3548 133 4113 4289 2975 166 127 167 57 160 1588 86 73 118 48 100 4462 4501 510 2274 5220 17 4630 216 58 187 4205 4314 124 1954 4852 113 4522 3673 747 26 4097 93 75 134 1664 3894 3289 50 147 103 108
1221 1471 4848 149 163 130 403 208 488 2501 73 174 105 192 5466 4698 5306 4930 62 165 3066 4972 2177 179 3448 195 170 5134 120 117 181 198 125 400 2493 173 157 148 216 1556 129 3876 5288 1398 58 139 2336 2200 150 116 3619 1715 3509 5003 2740 2281 118 220 197 4530 5175 3179 204 569 202 1864 123 84 3622 199 147
149 157 5820 3880 4401 48 204 3448 96 459 4784 123 223 195 72 82 5281 53 117 163 181 192 3612 1312 133 3442 65 1286 169 266 183 148 5056 1407 3759 3000 149 5487 1531 608 33 67 202 150 1243 4613 198 55 4812 1193 216 3711 4151 979 147 166 2375 5284 199 1607 3059 90 224 5495 137 330 56 1483 4002 187 369
110 344 127 1652 2032 1370 161 131 5418 196 212 67 3532 2303 245 5184 208 2482 81 4628 120 5830 1376 235 221 158 3627 4626 146 259 166 726 225 91 142 3938 123 199 5187 169 149 175 46 5187 261 5068 1952 3551 58 4799 205 97 2463 102 4322 4646 2218 3203 88 85 634 1839 3575 150 173 195 202 124 3910 107 62
3752 1403 5975 127 113 947 3600 57 144 5743 741 29 148 4714 5663 120 92 72 373 305 2440 63 5417 2902 4914 96 36 73 48 4170 1379 5128 2502 5452 3873 66 926 147 5767 1071 229 103 134 93 125 82 5093 4165 99 4535 76 3989 117 143 130 2983 4315 5527 61 65 77 5472 151 39 138 149 4535 70 74 5195 4780
2709 135 5722 208 3859 151 2999 5363 1661 85 3392 186 187 133 1104 702 83 104 170 88 3090 175 145 202 797 3119 378 599 1009 162 3029 4210 3300 3706 139 5944 1291 3118 596 4003 154 159 4778 4019 3743 188 336 218 116 150 63 5944 137 149 5173 4420 64 117 769 1094 166 71 77 131 163 227 3629 2100 837 92 136
356 4147 3849 151 5254 118 193 92 156 78 195 525 133 187 1186 2216 106 2169 4566 59 1416 4581 137 199 38 4313 149 48 87 139 427 4423 111 204 58 132 163 5185 155 4241 37 35 5587 129 5819 4703 3659 3296 150 2840 4069 4559 196 4039 146 166 136 2115 180 703 161 4761 95 60 5067 45 1515 192 3982 1503 1858
2656 190 57 3643 139 192 584 128 103 92 157 53 4468 4076 59 2705 5037 683 4659 73 202 5633 68 1895 150 1393 45 966 113 62 1813 195 3117 4121 5935 3930 473 66 1332 5825 5711 206 178 198 175 199 117 98 4242 136 1155 1314 121 888 147 5184 607 1438 4246 58 151 146 108 181 2349 115 3814 2754 170 2197 5891
1093 133 169 235 150 204 166 225 4096 175 306 4604 59 139 1615 127 137 136 1155 149 180 4968 4942 2440 341 2533 157 208 1804 3317 1023 215 2223 131 1931 5180 3991 161 193 62 106 203 5059 3433 126 386 124 187 237 1014 151 65 979 1867 1208 2034 67 1167 111 271 1830 904 5012 1363 123 3399 582 63 5352 5960 230
1205 192 4374 181 195 172 2554 204 169 193 4275 868 3116 242 3156 199 2391 4143 4172 97 1863 25 146 216 463 5363 149 570 208 3119 139 4220 175 1781 245 272 3489 186 170 241 85 2082 225 166 1450 114 5896 669 3580 5730 173 432 1071 1917 244 151 230 3819 3332 4955 6024 157 271 165 1507 2333 183 4925 150 58 127
2984 199 3912 4815 5462 178 2723 4347 53 121 629 2428 130 174 168 169 110 123 1905 216 4208 3701 1287 2621 2478 4912 181 5223 5810 157 118 4827 1552 58 236 256 84 141 1877 4410 2255 166 1745 204 4765 195 255 151 3745 245 202 5935 5056 149 2199 5656 62 3749 73 5409 198 465 4337 4151 231 3668 179 2650 117 208 148
2639 166 101 2775 198 1147 5842 33 139 3591 146 5538 48 3708 1669 157 44 4616 3794 199 2142 58 5049 2628 4997 4493 173 121 161 2322 2940 49 100 62 123 192 130 504 2171 53 117 202 136 149 169 195 42 93 52 570 109 5694 4532 1446 36 4415 4578 4541 5542 118 3506 2768 3127 5533 3987 129 96 3629 71 148 521
3146 5778 48 187 4657 237 159 4264 148 90 257 1456 97 255 163 1927 1027 201 3799 92 973 65 179 197 1792 3492 4320 4460 175 799 198 91 2343 3149 1918 3519 238 82 4501 966 4475 1687 127 4087 3970 76 204 1408 33 224 169 208 2697 86 1953 96 4104 192 2947 245 95 249 4273 37 149 229 80 36 216 4196 195
2394 4704 5270 436 190 4513 145 90 987 193 187 4093 186 1494 166 2308 41 382 151 149 188 2463 4262 161 2483 3785 192 3299 5781 4721 116 57 414 132 2631 1657 58 3478 2885 964 131 584 3126 1487 729 163 3263 181 135 1353 202 150 102 545 169 175 136 56 3021 63 157 499 70 2563 3777 77 168 62 119 201 5313
3420 280 24 204 191 157 96 4222 151 91 2951 2107 5032 146 216 284 4185 249 4125 706 97 2295 4810 4396 149 181 83 3209 2316 99 878 3043 272 202 3368 2104 239 68 5750 3714 225 215 224 193 118 4941 1990 138 54 4107 142 3549 62 81 123 1634 1070 183 4799 245 4818 5391 5039 271 1905 264 2678 208 2206 161 235
1516 1036 187 232 73 2620 4074 4864 3428 3407 134 5807 225 48 1898 143 1212 4604 166 216 5289 4824 58 5932 4494 2201 3582 3967 191 75 195 68 3875 939 3848 78 4287 182 2924 151 175 194 224 3821 4004 2654 198 169 3282 5691 51 149 223 3398 109 192 4804 2991 181 132 148 4651 202 118 1476 111 136 4706 5987 960 163
1640 232 1553 156 5853 5096 190 201 2388 1925 1398 150 5817 1910 4485 798 149 3775 782 2853 58 1441 195 175 237 3400 216 5469 4787 4654 202 992 95 154 111 212 366 192 3725 139 243 628 1667 4906 2127 169 2514 235 123 134 224 73 1178 151 4542 242 214 877 223 92 2510 60 187 2044 230 2279 240 78 2558 3990 136
1277 161 97 132 139 2443 3065 4600 254 5500 53 1762 2681 157 204 3207 119 4838 5043 953 246 257 5052 175 513 216 5066 2057 192 35 629 109 91 44 235 263 945 220 195 2869 2711 240 68 117 4533 245 36 5997 205 5241 54 224 629 2954 3156 576 3281 202 198 193 123 2783 1985 45 3461 3070 1640 152 146 208 149
1251 2558 3587 123 146 169 261 150 62 205 6 270 187 59 3424 234 5314 166 1709 1036 1244 241 136 5213 4442 183 1968 196 1515 5917 216 173 5002 245 158 74 149 4477 1893 3151 195 3326 127 2960 97 1423 3396 4930 1471 2874 1064 161 157 1199 4089 190 3225 3854 49 3625 1709 4291 259 107 112 81 256 129 235 254 2806
366 2026 111 58 137 187 2088 5264 3405 204 4032 1840 539 181 4742 4527 212 146 2466 2995 5941 2095 83 1480 151 5640 2597 78 195 214 192 216 194 147 5983 2108 118 163 222 5118 5824 132 202 110 1346 182 136 134 2630 3116 320 2932 1243 166 4398 149 117 92 3248 2781 155 150 4261 90 3921 5335 175 3688 116 5727 5413
1357 150 76 547 127 56 5506 131 5634 192 5500 4302 209 1369 173 4652 180 169 686 149 82 187 5929 133 212 5582 5297 147 92 36 151 58 4361 3691 208 35 2071 69 5344 1826 4086 5508 5181 422 5419 3240 13 5819 175 177 5392 4854 216 201 123 202 1388 193 48 95 124 1258 96 199 195 4044 662 3366 4963 3123 5038
1207 5702 147 3908 202 598 5099 161 2695 123 1032 2337 97 100 4412 208 967 165 181 199 169 155 6021 2067 216 1655 3100 5846 225 3433 2936 458 189 53 224 1397 88 5577 4652 25 183 2646 4443 3499 1284 150 198 2127 157 232 149 58 5247 1623 3465 4924 166 139 1384 238 192 4586 120 62 236 59 230 1413 4556 173 1078
1675 2111 5822 4581 202 215 134 290 103 3952 157 174 139 3159 5907 100 101 131 151 48 3897 2027 60 121 52 1106 117 73 4395 5772 113 49 2606 2371 3559 195 159 1429 148 137 199 122 3003 53 2234 92 118 2800 1798 4329 2273 185 2871 4509 864 4065 58 6014 3506 257 149 169 3184 93 2684 1198 192 5069 3166 147 222
2099 3357 3543 116 3505 5071 133 2215 208 771 5427 53 3617 157 93 4970 2212 202 3717 3722 1915 42 466 5121 181 178 1122 204 4611 151 149 1040 3295 176 35 166 83 4928 132 2802 117 27 146 142 4501 169 284 3116 164 48 2254 81 34 5359 45 1665 150 2139 175 5811 653 4026 106 92 1288 5269 36 148 136 6007 37
2528 166 162 281 149 3048 235 1756 198 2750 2108 130 58 237 3027 123 4263 53 127 242 5268 380 169 256 860 262 157 5279 216 1012 121 4383 48 5735 117 151 1453 208 258 3146 62 5541 122 92 245 105 5225 5055 3537 5610 3531 173 3877 177 2243 5666 264 5467 4819 165 148 5421 1223 199 1963 44 1199 87 5482 42 634
2010 5967 199 102 45 198 1724 5439 6 262 4321 255 136 5403 3781 115 4330 151 34 177 5529 1349 3814 951 202 1470 44 166 42 123 1987 3982 178 5166 5979 131 4397 5742 181 117 4421 368 4027 261 5192 176 582 242 2540 1583 3836 157 248 58 73 216 2755 2725 92 532 195 1908 62 4549 169 192 5593 3039 48 179 237
2320 148 72 150 75 44 3173 1575 143 3024 22 2098 88 56 142 19 28 195 3531 5241 3537 4348 194 136 48 26 1003 163 3162 835 151 37 111 1162 132 566 190 118 5992 1044 90 169 192 5162 36 58 2697 187 4460 1689 472 78 73 3530 2690 4636 4355 3016 2770 4690 4620 4361 5952 649 2115 5217 961 45 198 95 4727
919 970 253 80 3824 202 2374 92 97 156 98 164 150 5007 53 151 5097 3897 5411 99 3612 89 59 40 497 68 3954 1018 4424 2522 62 749 204 3230 4533 1049 1995 5323 86 123 170 48 45 3695 989 44 131 95 2193 1798 907 4989 5184 175 5380 1914 58 2871 146 187 4448 3226 5913 169 91 161 107 136 186 1453 106
2323 4322 155 208 169 2195 5693 58 96 147 78 48 53 187 3842 175 120 3239 4350 151 170 72 94 860 2959 161 4374 2896 216 88 220 452 1477 2662 192 166 225 195 6 201 4358 5128 150 4665 204 375 131 55 38 95 3194 117 143 173 125 197 1356 1165 3809 4745 5144 68 5823 3388 263 2207 4266 3469 149 4604 5032
2011 216 198 691 2437 202 92 1461 204 1197 965 107 2104 1936 5885 5849 4831 3478 75 1052 102 242 3851 5609 144 3486 1149 1747 229 3425 192 677 73 3696 459 237 169 123 134 3664 2417 166 90 136 48 245 117 148 251 551 998 194 99 45 179 160 195 5736 824 3866 58 3802 1793 853 4844 3463 199 53 240 139 181
1089 4178 324 4567 2253 48 189 4643 202 172 5889 150 149 157 1485 1201 1554 247 118 186 3432 62 5904 123 198 66 148 5529 147 2327 169 4447 4660 197 4683 192 878 117 2297 438 53 3367 2856 4405 116 2967 107 65 510 175 1735 199 3856 161 58 181 4869 165 216 3123 57 179 4409 195 204 88 2849 361 208 514 2551
46 3721 28 3477 163 5281 4068 4869 3 131 3025 5318 22 38 85 166 4250 149 4230 90 3267 127 2053 181 129 2733 486 23 472 37 5569 2637 76 2862 73 169 136 5558 848 886 53 99 172 57 1401 1779 5155 3329 110 173 36 137 4848 5467 95 96 5460 564 5937 4245 133 48 123 138 4602 161 33 1233 82 32 3696
1499 146 2266 1268 245 1640 5210 91 193 169 1296 187 149 118 134 175 4491 5817 129 730 258 192 5455 4428 198 3980 156 3720 162 5112 1495 2629 117 3493 1479 4419 4406 3810 5567 2577 161 152 56 693 3689 182 68 1966 95 439 216 92 136 225 202 58 224 60 151 246 249 5277 220 2270 3277 214 235 5082 2224 370 123
1369 776 3376 3305 136 837 1715 558 5326 3597 1172 148 4259 3642 178 169 29 2795 5021 4492 5187 988 48 35 95 310 3886 52 5889 162 198 103 2712 130 36 4764 185 166 149 1152 4826 3134 82 157 134 2992 195 116 2920 129 53 2681 174 111 4444 147 5777 192 73 79 58 117 181 49 4515 123 3518 197 4923 5019 345
1953 163 101 194 2514 539 2748 5705 3320 1949 150 53 3904 100 195 2075 131 1343 3867 42 148 48 205 199 118 3078 67 146 3554 204 3320 149 1828 538 5766 5593 2937 557 130 5155 2263 4423 93 122 4756 136 1514 58 96 5223 169 731 65 2219 202 161 87 1245 127 1836 2253 3135 3604 36 3130 123 125 129 1345 198 57
1672 5356 974 803 3348 3710 92 1461 6008 204 3332 2576 4179 906 3732 4051 284 303 272 123 274 4600 202 4495 302 3345 3595 2534 216 281 195 267 308 844 2620 1359 301 166 874 2075 120 4288 258 139 1657 149 287 3428 150 131 3549 223 5372 560 169 163 4327 199 229 110 235 157 187 2768 1987 225 1746 1247 5218 192 175
2114 336 409 118 670 100 129 518 755 36 5507 147 210 3629 2332 2484 192 5389 1401 2176 157 105 175 3740 169 44 130 93 181 33 195 64 146 48 173 297 65 73 1440 123 1453 3021 3904 4714 3315 590 3561 2950 149 117 2671 4181 174 62 5242 40 109 4718 3237 2787 139 148 2039 166 131 3732 2526 58 42 2401 244
2193 174 4540 5953 225 5338 165 5784 5320 3210 1606 198 815 190 87 181 2654 5337 4813 3575 4653 136 179 118 130 4424 5196 93 157 149 216 880 5944 2734 202 244 169 3708 2120 58 117 146 175 3461 1604 105 42 208 4668 223 123 166 129 3745 5028 65 125 148 110 1269 173 2414 62 5423 4604 4692 138 3657 139 836 5456
1375 3208 1267 4974 40 241 449 5383 2998 192 242 195 5977 5078 48 131 222 101 2939 5702 1519 2739 179 318 216 198 127 3044 3238 4408 42 264 1933 178 118 3437 1508 199 121 5516 1133 4307 245 554 173 117 109 1637 4039 73 58 36 403 29 4678 5006 157 268 659 124 130 240 2947 139 4469 62 2755 1009 5944 262 148
586 36 998 2624 4254 137 1559 148 1261 212 5729 38 45 1241 123 72 116 198 192 1324 65 127 2511 2812 195 5999 82 223 3541 1899 151 53 133 4722 860 155 44 4227 604 1758 62 67 166 194 71 5995 3902 163 245 1931 149 988 169 202 1063 216 4647 5266 78 244 3996 5145 2464 204 136 4333 2794 1353 5241 37 3413
363 146 114 133 38 8 5801 168 1082 3643 4104 3402 5868 92 111 163 4012 136 4519 148 5101 93 48 178 4235 33 661 131 166 5081 5713 380 53 49 4757 78 119 5019 4858 3165 75 162 5628 109 3807 2418 1401 4139 196 3140 86 2991 3871 2636 6033 184 169 3856 80 578 99 112 142 139 3434 150 56 2545 2605 117 123
3252 121 1809 766 48 1627 59 2533 116 245 195 1640 192 1106 354 225 240 163 220 1520 4607 216 5262 204 1618 2758 123 142 3635 525 237 5157 5928 155 136 92 5537 202 1646 1504 4351 2781 5876 242 4044 73 153 140 2830 78 199 619 157 45 198 175 187 212 213 3060 4843 219 795 4234 149 917 169 2590 181 5995 5125
3670 58 876 62 216 2864 504 150 2559 175 222 3078 91 146 68 4890 53 978 192 9 3502 230 1519 5912 520 139 2723 927 4146 4626 302 2456 1921 1727 132 5041 235 245 2625 3734 282 45 157 272 169 109 117 9 3097 123 190 284 2993 2733 2686 48 208 161 860 1979 3820 1652 198 224 3007 264 472 685 54 280 193
1287 157 237 265 1480 264 1566 527 208 245 190 2016 2265 1938 139 3648 238 273 869 173 2343 179 604 4256 4140 274 216 1504 5912 3069 229 5392 212 263 297 3543 151 502 165 2349 169 2226 3534 272 118 1926 296 149 2106 2315 1239 5966 5389 174 2503 1755 132 3198 131 235 205 220 242 95 3830 114 146 58 59 1935 302
315 53 245 148 42 50 7 5446 1976 73 230 5197 5086 44 204 3145 202 118 242 64 4765 137 166 945 3534 3622 4335 198 1253 210 6008 139 157 3407 48 4346 93 179 3188 3591 199 5860 169 113 136 163 3558 4697 1018 479 215 4095 223 3872 2705 468 60 147 103 117 2800 1986 2205 2999 4934 192 5282 58 3377 149 195
922 88 1338 3264 5678 3431 2396 4019 235 988 261 308 158 255 2715 2660 2332 169 817 227 238 245 3067 216 1674 166 120 1199 161 140 170 518 5648 102 5849 184 5151 5407 236 270 2114 4189 195 1707 173 792 1979 668 297 149 300 480 97 224 2657 193 146 131 2453 67 597 2000 136 62 107 225 4183 3707 2717 6024 397
3159 305 76 274 5866 238 3789 235 2595 2904 5737 102 765 169 58 3976 150 3105 229 216 4451 142 1248 63 40 273 175 5368 5345 1296 267 4134 187 173 906 281 242 2272 1387 90 147 4286 163 190 166 161 1307 1659 4363 225 463 195 5207 114 2574 3631 819 272 199 4376 149 271 1309 5645 197 5133 2580 5103 133 192 135
1241 5503 4789 96 3132 2317 1005 195 4284 3750 4036 189 4432 163 118 5190 181 105 1126 5597 208 62 204 202 4314 58 179 147 4574 229 174 117 5836 130 5479 5983 4179 1385 5560 234 3802 107 2398 161 184 123 224 131 2952 235 3849 4849 5401 192 2282 149 125 139 239 2420 199 169 1250 4529 190 1923 173 225 4716 5588 590
735 5298 48 309 93 123 52 4189 223 633 1407 871 137 208 1952 101 4515 65 118 147 2379 249 210 117 3421 1993 157 3301 4381 49 336 45 5618 199 2835 148 298 204 58 4671 1513 3326 5392 2797 3266 2734 5943 169 129 202 92 3711 198 181 3810 1744 162 166 60 134 192 1870 90 331 156 5687 5354 151 2255 163 53
1916 3033 240 151 90 134 3606 148 2803 29 198 589 2217 2059 5120 149 163 5138 117 835 4914 53 5174 2502 4498 195 3452 4860 210 3583 73 230 242 192 122 1136 80 103 118 18 147 5244 92 3217 4676 1296 127 1742 3302 166 3511 199 169 179 1952 1808 45 191 95 1229 260 245 204 3396 3644 5573 65 1725 202 4103 223
1293 216 264 497 58 205 123 604 2678 5414 155 161 5136 5770 4684 293 2769 2261 5062 173 2994 1250 71 2392 199 2190 4434 324 1589 2078 1690 279 204 1951 280 2240 4282 4790 91 65 1083 202 195 149 157 270 107 109 2032 5805 4611 1818 190 81 118 181 2646 245 193 150 3158 169 62 795 146 5875 53 139 284 97 1948
3254 3345 92 3030 404 169 48 187 5844 238 3634 5055 5550 229 4211 237 72 123 194 159 3785 156 202 2902 53 1585 136 2826 1363 1750 2155 3524 4405 245 95 182 149 51 45 111 2764 216 4619 152 5932 133 1718 2875 69 4679 2147 2147 1470 157 198 4600 3747 5049 1843 118 2760 223 36 148 4143 90 3559 5323 78 65 204
1731 216 5623 1728 3849 3261 3447 95 132 136 730 3188 191 205 998 5875 2474 192 187 2160 110 202 181 166 5114 4439 2817 195 661 4444 2292 82 201 214 225 1501 5455 1924 1639 2988 826 220 956 681 157 235 73 1480 131 1931 190 5327 5583 129 150 151 74 1852 5523 4836 221 163 231 137 435 204 242 53 5079 240 988
3360 263 1496 5863 2500 261 216 2593 1455 220 1928 1168 107 245 132 118 123 151 150 176 181 225 799 2120 62 183 5141 169 5496 3580 251 244 3265 3017 198 4973 1282 109 5213 184 157 174 532 5882 1186 231 2464 1490 235 1401 88 226 5020 224 3105 4722 202 161 4556 1953 1326 5959 193 182 1851 178 1046 237 4643 5296 146
1395 136 147 242 998 4171 203 117 1612 1704 258 204 237 1163 134 4165 262 53 240 5564 225 69 4710 263 195 4833 198 4502 5321 264 590 95 2145 202 157 1304 5288 184 4511 272 199 5803 3909 129 3278 149 1541 3179 245 261 224 397 216 62 3232 58 3765 138 3292 144 4180 492 1077 192 3214 2649 160 1561 4073 4628 229
2762 563 134 116 52 188 4929 147 2397 2664 137 101 3945 102 586 122 2678 3983 144 2387 217 4630 5925 83 162 2779 157 92 5865 163 1416 93 5507 135 4134 4702 185 4910 5684 2889 5568 198 150 3793 661 912 90 149 317 3521 2866 3863 2317 129 123 1621 65 118 143 5677 156 133 899 204 5106 202 2452 148 159 4108 169
1257 1360 245 284 5749 166 139 3534 4673 649 202 329 149 107 6037 5535 4465 5117 319 231 1475 3993 2926 5164 305 278 94 173 190 175 2555 62 216 3156 220 123 5008 3230 626 5941 5566 2044 181 136 4191 302 235 2476 275 131 4249 4629 146 704 1005 2557 195 5155 2312 5713 2374 225 5212 2763 230 2158 150 116 208 255 81
2301 3710 4420 123 3381 216 98 3666 245 111 4180 3830 5958 2303 242 34 78 212 217 5887 1289 787 4533 523 2081 157 90 202 5175 5486 56 1369 4653 204 60 62 209 220 2397 2589 3538 198 134 3902 169 2729 182 240 163 5181 5540 3454 88 1323 45 215 156 5088 124 2844 181 187 4651 2851 5737 48 1146 1696 151 541 249
3447 2739 212 430 169 5554 4133 276 179 151 229 48 202 4205 198 2651 706 4934 3998 1868 216 58 65 117 195 2386 147 1286 3582 3239 384 199 5040 3923 230 3065 240 171 73 204 181 1387 4847 2825 118 146 223 569 143 4940 136 946 45 6032 53 139 2864 960 4976 4097 4774 6027 123 167 62 1773 3624 192 116 157 3568
1652 4619 5846 188 173 224 127 48 134 5527 238 389 137 175 136 5302 166 157 5889 4559 1402 36 998 113 148 59 3353 1012 151 25 149 1536 612 198 42 5371 187 192 2658 3864 1021 4171 199 53 146 1107 33 912 69 3204 195 4815 3872 58 5442 4070 3873 40 2612 794 79 179 3020 1355 4389 203 231 1371 117 205 245
1607 185 169 5300 240 213 4705 73 967 148 2115 4801 143 133 201 3157 2350 2568 71 53 202 191 4477 181 4608 5218 1734 183 1935 198 5372 149 5866 6022 3806 464 162 1359 204 166 65 93 123 173 52 192 103 147 4597 2248 332 212 2091 845 177 2690 3864 134 5476 858 92 3592 117 2557 129 95 2780 157 1099 216 4666
1390 3417 1694 1921 151 229 4577 1883 1839 214 326 92 3021 1247 179 117 1390 819 993 103 3400 2494 5259 90 1858 58 5597 1234 4643 242 255 3026 136 134 235 2638 1540 192 216 137 75 5135 252 260 1116 129 139 232 245 2215 2674 3912 264 163 2006 4026 4343 148 202 127 4700 210 93 411 2137 204 5942 261 157 147 195
2691 5289 127 1737 1229 5814 4028 149 122 4607 58 135 1096 73 517 1586 5918 111 25 35 138 3610 4938 5180 3309 125 218 5835 137 3711 161 651 2459 39 4182 151 4007 110 2889 950 1703 102 126 2067 1368 5706 1351 63 105 4347 1574 147 3572 49 83 53 93 23 2158 76 131 24 5814 30 146 5129 59 145 2649 68 162
2454 3133 3902 123 287 92 284 121 305 296 2316 230 328 278 4170 161 5141 309 4461 3058 4595 2156 366 5986 5444 3295 5881 2422 4440 151 4118 343 199 5646 2634 316 157 4158 264 245 5968 208 136 179 131 117 329 5959 133 5304 412 1464 240 390 3663 216 4870 166 424 5601 1121 425 255 517 5541 4211 564 4913 94 4309 263
3080 135 166 2039 70 305 3141 2253 195 2279 284 162 5503 48 3009 223 77 3423 83 202 302 3714 274 136 3986 63 133 841 4822 43 6007 3780 4058 1281 272 4314 119 5355 3002 308 4395 4793 269 117 92 245 148 412 5075 608 163 39 151 295 137 2691 221 278 150 131 5938 301 4938 5308 3760 2460 225 186 6009 5272 1472
3701 130 258 208 2616 190 3186 3797 274 260 65 1830 121 129 149 1473 4730 535 5471 97 3991 107 5376 5980 271 202 2622 199 245 4841 866 774 117 3837 53 4270 5128 157 247 4399 93 5732 195 58 151 3986 5987 252 269 456 400 264 204 165 1751 125 62 3787 235 1057 139 248 1751 100 128 2143 241 118 255 1662 177
2267 4163 99 202 129 5956 133 1558 162 573 1027 111 4214 1811 144 232 4866 195 3585 116 2839 96 2016 981 203 4061 5357 3911 157 123 3925 82 321 95 33 149 2948 62 167 5147 148 65 23 5098 53 137 5951 199 181 4838 883 571 198 560 175 4041 2428 1102 26 187 1560 110 3115 4900 1229 2793 48 192 161 169 622
594 35 187 5581 49 150 1882 229 139 2591 2339 521 137 142 162 2842 93 5547 3867 1429 136 589 36 186 33 233 131 5040 2040 2959 102 5583 3459 112 4498 457 2356 1156 1262 92 65 48 5764 114 204 5542 1892 146 184 58 117 427 225 1454 119 163 647 795 3762 6026 5666 1216 169 59 26 53 3635 3406 561 75 192
348 95 3282 212 5155 192 3840 1829 2037 978 598 1950 174 2701 1756 143 103 237 100 4802 148 4077 149 5777 591 3780 137 93 44 5970 147 49 130 139 53 118 4149 5588 199 198 1083 204 185 195 52 474 1714 4994 181 157 1275 210 5470 42 3597 169 82 48 3100 4134 1424 4771 117 476 2590 36 202 3021 1514 225 4282
968 5622 91 190 45 3463 5441 193 245 106 157 5160 173 216 5870 97 126 1438 4187 58 728 233 3553 1524 4200 3838 2777 123 5992 205 2467 892 4232 4695 4644 264 53 5515 140 6034 107 177 93 256 5898 32 174 44 100 161 136 4461 2616 169 5269 1568 65 841 5119 4541 2432 48 488 3718 62 59 146 195 3559 2396 42
3255 137 143 5876 82 134 122 216 42 148 3470 149 147 5082 309 5130 130 5997 3104 3869 185 5639 29 298 4977 117 5349 4886 3935 4290 90 53 181 174 2141 1145 33 260 2512 1713 5392 2826 522 95 199 4539 123 5522 5966 2608 169 118 202 240 2871 4363 157 48 125 353 676 1663 105 198 192 111 204 129 3122 36 708
903 3920 241 231 120 285 3548 402 5860 205 3293 2932 235 912 245 188 177 161 5540 195 4298 169 59 449 4046 173 286 208 4551 86 136 4860 224 391 308 166 4744 3132 146 81 5695 4529 3711 123 4025 196 307 302 1205 73 300 4915 62 58 280 97 3358 1536 266 5213 141 3288 2799 3681 536 289 3788 3333 183 4409 1821
1233 235 150 4396 3807 118 195 193 173 5975 139 725 2013 5275 109 3231 499 54 81 161 255 245 926 138 244 99 169 2642 1772 2896 3820 1580 4160 148 149 4558 5828 2601 1611 4500 216 734 3297 1938 1482 2082 240 4694 1127 159 4178 242 3596 4672 5972 205 4220 3683 224 4712 1359 120 123 146 204 59 97 157 230 243 181
596 2036 1786 5028 169 146 65 5914 244 209 268 166 163 576 6024 5517 199 216 2675 1499 133 137 785 4350 208 198 3622 151 267 679 4986 48 237 298 671 223 123 688 2420 36 5421 5846 686 386 131 73 264 80 72 202 62 370 156 4101 2488 195 5701 1454 3393 1705 148 1250 2211 5190 204 2396 157 182 3700 665 37
1673 150 1390 264 245 118 500 293 1300 127 1022 148 133 53 2403 4910 1669 5895 1080 1815 231 859 239 161 88 106 258 2564 181 3876 123 1621 3951 62 235 275 2657 5904 2888 3052 3817 151 201 1548 998 4852 38 4125 202 274 4139 2436 146 300 1039 238 208 3307 107 2951 2509 1365 173 308 1356 220 291 272 58 4724 5794
2053 176 5932 904 198 195 181 3572 1883 146 73 179 4088 1829 53 192 2924 117 5572 222 5557 1235 45 3563 223 4378 201 147 151 614 2757 136 674 1322 5022 166 686 184 75 3251 3037 2323 27 2252 570 3458 40 1226 162 109 216 2924 83 123 155 3478 204 1116 58 93 92 746 62 44 5499 148 48 202 5679 5133 102
912 169 3726 140 8 1351 90 304 181 83 342 2190 146 112 264 6018 188 5270 59 499 1973 4038 693 300 193 157 102 141 2136 2508 2848 173 2122 216 200 411 235 270 788 1673 132 2821 3835 218 3397 1602 3159 299 4922 402 1841 4851 172 183 245 123 1408 293 137 107 274 622 81 4996 1263 97 62 287 3111 214 74
2080 264 224 5801 4424 4621 184 307 2240 146 181 37 233 34 148 1462 48 26 1131 5095 1630 166 1922 75 5983 743 36 5365 5456 261 106 3097 324 1123 53 216 131 686 198 136 646 202 176 1257 192 3307 6005 204 49 114 35 5024 1815 237 45 5395 5393 1505 2883 92 4054 4797 73 3301 4815 186 78 117 2947 4996 686
3702 4938 148 93 5946 245 208 256 195 3713 4518 2650 1462 336 73 129 478 181 5175 1269 441 576 174 264 5282 1929 204 4745 165 118 130 53 1217 193 2886 121 58 139 3908 1699 5880 179 3680 241 491 125 216 236 62 173 5571 255 107 2283 4857 4294 49 3070 1964 4391 4872 117 4911 848 4839 151 3689 122 149 157 2245
10 3864 147 216 2259 88 214 2566 183 204 131 5556 148 3378 118 192 187 5166 2032 151 251 6034 1607 4410 245 78 72 157 212 136 5258 2917 1190 3355 4775 111 3438 202 915 229 29 178 2311 244 1436 577 175 1573 193 2395 137 5380 5735 4804 5132 3744 199 705 62 1159 416 4349 4528 169 123 143 198 5096 2752 213 156
1376 163 619 1241 92 4557 90 145 218 1540 5180 264 995 58 2569 245 169 237 1923 2895 195 4179 202 4910 122 1163 214 1144 110 3862 2798 232 181 117 1178 3274 268 148 137 139 1056 5010 166 841 3351 1381 149 981 123 73 204 1371 131 162 138 923 3489 1237 134 677 5699 93 199 4738 4109 198 192 223 147 1770 5149
2889 195 240 127 3945 199 148 4441 136 2197 161 2675 137 57 225 5629 3599 3111 69 58 4425 2908 163 157 202 3315 4872 350 237 229 198 147 1508 245 2635 192 203 2381 224 704 5054 5477 123 4679 625 181 187 1965 3474 4892 204 5020 76 2629 2792 504 1820 3396 239 142 149 95 131 3043 166 94 2984 150 6026 238 162
3754 146 1907 1211 134 110 274 66 188 5947 138 50 5932 83 125 107 5719 2074 85 120 3179 133 4794 2384 57 769 90 149 1783 2245 2435 113 256 118 3636 5711 108 1033 115 1568 82 3053 140 1973 1460 64 116 5469 102 657 5694 129 127 5914 61 4856 58 3682 65 5258 3412 148 150 76 101 3061 99 71 117 463 5291
1027 114 3512 75 205 74 216 96 1255 769 3723 245 4252 3678 136 1902 166 73 4015 811 3691 5622 3123 1993 139 5132 3168 748 3310 233 45 271 109 5208 1505 1894 53 1814 92 5732 1921 178 4943 59 224 857 204 184 35 77 1644 3441 146 4101 1879 173 48 117 44 192 175 5498 198 1165 789 264 266 231 119 3627 1539
2000 308 314 216 3812 1400 162 293 3560 331 2366 882 349 1821 264 118 272 73 58 198 240 644 4857 2525 2082 2640 284 62 2953 273 428 1991 3302 1986 4986 4707 3483 288 42 1457 3581 4685 3456 101 302 123 4952 329 4253 3524 110 102 195 1229 326 169 151 174 792 139 2819 36 133 300 1505 760 2936 306 34 959 202