2857 0.0 1.0 1.0 0.0 1.0 1.0 0.0 0.0 0.0 1.0 1.0 0.0 0.0 1.0
259 1.0 1.0 1.0 1.0 0.0 0.0 1.0 0.0 0.0 0.0 1.0 1.0 0.0 0.0
1195 1.0 1.0 0.0 0.0 0.0 0.0 1.0 1.0 1.0 1.0 1.0 0.0 0.0 0.0
1209 1.0 0.0 1.0 1.0 0.0 1.0 1.0 0.0 1.0 0.0 1.0 0.0 0.0 0.0
479 0.0 0.0 0.0 1.0 1.0 1.0 0.0 0.0 0.0 0.0 1.0 1.0 1.0 1.0
2027 0.0 1.0 0.0 0.0 1.0 0.0 0.0 1.0 1.0 1.0 1.0 0.0 1.0 0.0
588 1.0 1.0 1.0 1.0 0.0 1.0 0.0 0.0 0.0 1.0 0.0 0.0 1.0 0.0
2570 0.0 1.0 0.0 1.0 0.0 1.0 0.0 0.0 0.0 1.0 1.0 1.0 1.0 0.0
1269 1.0 1.0 0.0 0.0 0.0 1.0 1.0 0.0 1.0 1.0 0.0 1.0 0.0 0.0
592 1.0 0.0 0.0 0.0 0.0 1.0 0.0 1.0 1.0 1.0 1.0 0.0 0.0 1.0
1579 1.0 1.0 1.0 1.0 0.0 0.0 0.0 1.0 0.0 0.0 1.0 0.0 0.0 1.0
1197 1.0 0.0 0.0 1.0 1.0 0.0 1.0 1.0 0.0 1.0 0.0 0.0 1.0 0.0
607 0.0 1.0 0.0 1.0 1.0 0.0 1.0 1.0 1.0 0.0 0.0 0.0 1.0 0.0
2761 0.0 1.0 1.0 0.0 0.0 1.0 1.0 0.0 1.0 0.0 0.0 1.0 0.0 1.0
109 1.0 0.0 1.0 0.0 1.0 0.0 1.0 0.0 0.0 0.0 1.0 0.0 1.0 1.0
2395 1.0 0.0 1.0 0.0 1.0 0.0 0.0 1.0 1.0 0.0 1.0 0.0 1.0 0.0
1196 1.0 0.0 1.0 1.0 0.0 1.0 1.0 0.0 0.0 1.0 0.0 0.0 0.0 1.0
526 1.0 0.0 1.0 0.0 0.0 0.0 1.0 1.0 0.0 1.0 0.0 1.0 1.0 0.0
1616 1.0 0.0 0.0 1.0 1.0 0.0 1.0 0.0 0.0 0.0 1.0 1.0 0.0 1.0
1264 1.0 1.0 1.0 0.0 0.0 0.0 1.0 0.0 0.0 0.0 1.0 0.0 1.0 1.0
1096 1.0 0.0 0.0 1.0 0.0 0.0 1.0 0.0 0.0 1.0 1.0 1.0 0.0 1.0
2627 0.0 1.0 1.0 0.0 0.0 0.0 1.0 0.0 1.0 1.0 1.0 0.0 1.0 0.0
2996 1.0 1.0 1.0 1.0 1.0 0.0 0.0 1.0 0.0 0.0 1.0 0.0 0.0 0.0
317 1.0 1.0 0.0 1.0 0.0 1.0 0.0 1.0 0.0 0.0 0.0 1.0 0.0 1.0
857 1.0 1.0 1.0 0.0 1.0 0.0 1.0 0.0 0.0 0.0 1.0 1.0 0.0 0.0
355 1.0 1.0 1.0 1.0 0.0 0.0 0.0 1.0 1.0 0.0 1.0 0.0 0.0 0.0
2715 1.0 0.0 0.0 0.0 1.0 0.0 1.0 0.0 1.0 1.0 1.0 0.0 1.0 0.0
295 1.0 1.0 0.0 1.0 0.0 1.0 1.0 1.0 0.0 0.0 0.0 0.0 0.0 1.0
1239 1.0 1.0 0.0 0.0 0.0 1.0 1.0 1.0 0.0 1.0 0.0 1.0 0.0 0.0
0 1.0 1.0 1.0 1.0 1.0 0.0 0.0 0.0 0.0 0.0 1.0 0.0 0.0 1.0
1213 0.0 0.0 1.0 1.0 0.0 1.0 1.0 1.0 0.0 0.0 0.0 0.0 1.0 1.0
2915 0.0 0.0 1.0 1.0 0.0 1.0 0.0 1.0 0.0 0.0 1.0 1.0 1.0 0.0
456 0.0 0.0 0.0 1.0 0.0 1.0 1.0 0.0 1.0 1.0 0.0 0.0 1.0 1.0
3577 0.0 0.0 1.0 0.0 1.0 0.0 1.0 1.0 0.0 0.0 1.0 1.0 1.0 0.0
1199 0.0 1.0 0.0 0.0 1.0 1.0 1.0 1.0 0.0 0.0 0.0 0.0 1.0 1.0
540 0.0 0.0 0.0 1.0 1.0 0.0 1.0 1.0 0.0 0.0 1.0 1.0 0.0 1.0
2986 0.0 0.0 0.0 1.0 1.0 1.0 1.0 0.0 1.0 1.0 0.0 0.0 0.0 1.0
1258 1.0 1.0 0.0 1.0 0.0 0.0 0.0 0.0 1.0 0.0 1.0 1.0 0.0 1.0
49 1.0 1.0 0.0 1.0 1.0 1.0 1.0 0.0 0.0 0.0 0.0 0.0 1.0 0.0
33 1.0 0.0 1.0 1.0 0.0 1.0 0.0 0.0 1.0 0.0 0.0 0.0 1.0 1.0
2790 0.0 1.0 1.0 1.0 0.0 0.0 0.0 1.0 1.0 0.0 0.0 1.0 0.0 1.0
779 0.0 1.0 0.0 0.0 0.0 0.0 1.0 1.0 0.0 1.0 1.0 0.0 1.0 1.0
3174 1.0 0.0 1.0 0.0 0.0 0.0 1.0 0.0 1.0 1.0 0.0 1.0 0.0 1.0
1192 1.0 0.0 1.0 0.0 0.0 1.0 0.0 0.0 1.0 1.0 0.0 1.0 1.0 0.0
918 0.0 0.0 1.0 0.0 1.0 0.0 1.0 0.0 1.0 0.0 1.0 1.0 1.0 0.0
923 0.0 0.0 0.0 0.0 1.0 0.0 1.0 1.0 1.0 0.0 1.0 1.0 1.0 0.0
1126 0.0 1.0 0.0 0.0 1.0 1.0 0.0 1.0 0.0 0.0 0.0 1.0 1.0 1.0
2354 1.0 0.0 1.0 0.0 0.0 1.0 0.0 0.0 0.0 1.0 0.0 1.0 1.0 1.0
1386 1.0 1.0 0.0 0.0 0.0 1.0 0.0 1.0 0.0 0.0 1.0 1.0 0.0 1.0
1220 0.0 0.0 1.0 0.0 0.0 1.0 1.0 0.0 1.0 0.0 0.0 1.0 1.0 1.0
911 0.0 0.0 1.0 1.0 0.0 1.0 0.0 0.0 1.0 1.0 0.0 1.0 1.0 0.0
1035 0.0 1.0 0.0 0.0 1.0 0.0 1.0 1.0 0.0 1.0 1.0 1.0 0.0 0.0
1212 0.0 0.0 0.0 1.0 1.0 1.0 1.0 0.0 0.0 1.0 0.0 1.0 1.0 0.0
1609 0.0 1.0 1.0 1.0 1.0 0.0 1.0 1.0 0.0 0.0 1.0 0.0 0.0 0.0
376 0.0 0.0 1.0 1.0 0.0 1.0 1.0 0.0 0.0 0.0 1.0 1.0 0.0 1.0
1290 1.0 1.0 0.0 1.0 0.0 1.0 1.0 0.0 1.0 0.0 0.0 1.0 0.0 0.0
1999 1.0 1.0 0.0 0.0 0.0 1.0 0.0 1.0 0.0 1.0 1.0 0.0 1.0 0.0
1135 1.0 0.0 1.0 1.0 1.0 0.0 0.0 0.0 1.0 0.0 0.0 1.0 1.0 0.0
3113 0.0 0.0 1.0 1.0 0.0 0.0 1.0 0.0 1.0 1.0 1.0 0.0 0.0 1.0
1306 1.0 1.0 1.0 0.0 0.0 0.0 0.0 0.0 0.0 0.0 1.0 1.0 1.0 1.0
1703 1.0 1.0 1.0 0.0 1.0 0.0 0.0 0.0 0.0 0.0 1.0 1.0 1.0 0.0
1720 1.0 0.0 1.0 0.0 0.0 1.0 1.0 1.0 0.0 1.0 1.0 0.0 0.0 0.0
1967 0.0 0.0 1.0 0.0 0.0 1.0 0.0 0.0 1.0 0.0 1.0 1.0 1.0 1.0
647 1.0 1.0 0.0 1.0 0.0 1.0 0.0 0.0 1.0 0.0 1.0 0.0 0.0 1.0
2598 1.0 0.0 0.0 1.0 1.0 1.0 0.0 1.0 0.0 0.0 1.0 1.0 0.0 0.0
31 0.0 0.0 0.0 1.0 1.0 0.0 0.0 1.0 1.0 1.0 1.0 0.0 0.0 1.0
3792 0.0 1.0 0.0 0.0 0.0 1.0 0.0 0.0 0.0 1.0 1.0 1.0 1.0 1.0
2173 0.0 1.0 0.0 0.0 1.0 0.0 0.0 0.0 1.0 1.0 1.0 1.0 0.0 1.0
2796 0.0 1.0 1.0 1.0 0.0 0.0 1.0 1.0 1.0 0.0 1.0 0.0 0.0 0.0
2290 0.0 0.0 1.0 1.0 0.0 1.0 0.0 1.0 1.0 0.0 0.0 0.0 1.0 1.0
2917 1.0 1.0 0.0 0.0 1.0 0.0 1.0 1.0 1.0 0.0 1.0 0.0 0.0 0.0
589 1.0 0.0 1.0 1.0 0.0 0.0 0.0 1.0 1.0 0.0 1.0 0.0 1.0 0.0
2958 1.0 1.0 1.0 0.0 1.0 1.0 1.0 0.0 0.0 0.0 0.0 0.0 0.0 1.0
3470 0.0 1.0 0.0 0.0 0.0 1.0 1.0 1.0 1.0 0.0 1.0 1.0 0.0 0.0
1373 0.0 0.0 1.0 1.0 0.0 1.0 0.0 1.0 0.0 0.0 1.0 1.0 0.0 1.0
1393 0.0 0.0 0.0 1.0 1.0 1.0 1.0 0.0 0.0 0.0 1.0 1.0 0.0 1.0
2682 0.0 1.0 1.0 1.0 0.0 1.0 1.0 0.0 0.0 0.0 0.0 1.0 0.0 1.0
591 1.0 0.0 0.0 1.0 1.0 0.0 1.0 1.0 1.0 1.0 0.0 0.0 0.0 0.0
1783 0.0 1.0 0.0 1.0 0.0 1.0 1.0 1.0 0.0 0.0 1.0 0.0 1.0 0.0
1572 0.0 0.0 1.0 0.0 0.0 1.0 1.0 1.0 1.0 0.0 1.0 1.0 0.0 0.0
1303 0.0 1.0 1.0 1.0 0.0 0.0 0.0 1.0 1.0 1.0 1.0 0.0 0.0 0.0
3417 1.0 1.0 0.0 1.0 0.0 0.0 0.0 0.0 0.0 1.0 0.0 1.0 1.0 1.0
222 0.0 1.0 0.0 1.0 1.0 1.0 0.0 1.0 0.0 0.0 1.0 0.0 0.0 1.0
379 1.0 1.0 0.0 1.0 1.0 0.0 0.0 0.0 0.0 1.0 1.0 1.0 0.0 0.0
2705 0.0 1.0 0.0 0.0 1.0 0.0 1.0 1.0 1.0 1.0 0.0 1.0 0.0 0.0
1224 0.0 0.0 1.0 0.0 1.0 1.0 1.0 0.0 1.0 0.0 1.0 0.0 1.0 0.0
1583 0.0 1.0 1.0 1.0 1.0 1.0 0.0 0.0 0.0 0.0 0.0 0.0 1.0 1.0
1526 0.0 0.0 1.0 0.0 1.0 1.0 0.0 1.0 0.0 1.0 1.0 1.0 0.0 0.0
3480 1.0 0.0 1.0 0.0 1.0 1.0 0.0 0.0 0.0 1.0 1.0 0.0 1.0 0.0
1922 0.0 0.0 1.0 1.0 0.0 1.0 0.0 1.0 0.0 0.0 0.0 1.0 1.0 1.0
749 0.0 1.0 0.0 0.0 0.0 1.0 1.0 1.0 1.0 0.0 0.0 1.0 0.0 1.0
2698 0.0 1.0 1.0 1.0 0.0 0.0 1.0 0.0 0.0 1.0 1.0 0.0 1.0 0.0
38 0.0 0.0 1.0 0.0 1.0 0.0 1.0 1.0 1.0 0.0 1.0 0.0 1.0 0.0
20 1.0 0.0 1.0 1.0 1.0 1.0 0.0 1.0 0.0 0.0 1.0 0.0 0.0 0.0
1392 1.0 1.0 0.0 1.0 1.0 1.0 0.0 0.0 0.0 1.0 0.0 0.0 1.0 0.0
2803 1.0 0.0 0.0 1.0 1.0 0.0 0.0 0.0 1.0 1.0 1.0 0.0 1.0 0.0
587 0.0 1.0 0.0 0.0 1.0 0.0 0.0 1.0 0.0 1.0 1.0 0.0 1.0 1.0
2405 0.0 1.0 0.0 1.0 1.0 0.0 0.0 0.0 1.0 1.0 1.0 0.0 1.0 0.0
1219 1.0 1.0 0.0 1.0 1.0 1.0 0.0 0.0 0.0 0.0 1.0 1.0 0.0 0.0
732 1.0 1.0 1.0 0.0 1.0 1.0 0.0 1.0 0.0 1.0 0.0 0.0 0.0 0.0
1229 0.0 1.0 1.0 1.0 1.0 1.0 0.0 0.0 0.0 0.0 0.0 1.0 0.0 1.0
3175 1.0 1.0 1.0 1.0 1.0 0.0 0.0 0.0 1.0 0.0 0.0 0.0 1.0 0.0
1960 1.0 0.0 0.0 0.0 1.0 1.0 0.0 1.0 0.0 0.0 1.0 0.0 1.0 1.0
3750 0.0 0.0 1.0 1.0 0.0 0.0 1.0 0.0 0.0 1.0 1.0 1.0 0.0 1.0
1078 0.0 0.0 1.0 0.0 1.0 1.0 0.0 0.0 1.0 1.0 0.0 1.0 1.0 0.0
907 0.0 0.0 0.0 0.0 1.0 1.0 0.0 1.0 1.0 0.0 1.0 1.0 1.0 0.0
3407 0.0 1.0 1.0 0.0 1.0 1.0 1.0 0.0 0.0 0.0 0.0 0.0 1.0 1.0
1072 1.0 1.0 0.0 0.0 0.0 1.0 0.0 0.0 0.0 1.0 1.0 0.0 1.0 1.0
3622 1.0 0.0 1.0 0.0 1.0 0.0 1.0 1.0 1.0 0.0 1.0 0.0 0.0 0.0
1355 1.0 0.0 1.0 0.0 1.0 1.0 1.0 0.0 1.0 0.0 0.0 1.0 0.0 0.0
3526 0.0 0.0 1.0 0.0 0.0 1.0 1.0 1.0 1.0 1.0 1.0 0.0 0.0 0.0
2699 0.0 1.0 0.0 1.0 1.0 0.0 1.0 0.0 0.0 1.0 0.0 1.0 0.0 1.0
1218 0.0 0.0 0.0 0.0 1.0 1.0 1.0 0.0 0.0 0.0 1.0 1.0 1.0 1.0
1246 0.0 1.0 1.0 0.0 0.0 1.0 0.0 1.0 1.0 0.0 0.0 0.0 1.0 1.0
1088 1.0 0.0 1.0 0.0 0.0 0.0 0.0 1.0 1.0 0.0 1.0 0.0 1.0 1.0
1543 0.0 1.0 1.0 1.0 0.0 0.0 1.0 0.0 0.0 0.0 1.0 1.0 1.0 0.0
1221 1.0 0.0 1.0 1.0 1.0 1.0 0.0 0.0 0.0 0.0 0.0 0.0 1.0 1.0
149 1.0 0.0 1.0 1.0 0.0 0.0 0.0 0.0 1.0 1.0 1.0 0.0 1.0 0.0
110 1.0 0.0 1.0 0.0 0.0 0.0 1.0 1.0 0.0 1.0 1.0 0.0 0.0 1.0
3752 1.0 0.0 0.0 0.0 0.0 1.0 0.0 1.0 1.0 0.0 1.0 0.0 1.0 1.0
2709 1.0 0.0 1.0 1.0 0.0 1.0 1.0 1.0 0.0 0.0 1.0 0.0 0.0 0.0
356 0.0 0.0 0.0 0.0 0.0 1.0 1.0 0.0 1.0 1.0 0.0 1.0 1.0 1.0
2656 1.0 1.0 0.0 1.0 0.0 1.0 0.0 0.0 0.0 1.0 0.0 1.0 1.0 0.0
1093 0.0 1.0 0.0 1.0 1.0 1.0 1.0 0.0 0.0 1.0 1.0 0.0 0.0 0.0
1205 0.0 0.0 0.0 1.0 0.0 1.0 1.0 0.0 1.0 1.0 1.0 0.0 0.0 1.0
2984 0.0 1.0 0.0 1.0 1.0 1.0 1.0 0.0 0.0 1.0 1.0 0.0 0.0 0.0
2639 0.0 0.0 1.0 0.0 0.0 1.0 1.0 0.0 1.0 0.0 1.0 1.0 1.0 0.0
3146 1.0 0.0 0.0 1.0 1.0 1.0 1.0 0.0 0.0 0.0 1.0 1.0 0.0 0.0
2394 1.0 1.0 0.0 0.0 0.0 1.0 1.0 0.0 1.0 0.0 1.0 0.0 1.0 0.0
3420 0.0 1.0 1.0 0.0 1.0 1.0 1.0 1.0 0.0 0.0 1.0 0.0 0.0 0.0
1516 1.0 1.0 1.0 0.0 1.0 0.0 1.0 0.0 0.0 1.0 1.0 0.0 0.0 0.0
1640 0.0 1.0 0.0 1.0 0.0 1.0 0.0 0.0 1.0 1.0 0.0 1.0 1.0 0.0
1277 1.0 0.0 1.0 0.0 0.0 0.0 1.0 0.0 1.0 1.0 0.0 1.0 0.0 1.0
1251 1.0 1.0 1.0 1.0 0.0 0.0 0.0 0.0 0.0 0.0 1.0 0.0 1.0 1.0
366 0.0 1.0 0.0 0.0 0.0 1.0 1.0 1.0 0.0 1.0 1.0 1.0 0.0 0.0
1357 0.0 1.0 0.0 1.0 0.0 0.0 0.0 1.0 0.0 1.0 1.0 0.0 1.0 1.0
1207 0.0 0.0 1.0 0.0 0.0 1.0 1.0 0.0 1.0 0.0 0.0 1.0 1.0 1.0
1675 1.0 1.0 1.0 0.0 1.0 1.0 0.0 1.0 0.0 0.0 0.0 0.0 0.0 1.0
2099 1.0 1.0 1.0 0.0 0.0 0.0 1.0 0.0 0.0 1.0 1.0 0.0 0.0 1.0
2528 0.0 0.0 1.0 0.0 1.0 0.0 1.0 0.0 0.0 1.0 0.0 1.0 1.0 1.0
2010 0.0 1.0 1.0 0.0 0.0 1.0 0.0 1.0 1.0 0.0 1.0 0.0 0.0 1.0
2320 1.0 1.0 0.0 0.0 0.0 1.0 1.0 1.0 1.0 1.0 0.0 0.0 0.0 0.0
919 1.0 0.0 1.0 0.0 1.0 0.0 1.0 1.0 1.0 0.0 0.0 1.0 0.0 0.0
2323 1.0 0.0 0.0 1.0 1.0 1.0 1.0 0.0 0.0 0.0 0.0 1.0 0.0 1.0
2011 0.0 1.0 0.0 1.0 1.0 1.0 0.0 1.0 1.0 0.0 0.0 0.0 0.0 1.0
1089 0.0 0.0 1.0 0.0 1.0 1.0 0.0 1.0 1.0 1.0 1.0 0.0 0.0 0.0
46 0.0 1.0 1.0 0.0 0.0 0.0 1.0 0.0 1.0 0.0 1.0 1.0 0.0 1.0
1499 0.0 0.0 0.0 0.0 1.0 1.0 1.0 1.0 1.0 0.0 1.0 0.0 1.0 0.0
1369 0.0 1.0 0.0 1.0 1.0 0.0 1.0 0.0 0.0 1.0 0.0 1.0 0.0 1.0
1953 0.0 1.0 0.0 0.0 1.0 1.0 0.0 0.0 1.0 1.0 0.0 0.0 1.0 1.0
1672 0.0 1.0 1.0 0.0 1.0 0.0 1.0 1.0 0.0 0.0 0.0 1.0 0.0 1.0
2114 1.0 0.0 0.0 0.0 0.0 1.0 0.0 0.0 1.0 1.0 1.0 1.0 1.0 0.0
2193 1.0 0.0 1.0 0.0 1.0 1.0 0.0 1.0 0.0 0.0 1.0 1.0 0.0 0.0
1375 0.0 0.0 1.0 0.0 0.0 0.0 1.0 1.0 1.0 0.0 1.0 0.0 1.0 1.0
586 0.0 0.0 0.0 1.0 1.0 1.0 0.0 0.0 0.0 1.0 1.0 1.0 0.0 1.0
363 1.0 0.0 1.0 0.0 0.0 0.0 1.0 1.0 1.0 0.0 0.0 1.0 0.0 1.0
3252 0.0 0.0 0.0 1.0 0.0 1.0 1.0 0.0 1.0 1.0 1.0 1.0 0.0 0.0
3670 1.0 0.0 0.0 1.0 0.0 0.0 1.0 1.0 1.0 0.0 1.0 0.0 0.0 1.0
1287 0.0 1.0 0.0 1.0 0.0 1.0 0.0 1.0 0.0 1.0 0.0 1.0 0.0 1.0
315 1.0 0.0 1.0 1.0 1.0 0.0 0.0 1.0 1.0 0.0 1.0 0.0 0.0 0.0
922 0.0 0.0 0.0 1.0 0.0 0.0 1.0 1.0 0.0 1.0 1.0 0.0 1.0 1.0
3159 0.0 0.0 1.0 1.0 1.0 0.0 0.0 1.0 1.0 1.0 0.0 0.0 1.0 0.0
1241 1.0 0.0 0.0 0.0 1.0 0.0 0.0 1.0 1.0 1.0 1.0 0.0 0.0 1.0
735 1.0 1.0 1.0 1.0 0.0 0.0 1.0 1.0 0.0 0.0 0.0 1.0 0.0 0.0
1916 1.0 0.0 1.0 0.0 0.0 1.0 0.0 0.0 1.0 1.0 0.0 1.0 1.0 0.0
1293 1.0 0.0 0.0 1.0 0.0 1.0 0.0 1.0 0.0 1.0 0.0 1.0 1.0 0.0
3254 0.0 1.0 0.0 0.0 1.0 1.0 0.0 1.0 1.0 0.0 1.0 0.0 1.0 0.0
1731 0.0 0.0 0.0 0.0 1.0 0.0 1.0 0.0 1.0 0.0 1.0 1.0 1.0 1.0
3360 0.0 0.0 0.0 1.0 1.0 1.0 0.0 1.0 1.0 1.0 0.0 0.0 0.0 1.0
1395 0.0 1.0 0.0 0.0 0.0 0.0 1.0 1.0 1.0 1.0 1.0 1.0 0.0 0.0
2762 1.0 0.0 0.0 0.0 0.0 1.0 1.0 0.0 0.0 1.0 0.0 1.0 1.0 1.0
1257 0.0 0.0 0.0 1.0 0.0 0.0 0.0 1.0 1.0 1.0 1.0 0.0 1.0 1.0
2301 1.0 0.0 0.0 0.0 1.0 0.0 1.0 1.0 0.0 1.0 0.0 1.0 0.0 1.0
3447 0.0 1.0 1.0 1.0 0.0 0.0 0.0 1.0 1.0 1.0 0.0 0.0 0.0 1.0
1652 0.0 1.0 1.0 1.0 0.0 0.0 0.0 1.0 1.0 0.0 1.0 1.0 0.0 0.0
1607 1.0 0.0 0.0 1.0 0.0 0.0 1.0 0.0 0.0 1.0 0.0 1.0 1.0 1.0
1390 1.0 1.0 0.0 1.0 1.0 0.0 0.0 1.0 0.0 0.0 1.0 0.0 1.0 0.0
2691 1.0 1.0 0.0 0.0 1.0 0.0 0.0 1.0 0.0 1.0 0.0 1.0 1.0 0.0
2454 1.0 1.0 0.0 0.0 1.0 1.0 1.0 0.0 0.0 0.0 0.0 0.0 1.0 1.0
3080 0.0 1.0 0.0 1.0 1.0 0.0 0.0 1.0 1.0 0.0 1.0 1.0 0.0 0.0
3701 0.0 1.0 0.0 1.0 0.0 1.0 0.0 1.0 0.0 0.0 0.0 1.0 1.0 1.0
2267 0.0 0.0 1.0 1.0 1.0 0.0 0.0 1.0 0.0 1.0 1.0 0.0 0.0 1.0
594 0.0 1.0 1.0 0.0 1.0 0.0 1.0 1.0 1.0 0.0 0.0 1.0 0.0 0.0
348 1.0 0.0 1.0 0.0 0.0 0.0 1.0 0.0 1.0 0.0 1.0 1.0 0.0 1.0
968 1.0 1.0 0.0 0.0 0.0 0.0 1.0 1.0 0.0 1.0 0.0 1.0 0.0 1.0
3255 1.0 1.0 0.0 1.0 0.0 1.0 0.0 0.0 1.0 1.0 0.0 1.0 0.0 0.0
903 1.0 0.0 0.0 0.0 0.0 0.0 1.0 0.0 1.0 1.0 1.0 1.0 1.0 0.0
1233 0.0 1.0 0.0 1.0 1.0 1.0 1.0 1.0 0.0 0.0 0.0 0.0 1.0 0.0
596 0.0 1.0 1.0 0.0 1.0 0.0 1.0 1.0 1.0 0.0 0.0 1.0 0.0 0.0
1673 0.0 0.0 0.0 1.0 0.0 1.0 0.0 0.0 0.0 1.0 1.0 1.0 1.0 1.0
2053 1.0 1.0 0.0 0.0 1.0 1.0 1.0 1.0 1.0 0.0 0.0 0.0 0.0 0.0
912 0.0 0.0 0.0 0.0 1.0 1.0 0.0 1.0 1.0 1.0 1.0 0.0 0.0 1.0
2080 1.0 1.0 0.0 0.0 0.0 1.0 0.0 0.0 1.0 0.0 0.0 1.0 1.0 1.0
3702 1.0 0.0 0.0 1.0 0.0 1.0 1.0 0.0 0.0 1.0 0.0 1.0 1.0 0.0
10 0.0 0.0 0.0 1.0 0.0 1.0 0.0 0.0 1.0 1.0 1.0 1.0 1.0 0.0
1376 0.0 0.0 0.0 1.0 1.0 0.0 0.0 0.0 1.0 0.0 1.0 1.0 1.0 1.0
2889 1.0 0.0 0.0 0.0 1.0 0.0 1.0 0.0 1.0 1.0 0.0 1.0 1.0 0.0
3754 0.0 0.0 0.0 1.0 1.0 0.0 1.0 0.0 1.0 0.0 0.0 1.0 1.0 1.0
1027 0.0 1.0 1.0 1.0 0.0 0.0 1.0 1.0 0.0 0.0 1.0 0.0 0.0 1.0
2000 1.0 1.0 0.0 0.0 1.0 0.0 0.0 0.0 0.0 1.0 1.0 1.0 1.0 0.0