2857 11 14 15 17 18 19 20 22 23 24 26 27 28 30 32 33 34 35 36 39 42 43 45 48 49 50 51 52 53 56
259 18 19 23 24 25 26 27 28 29 33 36 41 42 44 48 53 54 58 59 62 65 70 81 83 84 86 87 90 93 96
1195 17 18 19 22 23 25 26 28 29 33 34 35 36 40 41 42 44 48 49 53 57 58 62 65 66 69 73 75 81 83
1209 13 15 17 18 19 21 22 25 28 29 31 33 35 36 37 40 41 42 44 48 49 53 58 62 64 65 72 73 75 80
479 11 13 15 17 19 22 23 25 26 28 29 31 32 33 36 37 42 44 48 49 50 52 53 57 58 59 62 65 66 67
2027 13 15 17 18 19 20 24 25 30 32 36 48 49 52 53 56 58 59 62 64 65 66 69 72 73 80 81 84 85 87
588 19 20 22 23 26 29 30 32 33 36 42 44 48 49 52 53 55 58 73 80 82 87 92 93 95 96 101 103 105 113
2570 15 17 19 20 22 23 25 28 29 30 32 33 35 36 42 44 48 49 53 56 58 59 65 73 75 76 82 84 87 92
1269 24 25 26 31 33 34 36 42 44 45 48 53 58 62 65 68 73 79 82 83 92 96 102 108 109 117 118 121 123 127
592 15 17 19 23 24 26 28 30 32 33 36 42 44 47 48 52 53 55 56 58 62 69 72 74 76 80 82 92 95 96
1579 17 18 19 22 23 24 25 29 31 36 40 42 44 45 48 49 52 53 58 59 60 65 72 73 75 82 86 90 92 93
1197 15 18 19 22 24 25 26 27 28 29 33 35 36 40 42 44 48 57 58 62 64 65 71 73 81 84 87 88 92 93
607 23 24 28 30 32 33 35 36 47 48 53 56 58 59 62 65 72 74 76 80 82 88 90 95 96 100 107 110 120 123
2761 17 19 22 23 28 29 30 32 33 35 36 39 41 43 44 48 53 55 56 58 59 62 63 64 65 68 70 76 77 80
109 17 18 19 20 22 24 25 29 33 36 41 48 52 55 56 58 59 62 64 66 73 80 82 84 87 88 90 91 92 95
2395 17 22 23 24 28 33 34 35 37 38 39 43 44 45 48 51 53 56 58 59 60 63 68 70 72 76 78 83 86 91
1196 22 24 28 31 34 35 36 37 40 42 43 44 45 48 58 59 68 73 82 84 87 91 92 93 96 99 100 105 113 117
526 18 19 24 28 30 33 36 42 44 45 47 48 49 52 55 56 58 80 82 84 88 89 90 92 95 96 98 99 100 113
1616 23 27 28 30 32 36 39 48 51 53 56 58 59 60 62 71 74 76 79 81 82 90 96 97 107 110 111 112 123 127
1264 17 19 22 23 24 26 27 28 30 31 33 36 37 42 44 45 48 51 59 68 73 78 80 88 90 91 92 95 96 97
1096 22 23 26 27 28 30 33 34 36 42 44 48 53 58 59 62 65 75 83 92 93 99 102 109 114 116 117 118 119 121
2627 24 25 26 36 41 42 44 46 48 49 52 53 58 60 62 65 73 75 80 83 84 86 90 93 100 101 110 117 118 119
2996 23 27 28 30 33 39 42 43 45 53 56 58 59 63 68 70 71 72 73 77 78 86 88 90 91 92 95 96 97 99
317 17 19 22 24 26 27 28 29 30 33 34 35 39 42 44 47 48 51 53 55 56 58 59 62 67 76 82 88 90 92
857 29 33 36 42 44 47 48 49 53 58 62 74 88 90 97 100 104 105 107 116 120 122 123 126 127 129 130 131 136 138
355 26 31 34 36 37 38 40 42 43 48 53 55 58 60 65 66 69 72 73 74 78 80 82 84 90 92 95 96 110 111
2715 31 33 34 36 39 42 44 45 48 53 58 59 62 63 70 73 83 86 92 94 99 117 118 119 123 131 133 135 136 137
295 18 22 23 24 30 33 35 36 38 42 48 49 53 55 56 58 62 69 74 76 81 82 96 97 98 99 102 110 111 120
1239 23 26 28 29 33 36 42 44 48 53 58 62 73 84 87 92 93 101 102 117 118 122 123 125 127 129 130 131 147 148
0 21 23 26 28 34 36 38 44 45 48 49 51 56 60 65 68 73 75 76 78 80 90 92 96 99 109 112 114 117 118
1213 29 33 36 42 48 53 58 62 64 81 84 92 93 97 101 105 117 120 121 123 127 129 130 131 136 139 146 149 151 157
2915 18 22 23 26 29 32 33 36 42 44 48 49 52 53 58 62 73 82 90 93 95 101 103 111 117 118 121 123 125 127
456 20 22 23 29 32 36 42 48 49 52 53 55 56 58 62 73 82 84 87 90 93 95 96 99 103 105 117 118 120 122
3577 18 20 22 23 25 36 39 41 48 49 50 53 57 58 61 63 64 66 68 70 73 76 77 82 83 84 85 87 90 92
1199 29 33 36 42 48 49 53 58 73 84 92 93 100 101 105 117 118 122 123 127 129 130 131 139 146 148 149 151 157 161
540 48 53 58 59 62 63 88 100 107 112 117 118 121 129 136 139 146 148 149 151 157 161 165 169 170 173 175 177 179 181
2986 24 25 27 36 40 44 48 53 62 63 65 70 83 92 93 102 104 112 116 117 118 119 123 129 131 135 136 137 139 146
1258 22 24 26 31 33 34 36 48 53 58 62 65 66 82 88 96 99 117 118 123 129 131 132 136 139 146 148 149 150 151
49 23 24 28 29 30 32 33 48 53 55 56 62 65 74 76 82 90 97 99 110 111 120 123 127 129 131 133 137 138 142
33 34 36 38 42 44 45 47 48 51 53 54 56 58 65 73 74 75 78 90 92 99 114 117 119 124 132 137 139 146 148
2790 34 36 37 45 48 50 54 57 58 66 67 68 71 73 82 89 90 91 92 98 103 108 109 115 117 118 120 123 125 128
779 23 25 26 36 40 42 44 48 49 52 53 58 62 65 73 75 82 90 92 93 100 101 103 109 113 117 118 127 131 134
3174 24 25 36 39 42 44 45 48 53 58 60 63 65 70 72 73 75 78 83 86 90 92 95 102 104 109 117 118 119 121
1192 24 28 33 39 42 44 47 48 49 53 54 58 59 62 80 81 88 89 95 96 99 102 104 107 109 120 123 131 136 139
918 22 24 28 33 34 35 40 42 44 48 53 58 59 75 78 92 96 97 99 100 107 109 114 117 123 131 136 139 142 146
923 48 53 58 59 62 75 81 88 100 102 107 109 116 117 121 123 127 131 136 139 144 149 150 151 155 157 161 165 166 169
1126 29 33 36 39 40 42 44 48 53 58 70 83 92 93 102 105 117 118 121 123 125 129 135 137 145 148 149 151 154 157
2354 17 18 19 21 23 25 26 31 36 38 39 45 48 49 53 56 60 68 70 73 75 76 78 80 83 92 93 95 102 104
1386 29 33 34 36 42 48 53 58 65 87 92 93 97 100 105 117 122 123 125 127 129 130 139 148 149 150 160 161 163 165
1220 33 36 42 47 48 53 57 58 62 81 88 97 100 105 120 121 122 123 126 127 129 130 136 138 140 146 148 149 151 155
911 33 35 36 37 40 44 48 53 55 58 59 62 63 81 88 91 97 102 103 107 109 123 131 140 146 151 156 157 158 161
1035 42 48 49 53 58 65 73 87 93 96 101 116 117 118 120 123 125 126 129 130 133 139 147 148 149 150 162 163 166 169
1212 23 24 30 33 47 48 53 55 56 58 62 67 76 81 95 96 99 100 107 110 120 123 124 129 137 138 149 151 157 161
1609 23 25 29 33 36 42 48 52 53 58 65 73 82 87 93 95 96 103 117 123 125 130 131 133 137 139 143 147 148 149
376 22 23 26 29 33 36 37 38 42 45 48 49 53 58 59 62 65 73 82 87 90 92 93 95 101 102 106 111 117 118
1290 24 25 26 28 29 33 36 40 42 44 48 58 62 64 65 69 73 84 87 92 93 100 105 109 117 118 122 123 125 127
1999 33 34 36 42 53 58 62 65 73 87 93 101 117 118 123 125 129 130 132 133 138 139 148 149 150 151 157 162 163 169
1135 33 35 36 44 48 54 58 68 89 90 92 118 120 123 131 132 136 139 146 148 149 151 152 157 161 165 166 169 173 181
3113 26 36 39 42 43 45 48 49 51 53 54 55 56 58 63 65 70 75 78 80 83 90 92 96 99 112 117 118 119 134
1306 34 36 37 38 42 43 44 45 48 58 59 62 68 82 88 91 92 106 109 118 123 126 131 136 139 146 147 148 149 150
1703 24 25 26 28 34 35 38 48 53 55 56 62 67 69 72 76 82 88 89 90 92 107 117 123 131 137 147 148 149 151
1720 26 33 34 37 38 39 41 48 51 53 61 62 65 69 74 80 82 86 90 92 107 118 123 129 131 133 141 143 146 148
1967 28 34 36 42 45 48 53 58 62 68 73 79 82 88 92 99 106 117 118 123 128 131 132 133 137 139 140 145 146 151
647 19 20 22 23 24 26 28 31 36 37 38 42 44 48 49 50 52 53 57 60 65 71 73 79 82 85 86 90 92 93
2598 36 39 43 45 51 53 63 70 73 77 78 91 92 99 102 118 123 129 131 132 133 143 145 149 150 151 152 154 156 159
31 28 32 33 36 42 48 53 58 59 62 73 82 90 92 99 111 113 117 127 131 133 134 136 137 147 148 149 151 161 169
3792 25 28 29 36 39 42 43 44 48 49 50 51 53 57 61 63 64 70 73 76 79 82 85 87 92 93 99 101 102 105
2173 28 31 33 34 42 44 45 48 53 58 62 73 83 91 92 93 116 117 118 123 136 139 146 147 148 150 151 166 169 173
2796 28 33 36 42 44 48 53 62 68 83 92 93 99 117 118 123 131 132 136 146 147 148 149 150 151 161 166 169 175 176
2290 48 53 58 59 123 126 136 137 146 148 149 150 151 155 156 163 166 169 175 187 194 195 199 202 204 216 223 225 230 238
2917 28 31 33 34 36 44 45 48 58 68 73 91 92 118 123 131 133 135 136 139 146 147 149 151 157 161 165 166 169 175
589 17 18 24 33 40 44 48 53 59 60 62 69 73 80 82 96 111 118 123 127 129 136 137 147 148 150 157 169 173 175
2958 19 32 33 36 39 53 58 63 70 71 76 77 83 90 92 102 104 133 135 137 139 143 145 147 149 150 153 154 157 162
3470 33 42 44 48 53 58 59 62 67 92 97 114 117 121 123 127 136 139 146 149 150 151 155 157 161 166 169 170 177 192
1373 36 40 42 44 48 49 53 58 62 65 73 101 105 109 117 118 121 125 127 129 130 139 146 148 149 151 157 165 173 174
1393 33 42 44 54 57 58 73 81 84 88 91 96 117 118 120 123 139 146 149 150 151 161 165 168 169 173 175 176 181 192
2682 26 36 39 48 53 63 70 71 75 77 83 85 90 92 102 104 116 119 123 135 143 145 148 149 150 151 154 155 159 163
591 26 33 35 36 40 44 48 49 53 58 62 65 73 84 92 93 100 110 117 118 122 123 125 130 131 133 139 146 147 148
1783 24 26 30 32 33 34 45 48 53 55 62 65 69 72 73 78 82 90 92 95 96 111 118 123 131 132 134 136 142 143
1572 23 25 36 38 42 44 48 52 53 58 62 65 73 82 83 92 93 103 113 117 118 123 129 134 137 146 147 148 149 151
1303 45 48 54 58 59 62 68 72 74 81 100 105 109 117 118 120 123 125 127 139 148 149 150 151 157 161 169 170 173 174
3417 15 17 18 26 29 33 36 48 53 58 62 69 72 76 80 87 90 92 95 101 103 105 117 123 124 126 127 129 133 137
222 36 39 53 58 63 68 70 71 73 81 83 92 95 99 104 117 118 122 123 131 132 134 135 136 142 145 149 150 151 152
379 24 26 34 36 44 48 49 52 60 65 73 92 93 95 100 101 103 118 123 127 129 130 134 136 143 147 148 149 151 156
2705 52 53 56 58 63 68 70 73 77 85 92 104 116 118 123 132 135 143 145 149 150 151 153 159 162 163 166 169 170 173
1224 29 33 35 53 57 58 59 62 63 88 96 99 117 120 123 131 136 139 146 148 149 150 151 161 166 169 170 173 184 190
1583 26 33 36 42 44 48 49 53 58 69 73 76 82 90 99 111 117 121 127 131 134 136 137 139 146 147 148 151 157 163
1526 20 22 23 29 36 42 44 48 49 53 58 62 73 90 92 103 113 117 127 129 130 134 137 139 146 147 148 149 151 163
3480 113 115 118 125 127 130 131 132 134 138 139 140 146 149 150 151 156 161 163 165 167 169 173 175 180 187 192 193 195 196
1922 22 26 28 34 36 45 48 51 56 58 65 68 73 75 78 88 92 95 99 111 117 118 123 132 133 136 149 150 151 156
749 62 63 78 81 84 102 107 109 117 120 131 136 139 149 151 157 161 166 169 170 173 183 193 195 198 204 205 208 216 232
2698 44 48 52 53 63 65 73 83 85 92 93 95 101 102 103 113 116 117 119 123 136 145 157 162 163 166 170 179 181 186
38 35 38 45 48 51 56 58 72 73 78 92 118 119 131 136 149 151 161 162 163 166 169 182 187 192 193 194 201 202 204
20 49 52 53 58 60 62 82 87 91 93 100 101 103 111 118 123 129 130 132 134 147 149 151 155 156 157 162 163 169 174
1392 36 38 53 58 76 82 92 95 96 99 118 123 133 142 143 146 147 148 149 150 151 156 157 161 163 169 175 183 184 187
2803 48 57 58 68 92 96 117 118 120 123 132 133 136 139 147 148 151 152 161 166 169 173 175 179 190 192 193 195 198 216
587 26 36 38 45 48 51 53 56 65 75 78 92 93 99 112 114 117 119 131 132 134 136 139 144 146 156 157 162 168 169
2405 36 37 40 42 44 45 47 48 58 59 62 65 100 101 109 117 118 123 129 130 132 139 146 148 149 151 157 166 169 173
1219 44 48 58 59 62 65 105 117 118 122 126 129 130 132 146 148 149 151 168 169 174 176 181 198 202 204 208 212 216 226
732 29 33 36 40 42 44 48 49 52 62 65 73 82 87 89 92 93 95 103 118 122 123 127 129 134 137 143 147 148 149
1229 54 58 59 62 65 68 81 88 109 126 131 136 146 149 150 151 156 157 169 171 173 175 177 183 195 205 216 222 225 230
3175 39 58 60 62 63 70 74 79 82 83 92 102 119 133 135 137 148 149 150 156 163 166 175 186 187 192 202 208 216 220
1960 43 53 58 62 66 73 88 89 92 94 96 118 123 131 136 140 144 145 146 148 149 150 166 167 169 172 175 181 184 195
3750 35 39 44 49 50 53 57 58 63 68 70 73 75 77 90 92 93 96 102 103 109 114 115 117 118 119 121 123 127 128
1078 42 44 54 62 88 91 107 118 123 132 136 146 149 150 151 157 169 173 175 176 181 193 198 202 204 212 216 220 224 225
907 58 59 67 70 81 88 94 97 106 107 109 114 123 146 148 161 166 169 170 173 183 193 195 196 208 212 216 224 235 237
3407 34 35 36 38 59 70 71 74 75 76 77 83 85 89 90 92 96 99 102 113 117 133 143 144 145 146 147 148 149 150
1072 26 27 31 40 42 44 48 53 58 62 68 75 83 92 93 96 99 109 114 116 117 119 129 132 133 136 139 146 147 149
3622 36 38 39 42 44 48 61 65 70 76 86 90 92 93 96 99 110 113 117 127 130 134 135 143 144 147 148 149 162 163
1355 29 33 36 42 44 48 49 53 58 60 62 73 80 93 95 100 101 103 117 118 121 127 130 134 137 139 148 157 162 169
3526 29 33 36 42 48 51 53 58 73 93 101 105 116 117 118 121 122 123 125 130 139 148 149 151 157 163 165 166 169 173
2699 39 45 49 63 64 70 73 76 77 83 90 92 102 108 112 117 122 129 132 135 139 143 145 149 150 153 161 163 165 166
1218 59 62 90 102 107 117 120 123 127 131 136 149 150 161 165 166 169 173 190 193 202 208 216 225 245 254 261 264 278 282
1246 33 35 37 38 45 47 48 53 58 59 62 67 81 107 109 120 123 131 137 146 148 149 155 156 161 166 169 173 186 195
1088 47 53 56 58 62 76 90 95 110 123 129 131 137 138 142 149 151 163 165 166 169 173 175 181 182 186 190 192 195 196
1543 26 36 42 48 50 57 58 60 73 75 86 92 93 100 101 103 108 110 113 115 117 118 122 124 127 133 134 137 146 147
1221 58 62 73 84 105 116 117 118 120 123 125 129 130 139 147 148 149 150 157 163 165 170 173 174 179 181 192 195 197 198
149 33 48 53 55 56 65 67 72 82 90 96 117 123 133 137 147 148 149 150 157 163 166 169 181 183 187 192 195 198 199
110 58 62 67 81 88 91 97 102 107 120 123 127 131 142 146 149 150 158 161 166 169 173 175 195 196 199 202 205 208 212
3752 29 36 39 48 57 61 63 65 66 70 72 73 74 76 77 82 92 93 96 99 103 113 117 120 125 127 130 134 138 143
2709 63 64 71 77 83 85 88 92 104 116 117 131 133 135 136 137 139 145 149 150 151 154 159 162 163 166 170 175 186 187
356 35 37 38 45 48 58 59 60 78 92 95 106 111 118 129 132 133 136 137 146 149 150 151 155 156 161 163 166 187 192
2656 45 53 57 58 59 62 66 68 73 92 98 103 108 113 115 117 121 128 136 139 146 147 150 151 157 170 175 181 190 192
1093 59 62 63 65 67 106 111 123 124 126 127 131 133 136 137 139 149 150 151 157 161 166 169 175 180 187 193 203 204 208
1205 58 97 114 127 139 146 149 150 151 157 165 166 169 170 172 173 175 181 183 186 192 193 195 199 204 208 216 225 230 241
2984 53 58 62 73 84 110 117 118 121 123 130 141 148 149 151 157 166 168 169 174 178 179 181 195 198 199 202 204 208 216
2639 33 36 42 44 48 49 53 58 62 71 93 100 101 109 117 118 121 123 129 130 136 139 146 148 149 157 161 166 169 173
3146 33 36 48 65 76 80 82 86 90 92 95 96 127 148 149 163 169 175 187 192 195 197 198 201 204 208 216 224 229 237
2394 56 57 58 62 63 70 77 90 102 116 119 131 132 135 136 145 149 150 151 157 161 163 166 168 169 175 181 186 187 188
3420 54 62 68 81 91 96 97 99 118 123 142 146 149 151 157 161 181 183 191 193 202 204 208 215 216 224 225 235 245 249
1516 48 51 58 68 73 75 78 109 111 118 132 134 136 143 148 149 151 163 166 169 175 181 182 187 191 192 194 195 198 202
1640 58 60 73 78 92 95 111 123 134 136 139 149 150 151 156 169 175 187 190 192 195 201 202 212 214 216 223 224 230 232
1277 35 36 44 45 53 54 68 91 97 109 117 119 123 132 139 146 149 152 157 161 175 192 193 195 198 202 204 205 208 216
1251 49 59 62 74 81 97 107 112 123 127 129 136 146 149 150 157 158 161 166 169 173 183 190 195 196 205 216 234 235 241
366 58 78 83 90 92 110 111 116 117 118 132 134 136 137 146 147 149 150 151 155 163 166 175 181 182 187 192 194 195 202
1357 35 36 48 56 58 69 76 82 92 95 96 123 124 127 131 133 147 149 150 151 169 173 175 177 180 187 192 193 195 199
1207 53 58 59 62 88 97 100 120 123 139 147 149 150 155 157 161 165 166 169 173 181 183 189 192 198 199 202 208 216 224
1675 48 49 52 53 58 60 73 92 93 100 101 103 113 117 118 121 122 131 134 137 139 147 148 149 151 157 169 174 185 192
2099 27 34 35 36 37 42 45 48 53 83 92 93 106 116 117 132 133 136 142 146 148 149 150 151 157 164 166 169 175 176
2528 42 44 48 53 58 62 87 92 105 117 121 122 123 127 130 148 149 151 157 165 166 169 173 177 198 199 208 216 235 237
2010 34 42 44 45 48 58 62 73 92 102 115 117 123 131 136 151 157 166 169 176 178 179 181 192 195 198 199 202 216 237
2320 19 22 26 28 36 37 44 45 48 56 58 72 73 75 78 88 90 95 111 118 132 136 142 143 148 150 151 163 169 187
919 40 44 45 48 53 58 59 62 68 80 86 89 91 92 95 97 98 99 106 107 123 131 136 146 150 151 156 161 164 169
2323 38 48 53 58 68 72 78 88 95 96 117 120 131 143 147 149 150 151 155 161 166 169 170 173 175 187 192 195 197 201
2011 45 48 53 58 73 75 90 92 99 102 117 123 134 136 139 144 148 166 169 179 181 192 194 195 198 199 202 204 216 229
1089 48 53 57 58 62 65 66 88 107 116 117 118 123 147 148 149 150 157 161 165 169 175 179 181 186 189 192 195 197 198
46 22 23 28 32 33 36 37 38 48 53 57 73 76 82 85 90 95 96 99 110 123 127 129 131 133 136 137 138 149 161
1499 56 58 60 68 91 95 117 118 123 129 134 136 149 151 152 156 161 162 169 175 182 187 192 193 198 202 214 216 220 224
1369 29 35 36 48 49 52 53 58 73 82 95 103 111 116 117 123 129 130 134 136 147 148 149 157 162 166 169 174 178 181
1953 36 42 48 53 58 65 67 87 93 96 100 101 118 122 123 125 127 129 130 131 136 146 148 149 150 161 163 169 194 195
1672 92 110 120 123 131 139 149 150 157 163 166 169 175 187 192 195 199 202 204 216 223 225 229 235 258 267 272 274 281 284
2114 33 36 40 42 44 48 58 62 64 65 73 93 100 105 109 117 118 123 129 130 131 139 146 147 148 149 157 166 169 173
2193 58 62 65 87 93 105 110 117 118 123 125 129 130 136 138 139 146 148 149 157 165 166 169 173 174 175 179 181 190 198
1375 29 36 40 42 48 58 62 73 101 109 117 118 121 127 130 131 139 148 157 173 178 179 192 195 198 199 216 222 240 241
586 36 37 38 44 45 53 62 65 67 72 78 82 123 127 133 136 137 148 149 151 155 163 166 169 192 194 195 198 202 204
363 33 38 48 49 53 56 75 78 80 86 92 93 99 109 111 112 114 117 119 123 131 133 136 139 142 146 148 150 162 163
3252 45 48 73 78 92 116 121 123 136 142 149 153 155 157 163 169 175 181 187 192 195 198 199 202 204 212 213 216 219 220
3670 45 48 53 54 58 62 68 91 109 117 123 132 139 146 150 157 161 169 175 190 192 193 198 208 216 222 224 230 235 245
1287 58 59 114 118 131 132 139 146 149 151 157 165 169 173 179 190 205 208 216 220 229 235 237 238 242 245 263 264 265 272
315 42 44 48 53 58 60 64 73 93 103 113 117 118 136 137 139 147 148 149 157 163 166 169 179 192 195 198 199 202 204
922 62 67 88 97 102 107 120 131 136 140 146 149 158 161 166 169 170 173 184 193 195 216 224 225 227 235 236 238 245 255
3159 58 63 76 90 102 114 133 135 142 147 149 150 161 163 166 169 173 175 187 190 192 195 197 199 216 225 229 235 238 242
1241 58 62 96 105 107 117 118 123 125 130 131 139 147 149 161 163 169 173 174 179 181 189 190 192 195 199 202 204 208 224
735 45 48 52 53 58 60 65 90 92 93 101 117 118 123 129 134 137 147 148 151 156 157 162 163 166 169 181 192 198 199
1916 53 65 73 80 90 92 95 103 117 118 122 127 134 147 148 149 151 163 166 169 179 191 192 195 198 199 202 204 210 223
1293 53 58 62 65 81 91 97 107 109 118 123 139 146 149 150 155 157 161 169 173 181 190 193 195 199 202 204 205 216 245
3254 36 45 48 51 53 65 72 78 90 92 95 111 118 123 133 136 148 149 152 156 157 159 169 182 187 194 198 202 204 216
1731 53 73 74 82 95 110 129 131 132 136 137 150 151 157 163 166 181 187 190 191 192 195 201 202 204 205 214 216 220 221
3360 62 88 107 109 118 123 132 146 150 151 157 161 169 176 178 181 182 183 184 193 198 202 216 220 224 225 226 231 235 237
1395 53 58 62 95 117 129 134 136 138 144 147 149 157 160 184 192 198 199 202 203 204 216 224 225 229 237 240 242 245 258
2762 52 65 83 90 92 93 101 102 116 118 122 123 129 133 134 135 137 143 144 147 148 149 150 156 157 159 162 163 169 185
1257 62 81 94 107 116 123 131 136 139 146 149 150 166 173 175 181 190 195 202 208 216 220 225 230 231 235 245 255 275 278
2301 34 45 48 56 60 62 78 88 90 98 111 123 124 134 151 156 157 163 169 181 182 187 198 202 204 209 212 215 216 217
3447 45 48 53 58 62 65 73 116 117 118 123 136 139 143 146 147 151 157 167 169 171 179 181 192 195 198 199 202 204 212
1652 25 33 36 42 48 53 58 59 69 113 117 127 134 136 137 146 148 149 151 157 166 173 175 179 187 188 192 195 198 199
1607 52 53 65 73 92 93 95 103 117 123 129 133 134 143 147 148 149 157 162 166 169 173 181 183 185 191 192 198 201 202
1390 58 75 90 92 93 103 117 127 129 134 136 137 139 147 148 151 157 179 192 195 202 204 210 214 216 229 232 235 242 245
2691 23 24 25 30 35 39 49 53 58 59 63 68 73 76 83 93 102 105 110 111 122 125 126 127 131 135 137 138 145 146
2454 92 94 117 121 123 131 133 136 151 157 161 166 179 199 208 216 230 240 245 255 263 264 278 284 296 305 309 316 328 329
3080 39 48 63 70 77 83 92 117 119 131 133 135 136 137 148 150 162 163 166 186 195 202 221 223 225 245 272 274 278 284
3701 53 58 62 65 93 97 100 107 117 118 121 125 129 130 139 149 151 157 165 177 190 195 199 202 204 208 235 241 245 248
2267 23 26 33 48 53 62 65 82 95 96 99 110 111 116 123 129 133 137 144 148 149 157 161 162 167 169 175 181 187 192
594 26 33 35 36 48 49 53 58 65 75 92 93 102 112 114 117 119 131 136 137 139 142 146 150 162 163 169 184 186 187
348 36 42 44 48 49 52 53 82 93 95 100 103 117 118 130 137 139 143 147 148 149 157 169 181 185 192 195 198 199 202
968 42 44 45 48 53 58 59 62 65 91 93 97 100 106 107 123 126 136 140 146 157 161 169 173 174 177 190 193 195 205
3255 29 33 36 42 48 53 82 90 95 105 111 117 118 123 125 129 130 134 137 143 147 148 149 157 169 174 181 185 192 198
903 58 59 62 81 86 97 120 123 136 141 146 161 166 169 173 177 183 195 196 205 208 224 231 235 241 245 266 280 285 286
1233 54 59 81 97 99 109 118 120 123 138 139 146 148 149 150 157 159 161 169 173 181 193 195 204 205 216 224 230 235 240
596 36 37 48 62 65 72 73 80 123 131 133 137 146 148 151 156 157 163 166 169 182 195 198 199 202 204 208 209 216 223
1673 53 58 62 88 106 107 118 123 127 133 146 148 150 151 161 173 181 201 202 208 220 231 235 238 239 245 258 264 272 274
2053 40 44 45 48 53 58 62 73 75 83 92 93 102 109 117 123 136 146 147 148 151 155 166 176 179 181 184 192 195 198
912 59 62 74 81 83 90 97 102 107 112 123 137 140 141 146 157 169 172 173 183 188 193 214 216 218 235 245 264 270 274
2080 26 34 35 36 37 45 48 49 53 73 75 78 92 106 114 117 131 136 146 148 166 176 181 184 186 192 198 202 204 216
3702 49 53 58 62 73 93 107 117 118 121 122 125 129 130 139 148 149 151 157 165 173 174 179 181 193 195 204 208 216 236
10 62 72 78 88 111 118 123 131 136 137 143 147 148 151 156 157 169 175 178 183 187 192 193 198 199 202 204 212 213 214
1376 58 73 90 92 93 110 117 122 123 131 134 137 139 145 147 148 149 162 163 166 169 181 192 195 198 199 202 204 214 223
2889 57 58 69 76 95 123 127 131 136 137 142 147 148 149 150 157 161 163 166 181 187 192 195 198 199 202 203 224 225 229
3754 50 57 58 61 64 65 66 71 76 82 83 85 90 99 101 102 108 110 113 115 116 117 118 120 125 127 129 133 134 138
1027 35 44 45 48 53 59 73 74 75 92 96 109 114 117 119 136 139 146 166 173 175 178 184 192 198 204 205 216 224 231
2000 34 36 42 58 62 73 101 110 118 123 133 139 151 162 169 174 195 198 202 216 240 264 272 273 284 288 293 300 302 306