2857 264 6 9 256 8 2 240 31 75 5 3 279 126 10
259 15 1 13 10 91 193 17 138 285 111 4 3 164 38
1195 2 3 137 253 126 243 4 15 10 13 7 74 280 232
1209 6 266 8 9 66 3 4 171 10 200 2 211 20 250
479 161 246 35 4 2 10 286 182 114 63 9 3 8 7
2027 124 5 184 179 4 168 108 9 7 8 2 41 1 28
588 7 18 8 10 234 2 111 276 220 13 114 25 17 209
2570 77 13 207 8 201 7 155 265 247 10 5 9 2 98
1269 7 1 282 295 293 3 10 28 17 19 213 22 201 298
592 3 114 41 217 256 12 157 9 2 5 11 206 266 13
1579 8 15 5 3 193 107 150 13 67 34 10 227 178 7
1197 12 180 54 10 4 21 2 13 98 11 168 41 3 153
607 117 1 250 5 22 227 9 8 11 233 252 135 14 256
2761 84 9 15 239 7 1 10 241 11 256 97 14 134 5
109 7 173 2 215 8 45 11 188 153 280 15 210 10 13
2395 8 196 6 12 10 215 26 11 15 16 2 210 14 105
1196 3 276 10 19 79 11 18 185 56 1 89 257 114 13
526 1 191 13 25 200 269 10 9 68 17 39 15 8 38
1616 17 212 78 18 20 86 9 57 31 126 15 5 125 10
1264 9 3 2 100 174 219 10 215 56 273 15 25 8 11
1096 13 183 178 19 95 237 4 125 294 17 1 10 236 18
2627 207 2 13 38 233 172 10 102 22 19 18 231 23 112
2996 14 10 22 5 3 278 257 11 275 81 15 64 50 82
317 5 2 244 10 14 11 223 13 21 122 244 15 180 9
857 10 27 12 119 22 55 23 183 119 13 19 24 298 184
355 17 15 2 19 109 172 276 10 5 276 11 145 205 288
2715 5 190 125 256 19 288 24 38 26 25 22 207 10 110
295 13 15 227 8 87 17 6 5 61 66 293 250 221 14
1239 22 10 286 280 268 20 17 19 242 4 7 18 211 178
0 19 18 8 6 9 199 277 120 253 241 10 228 137 1
1213 69 69 19 22 74 28 17 23 299 142 96 90 10 4
2915 65 46 8 13 232 2 193 17 30 10 5 15 7 252
456 68 243 227 2 8 9 13 102 7 15 184 81 17 19
3577 139 213 7 254 5 201 17 15 86 234 6 2 14 233
1199 45 22 12 119 19 18 10 23 68 78 111 263 17 28
540 221 25 167 10 17 94 27 23 167 30 42 29 211 36
2986 296 219 14 22 5 21 19 171 18 13 10 234 67 16
1258 3 10 75 11 35 50 276 276 19 61 18 2 138 13
49 15 17 60 18 5 9 11 106 125 237 207 147 13 262
33 17 43 23 6 176 5 81 31 19 71 123 221 33 18
2790 210 33 26 22 229 86 112 11 1 133 81 24 170 10
779 167 15 105 249 56 47 13 22 104 2 10 219 18 17
3174 16 269 19 133 259 140 13 20 18 10 270 23 11 17
1192 2 232 15 138 153 12 98 273 1 19 201 18 17 193
918 160 77 18 258 13 163 5 238 12 168 19 10 1 276
923 200 29 65 74 10 210 17 23 42 246 33 36 44 92
1126 259 17 203 9 19 5 131 10 3 248 188 22 13 23
2354 11 85 3 214 146 5 84 149 43 10 256 16 1 9
1386 10 4 156 182 144 19 212 25 293 7 28 26 16 18
1220 222 147 10 108 247 24 23 11 12 228 160 7 9 29
911 13 50 10 9 227 6 283 292 27 28 41 29 24 38
1035 137 19 89 2 4 241 36 29 168 23 18 22 188 56
1212 289 154 1 9 15 2 17 94 254 5 167 8 11 40
1609 290 13 2 15 17 47 7 5 43 97 19 14 114 259
376 56 78 18 9 281 5 19 71 218 154 7 6 24 8
1290 18 3 152 13 14 10 15 23 22 196 185 19 99 176
1999 29 31 247 246 172 18 7 19 271 15 10 67 23 57
1135 10 279 28 31 27 104 43 286 22 281 144 3 11 290
3113 27 174 25 9 85 211 3 279 1 19 10 136 66 17
1306 31 19 26 28 16 61 240 215 22 47 24 11 9 10
1703 9 5 8 235 17 58 290 239 86 100 10 11 15 219
1720 8 95 5 292 183 18 10 1 289 9 24 145 194 57
1967 265 223 18 5 102 15 236 124 24 206 2 14 26 3
647 3 18 233 13 286 10 40 266 2 83 7 189 122 15
2598 5 101 80 9 10 19 181 23 268 164 28 17 249 7
31 252 212 280 15 19 11 80 17 5 10 22 270 52 23
3792 60 18 66 1 145 7 283 231 251 17 19 5 9 23
2173 258 22 128 56 26 171 110 237 10 11 23 27 96 24
2796 143 26 18 23 213 122 22 24 1 50 10 221 253 142
2290 60 106 5 22 218 18 178 10 26 186 235 54 34 8
2917 24 10 256 159 1 57 26 19 22 257 11 250 286 7
589 10 86 2 6 217 15 194 9 11 20 3 133 13 243
2958 15 5 14 246 11 18 10 223 232 109 282 134 78 9
3470 125 28 86 128 268 17 2 10 23 205 19 24 295 248
1373 112 213 10 19 234 13 204 17 122 164 33 29 298 25
1393 46 141 257 22 3 11 26 141 160 76 10 24 114 27
2682 279 15 16 25 74 19 5 152 235 286 199 24 165 11
591 22 193 86 24 10 78 18 13 23 19 3 233 185 88
1783 17 23 149 18 253 9 10 11 283 70 15 186 2 14
1572 291 172 10 250 290 17 22 19 7 193 8 11 233 215
1303 232 29 44 3 164 273 138 31 33 10 42 232 168 180
3417 2 8 272 5 201 138 270 224 181 11 96 13 7 4
222 146 10 101 22 33 25 48 19 222 229 9 96 124 17
379 15 2 215 22 13 246 213 5 189 19 7 18 61 262
2705 244 43 204 247 36 279 48 11 15 39 146 26 88 22
1224 60 17 24 214 28 27 14 71 22 164 10 100 2 43
1583 1 22 19 10 23 9 94 248 262 51 28 187 24 17
1526 8 194 18 165 17 2 291 19 194 13 15 5 280 232
3480 8 31 58 91 92 62 250 72 121 110 10 24 34 206
1922 250 19 17 9 81 10 196 15 248 210 273 20 11 5
749 206 17 269 50 121 23 59 58 42 162 140 10 142 40
2698 144 19 23 16 177 221 41 121 15 36 8 71 22 124
38 203 296 5 107 34 89 28 23 26 296 22 293 8 18
20 31 86 48 36 29 13 194 2 164 99 23 172 102 14
1392 33 34 72 26 9 8 134 78 78 35 140 259 13 279
2803 11 289 126 1 34 254 180 277 25 47 10 263 12 146
587 116 18 12 122 10 40 27 25 174 1 21 286 19 6
2405 214 34 280 29 26 192 209 253 24 6 33 54 22 88
1219 26 24 293 19 42 29 232 14 214 23 35 10 4 39
732 5 19 8 125 15 3 164 7 101 22 60 283 196 267
1229 63 35 24 10 45 33 104 193 127 30 253 31 133 28
3175 22 11 19 36 35 7 26 249 15 114 223 153 5 154
1960 19 48 297 46 26 10 77 33 178 42 9 276 1 3
3750 81 238 32 17 292 270 10 81 174 23 18 25 69 9
1078 133 271 36 103 10 26 286 270 34 33 218 24 3 256
907 132 201 160 294 22 8 252 23 27 155 35 5 33 264
3407 120 15 9 112 26 10 1 134 37 101 153 233 5 6
1072 10 19 98 33 43 18 15 61 122 23 13 106 24 22
3622 19 50 9 4 25 192 14 15 18 77 34 212 51 243
1355 25 208 10 228 13 9 23 31 17 59 138 19 239 180
3526 296 16 4 224 15 20 18 22 23 19 17 97 144 267
2699 183 34 111 19 25 180 26 98 106 36 47 21 97 5
1218 253 17 248 109 33 53 34 242 103 10 19 58 48 23
1246 258 2 22 105 16 26 260 12 28 27 210 63 10 24
1088 9 150 5 156 294 48 107 22 18 109 23 236 11 33
1543 112 13 23 22 41 273 2 184 78 181 10 18 25 184
1221 23 257 48 53 29 33 160 144 221 87 7 144 22 42
149 5 226 8 9 186 177 188 107 10 30 1 36 25 158
110 36 124 12 14 255 51 33 8 106 23 19 80 15 22
3752 25 85 118 80 9 15 294 20 7 205 6 229 22 18
2709 53 289 11 19 270 34 39 41 31 58 46 38 155 75
356 241 108 22 98 57 5 11 43 10 28 1 15 23 31
2656 31 44 33 10 36 17 84 257 124 28 180 24 23 87
1093 220 37 188 53 36 18 33 77 209 24 35 156 298 85
1205 260 31 84 17 117 53 33 29 54 23 19 218 180 42
2984 54 42 257 22 49 17 36 222 67 48 23 185 107 30
2639 294 272 17 200 241 24 15 89 19 120 23 10 13 26
3146 15 91 214 32 2 23 17 42 265 212 8 9 146 37
2394 39 36 133 152 66 5 23 282 53 246 22 263 51 141
3420 254 3 33 5 15 26 48 42 140 190 19 57 297 152
1516 23 5 22 260 36 183 10 100 53 33 26 183 13 261
1640 64 36 152 3 277 56 207 103 45 12 244 34 54 53
1277 34 194 28 186 105 69 33 112 10 22 122 19 130 11
1251 27 33 10 29 69 6 257 32 279 108 12 159 35 23
366 96 9 156 278 68 10 42 23 38 18 15 48 288 59
1357 21 22 15 32 80 222 15 33 39 17 9 141 24 11
1207 76 124 32 204 203 36 40 114 28 211 74 48 47 33
1675 22 36 25 125 23 40 259 10 42 46 205 95 281 18
2099 26 6 22 298 78 63 10 199 129 24 23 135 4 18
2528 129 7 33 12 19 63 17 86 170 23 209 10 36 29
2010 270 25 10 164 91 26 57 22 28 98 23 77 9 17
2320 1 17 278 228 126 2 11 6 10 15 131 185 246 185
919 2 117 18 275 9 149 37 10 24 171 179 6 30 55
2323 19 215 167 22 8 34 9 184 285 176 278 25 268 10
2011 96 42 86 10 22 25 149 36 26 3 291 3 119 23
1089 129 103 19 267 33 2 283 36 26 23 24 80 263 233
46 299 11 18 291 29 266 19 146 15 254 9 20 144 5
1499 104 48 135 230 45 5 15 9 34 201 18 103 23 130
1369 71 15 170 22 26 269 17 71 27 2 4 13 156 19
1953 170 18 294 206 2 26 200 179 4 10 247 184 29 33
1672 256 22 90 10 69 161 11 63 159 68 88 8 147 15
2114 13 234 196 152 221 15 290 113 10 19 29 3 18 209
2193 36 23 49 135 2 53 78 48 161 111 18 33 1 267
1375 68 151 25 91 208 70 19 26 17 76 23 171 10 13
586 95 41 104 22 10 11 128 131 203 34 31 26 92 15
363 10 128 15 215 137 57 19 18 26 76 182 6 110 24
3252 47 201 1 34 298 36 26 74 9 22 23 33 243 239
3670 28 74 89 33 257 142 36 31 3 227 10 114 93 35
1287 147 42 33 24 289 35 295 30 258 11 38 48 250 22
315 10 46 36 23 17 212 101 13 33 56 22 110 90 167
922 110 15 18 48 186 115 12 10 179 27 42 187 59 33
3159 284 279 39 11 9 177 35 24 57 22 294 143 15 125
1241 48 252 92 269 49 13 121 18 57 29 53 37 272 40
735 13 18 40 44 68 47 2 22 251 275 140 26 87 105
1916 22 190 2 150 177 48 44 257 38 25 146 26 42 47
1293 48 29 159 35 86 40 69 10 188 44 87 33 27 23
3254 5 10 248 278 9 2 88 18 26 153 22 270 11 275
1731 222 56 116 233 22 126 5 94 15 69 35 18 39 11
3360 215 93 71 34 42 46 188 36 54 24 61 190 285 26
1395 33 23 72 176 8 113 42 18 36 15 44 17 227 2
2762 36 277 4 84 250 43 22 125 228 49 237 15 18 39
1257 183 140 113 57 147 110 9 53 34 33 23 50 58 19
2301 15 132 262 192 26 214 31 22 59 9 112 11 12 10
3447 89 24 18 11 69 277 50 42 31 26 27 174 156 36
1652 75 8 10 23 29 207 27 9 5 52 22 17 260 240
1607 22 277 82 42 7 18 19 41 70 36 237 48 15 26
1390 22 53 109 40 48 6 149 25 112 1 18 241 26 97
2691 14 5 12 232 8 142 218 19 159 4 233 1 9 108
2454 42 17 168 146 19 33 53 274 215 277 55 191 23 58
3080 172 14 183 37 36 290 247 5 24 17 15 19 1 130
3701 105 36 217 10 206 4 261 17 184 6 283 29 23 42
2267 160 51 17 8 2 47 41 5 10 15 9 12 153 18
594 232 19 23 91 17 41 6 10 1 289 138 18 254 44
348 8 28 13 40 19 47 9 72 2 244 7 33 71 29
968 40 10 210 228 138 80 29 18 6 35 28 36 30 33
3255 23 2 230 17 35 8 276 104 7 13 86 15 89 57
903 44 291 5 299 213 60 23 274 33 53 10 28 35 32
1233 166 33 127 10 31 18 44 23 268 220 172 145 19 270
596 129 34 24 260 9 235 11 6 10 251 31 26 295 51
1673 80 60 294 24 182 35 111 87 252 6 36 48 33 23
2053 13 23 99 7 10 22 18 26 34 243 207 264 232 188
912 297 128 160 61 17 5 217 48 27 10 53 283 252 58
2080 6 18 120 139 171 10 61 284 22 69 118 19 24 3
3702 26 198 238 35 55 18 42 170 277 23 299 17 10 251
10 161 196 253 36 211 26 277 61 34 51 45 31 23 150
1376 52 254 121 18 10 242 50 32 48 161 22 24 42 13
2889 9 251 242 200 36 20 53 220 26 5 7 56 48 196
3754 130 38 274 49 11 69 40 63 15 192 126 17 9 44
1027 191 18 6 10 88 221 26 1 46 2 33 43 189 34
2000 24 19 230 267 18 208 234 299 43 31 10 33 15 205