2857 2 3 5 6 8 9 10
259 1 3 4 10 13 15 17
1195 2 3 4 7 10 13 15
1209 2 3 4 6 8 9 10
479 2 3 4 7 8 9 10
2027 1 2 4 5 7 8 9
588 2 7 8 10 13 17 18
2570 2 5 7 8 9 10 13
1269 1 3 7 10 17 19 22
592 2 3 5 9 11 12 13
1579 3 5 7 8 10 13 15
1197 2 3 4 10 11 12 13
607 1 5 8 9 11 14 22
2761 1 5 9 10 11 14 15
109 2 7 8 10 11 13 15
2395 2 6 8 10 11 14 15
1196 1 3 10 11 13 18 19
526 1 8 9 10 13 15 17
1616 5 9 10 15 17 18 20
1264 2 3 8 9 10 11 15
1096 1 4 10 13 17 18 19
2627 2 10 13 18 19 22 23
2996 3 5 10 11 14 15 22
317 2 5 9 10 11 13 15
857 10 12 19 22 23 24 27
355 2 5 10 11 15 17 19
2715 5 10 19 22 24 25 26
295 5 6 8 13 14 15 17
1239 4 10 17 18 19 20 22
0 1 6 8 9 10 18 19
1213 4 10 17 19 22 23 28
2915 2 5 7 8 13 15 17
456 2 7 9 13 15 17 19
3577 2 5 6 7 14 15 17
1199 10 17 18 19 22 23 28
540 10 17 23 27 29 36 42
2986 5 13 16 18 19 21 22
1258 2 3 10 11 13 18 19
49 5 9 11 13 15 17 18
33 5 6 17 18 19 23 33
2790 1 10 11 22 24 26 33
779 2 10 13 15 17 18 22
3174 10 13 16 17 18 19 23
1192 1 2 12 15 17 18 19
918 1 5 10 12 13 18 19
923 10 17 23 33 36 42 44
1126 5 10 13 17 19 22 23
2354 1 3 5 9 10 11 16
1386 4 10 18 19 25 26 28
1220 7 9 10 12 23 24 29
911 6 9 10 24 27 28 29
1035 4 18 19 22 23 29 36
1212 2 5 8 9 11 15 17
1609 2 5 7 13 15 17 19
376 5 6 7 8 9 18 19
1290 3 10 13 15 18 19 22
1999 10 15 18 19 23 29 31
1135 3 10 11 22 27 28 31
3113 1 3 9 10 17 19 25
1306 9 10 11 19 24 26 31
1703 5 8 9 10 11 15 17
1720 1 5 8 9 10 18 24
1967 2 3 14 15 18 24 26
647 2 3 7 10 13 15 18
2598 5 9 10 17 19 23 28
31 5 10 15 17 19 22 23
3792 5 7 9 17 18 19 23
2173 10 11 22 23 24 26 27
2796 1 10 18 22 23 24 26
2290 5 8 10 18 22 26 34
2917 1 10 11 19 22 24 26
589 2 3 6 9 10 11 13
2958 5 9 10 11 14 15 18
3470 2 10 17 19 23 24 28
1373 10 13 17 19 25 29 33
1393 3 10 11 22 24 26 27
2682 5 11 15 16 19 24 25
591 10 13 18 19 22 23 24
1783 2 9 10 11 15 18 23
1572 7 8 10 11 17 19 22
1303 3 10 29 31 33 42 44
3417 2 4 5 7 8 11 13
222 9 10 17 19 22 25 33
379 2 7 13 15 18 19 22
2705 11 15 26 36 39 43 48
1224 2 10 14 22 24 27 28
1583 9 10 17 19 22 23 24
1526 2 5 13 15 17 18 19
3480 8 10 34 58 62 92 110
1922 5 9 10 11 15 17 20
749 10 17 23 40 42 58 59
2698 8 16 19 22 23 36 41
38 5 8 22 23 26 28 34
20 2 13 23 29 31 36 48
1392 8 9 13 26 33 34 35
2803 1 10 11 12 25 34 47
587 1 6 10 18 19 21 25
2405 6 22 24 26 29 33 34
1219 10 19 24 26 29 35 42
732 3 5 7 8 15 19 22
1229 10 24 28 31 33 35 45
3175 5 11 15 19 22 35 36
1960 1 3 9 10 19 26 33
3750 9 10 17 18 23 25 32
1078 3 10 24 26 33 34 36
907 5 8 22 23 27 33 35
3407 1 5 6 9 10 15 26
1072 10 13 18 19 22 23 24
3622 9 14 15 18 19 25 34
1355 9 10 13 17 19 23 25
3526 4 17 18 19 20 22 23
2699 5 19 21 25 26 34 36
1218 19 23 33 34 48 53 58
1246 2 10 12 22 24 26 28
1088 5 9 11 18 22 23 33
1543 2 10 13 18 22 23 25
1221 22 23 29 33 42 48 53
149 1 5 8 9 10 25 30
110 8 12 19 22 23 33 36
3752 6 7 15 18 20 22 25
2709 11 19 34 39 41 46 53
356 5 10 11 15 23 28 31
2656 10 17 23 24 28 31 44
1093 18 24 33 35 36 37 53
1205 17 19 23 33 42 53 54
2984 17 22 23 36 42 48 49
2639 10 13 15 17 19 23 24
3146 2 8 9 15 17 23 32
2394 5 22 23 36 39 51 53
3420 3 15 19 26 33 42 48
1516 5 10 22 23 26 33 36
1640 3 12 34 36 45 54 56
1277 10 11 19 22 28 33 34
1251 10 12 23 27 29 33 35
366 9 10 15 18 23 42 48
1357 9 11 17 22 24 32 33
1207 28 32 33 36 40 47 48
1675 10 18 22 23 25 36 40
2099 6 10 18 22 23 24 26
2528 10 17 19 23 29 33 36
2010 10 17 22 23 25 26 28
2320 1 2 6 10 11 15 17
919 2 6 9 10 18 24 37
2323 8 9 10 19 22 25 34
2011 10 22 23 25 26 36 42
1089 2 19 23 24 26 33 36
46 5 9 11 15 18 19 20
1499 5 9 15 18 23 34 45
1369 2 13 15 17 19 22 26
1953 2 4 10 18 26 29 33
1672 8 11 15 22 63 69 90
2114 3 10 13 15 18 19 29
2193 2 18 33 36 48 49 53
1375 10 13 17 19 23 25 26
586 10 11 15 22 26 31 34
363 6 10 15 18 19 24 26
3252 9 22 23 26 33 34 36
3670 3 10 28 31 33 35 36
1287 11 22 24 30 35 42 48
315 10 13 17 22 23 33 36
922 10 12 27 33 42 48 59
3159 9 11 15 22 24 39 57
1241 18 29 40 48 49 53 57
735 2 13 18 22 26 40 44
1916 2 22 25 26 38 42 48
1293 10 27 33 35 40 44 48
3254 2 9 10 11 18 22 26
1731 5 11 15 18 22 35 39
3360 24 26 34 36 42 46 54
1395 15 17 18 23 36 42 44
2762 15 18 22 36 39 43 49
1257 19 23 33 34 53 57 58
2301 9 10 11 15 22 26 31
3447 11 18 24 26 31 36 42
1652 5 8 9 10 17 22 23
1607 15 19 22 26 36 42 48
1390 18 22 25 26 40 48 53
2691 1 4 5 8 9 14 19
2454 17 19 23 33 42 53 58
3080 5 14 15 19 24 36 37
3701 4 10 17 23 29 36 42
2267 2 5 8 9 15 17 18
594 1 6 10 17 18 19 23
348 2 7 8 9 13 29 33
968 10 18 29 33 35 36 40
3255 2 7 8 13 15 17 23
903 10 23 28 33 35 44 53
1233 10 18 19 23 31 33 44
596 6 9 10 11 24 26 34
1673 6 23 24 33 35 36 48
2053 10 13 18 22 23 26 34
912 5 10 17 27 48 53 58
2080 3 6 10 18 19 22 24
3702 10 17 18 23 26 35 42
10 23 26 31 34 36 45 51
1376 10 13 18 22 24 42 48
2889 5 9 26 36 48 53 56
3754 9 11 15 17 40 44 49
1027 1 6 10 18 26 33 34
2000 10 15 18 19 24 31 33