2857 11 14 15 17 18 19 20 22 23 24
259 18 19 23 24 25 26 27 28 29 33
1195 17 18 19 22 23 25 26 28 29 33
1209 13 15 17 18 19 21 22 25 28 29
479 11 13 15 17 19 22 23 25 26 28
2027 13 15 17 18 19 20 24 25 30 32
588 19 20 22 23 26 29 30 32 33 36
2570 15 17 19 20 22 23 25 28 29 30
1269 24 25 26 31 33 34 36 42 44 45
592 15 17 19 23 24 26 28 30 32 33
1579 17 18 19 22 23 24 25 29 31 36
1197 15 18 19 22 24 25 26 27 28 29
607 23 24 28 30 32 33 35 36 47 48
2761 17 19 22 23 28 29 30 32 33 35
109 17 18 19 20 22 24 25 29 33 36
2395 17 22 23 24 28 33 34 35 37 38
1196 22 24 28 31 34 35 36 37 40 42
526 18 19 24 28 30 33 36 42 44 45
1616 23 27 28 30 32 36 39 48 51 53
1264 17 19 22 23 24 26 27 28 30 31
1096 22 23 26 27 28 30 33 34 36 42
2627 24 25 26 36 41 42 44 46 48 49
2996 23 27 28 30 33 39 42 43 45 53
317 17 19 22 24 26 27 28 29 30 33
857 29 33 36 42 44 47 48 49 53 58
355 26 31 34 36 37 38 40 42 43 48
2715 31 33 34 36 39 42 44 45 48 53
295 18 22 23 24 30 33 35 36 38 42
1239 23 26 28 29 33 36 42 44 48 53
0 21 23 26 28 34 36 38 44 45 48
1213 29 33 36 42 48 53 58 62 64 81
2915 18 22 23 26 29 32 33 36 42 44
456 20 22 23 29 32 36 42 48 49 52
3577 18 20 22 23 25 36 39 41 48 49
1199 29 33 36 42 48 49 53 58 73 84
540 48 53 58 59 62 63 88 100 107 112
2986 24 25 27 36 40 44 48 53 62 63
1258 22 24 26 31 33 34 36 48 53 58
49 23 24 28 29 30 32 33 48 53 55
33 34 36 38 42 44 45 47 48 51 53
2790 34 36 37 45 48 50 54 57 58 66
779 23 25 26 36 40 42 44 48 49 52
3174 24 25 36 39 42 44 45 48 53 58
1192 24 28 33 39 42 44 47 48 49 53
918 22 24 28 33 34 35 40 42 44 48
923 48 53 58 59 62 75 81 88 100 102
1126 29 33 36 39 40 42 44 48 53 58
2354 17 18 19 21 23 25 26 31 36 38
1386 29 33 34 36 42 48 53 58 65 87
1220 33 36 42 47 48 53 57 58 62 81
911 33 35 36 37 40 44 48 53 55 58
1035 42 48 49 53 58 65 73 87 93 96
1212 23 24 30 33 47 48 53 55 56 58
1609 23 25 29 33 36 42 48 52 53 58
376 22 23 26 29 33 36 37 38 42 45
1290 24 25 26 28 29 33 36 40 42 44
1999 33 34 36 42 53 58 62 65 73 87
1135 33 35 36 44 48 54 58 68 89 90
3113 26 36 39 42 43 45 48 49 51 53
1306 34 36 37 38 42 43 44 45 48 58
1703 24 25 26 28 34 35 38 48 53 55
1720 26 33 34 37 38 39 41 48 51 53
1967 28 34 36 42 45 48 53 58 62 68
647 19 20 22 23 24 26 28 31 36 37
2598 36 39 43 45 51 53 63 70 73 77
31 28 32 33 36 42 48 53 58 59 62
3792 25 28 29 36 39 42 43 44 48 49
2173 28 31 33 34 42 44 45 48 53 58
2796 28 33 36 42 44 48 53 62 68 83
2290 48 53 58 59 123 126 136 137 146 148
2917 28 31 33 34 36 44 45 48 58 68
589 17 18 24 33 40 44 48 53 59 60
2958 19 32 33 36 39 53 58 63 70 71
3470 33 42 44 48 53 58 59 62 67 92
1373 36 40 42 44 48 49 53 58 62 65
1393 33 42 44 54 57 58 73 81 84 88
2682 26 36 39 48 53 63 70 71 75 77
591 26 33 35 36 40 44 48 49 53 58
1783 24 26 30 32 33 34 45 48 53 55
1572 23 25 36 38 42 44 48 52 53 58
1303 45 48 54 58 59 62 68 72 74 81
3417 15 17 18 26 29 33 36 48 53 58
222 36 39 53 58 63 68 70 71 73 81
379 24 26 34 36 44 48 49 52 60 65
2705 52 53 56 58 63 68 70 73 77 85
1224 29 33 35 53 57 58 59 62 63 88
1583 26 33 36 42 44 48 49 53 58 69
1526 20 22 23 29 36 42 44 48 49 53
3480 113 115 118 125 127 130 131 132 134 138
1922 22 26 28 34 36 45 48 51 56 58
749 62 63 78 81 84 102 107 109 117 120
2698 44 48 52 53 63 65 73 83 85 92
38 35 38 45 48 51 56 58 72 73 78
20 49 52 53 58 60 62 82 87 91 93
1392 36 38 53 58 76 82 92 95 96 99
2803 48 57 58 68 92 96 117 118 120 123
587 26 36 38 45 48 51 53 56 65 75
2405 36 37 40 42 44 45 47 48 58 59
1219 44 48 58 59 62 65 105 117 118 122
732 29 33 36 40 42 44 48 49 52 62
1229 54 58 59 62 65 68 81 88 109 126
3175 39 58 60 62 63 70 74 79 82 83
1960 43 53 58 62 66 73 88 89 92 94
3750 35 39 44 49 50 53 57 58 63 68
1078 42 44 54 62 88 91 107 118 123 132
907 58 59 67 70 81 88 94 97 106 107
3407 34 35 36 38 59 70 71 74 75 76
1072 26 27 31 40 42 44 48 53 58 62
3622 36 38 39 42 44 48 61 65 70 76
1355 29 33 36 42 44 48 49 53 58 60
3526 29 33 36 42 48 51 53 58 73 93
2699 39 45 49 63 64 70 73 76 77 83
1218 59 62 90 102 107 117 120 123 127 131
1246 33 35 37 38 45 47 48 53 58 59
1088 47 53 56 58 62 76 90 95 110 123
1543 26 36 42 48 50 57 58 60 73 75
1221 58 62 73 84 105 116 117 118 120 123
149 33 48 53 55 56 65 67 72 82 90
110 58 62 67 81 88 91 97 102 107 120
3752 29 36 39 48 57 61 63 65 66 70
2709 63 64 71 77 83 85 88 92 104 116
356 35 37 38 45 48 58 59 60 78 92
2656 45 53 57 58 59 62 66 68 73 92
1093 59 62 63 65 67 106 111 123 124 126
1205 58 97 114 127 139 146 149 150 151 157
2984 53 58 62 73 84 110 117 118 121 123
2639 33 36 42 44 48 49 53 58 62 71
3146 33 36 48 65 76 80 82 86 90 92
2394 56 57 58 62 63 70 77 90 102 116
3420 54 62 68 81 91 96 97 99 118 123
1516 48 51 58 68 73 75 78 109 111 118
1640 58 60 73 78 92 95 111 123 134 136
1277 35 36 44 45 53 54 68 91 97 109
1251 49 59 62 74 81 97 107 112 123 127
366 58 78 83 90 92 110 111 116 117 118
1357 35 36 48 56 58 69 76 82 92 95
1207 53 58 59 62 88 97 100 120 123 139
1675 48 49 52 53 58 60 73 92 93 100
2099 27 34 35 36 37 42 45 48 53 83
2528 42 44 48 53 58 62 87 92 105 117
2010 34 42 44 45 48 58 62 73 92 102
2320 19 22 26 28 36 37 44 45 48 56
919 40 44 45 48 53 58 59 62 68 80
2323 38 48 53 58 68 72 78 88 95 96
2011 45 48 53 58 73 75 90 92 99 102
1089 48 53 57 58 62 65 66 88 107 116
46 22 23 28 32 33 36 37 38 48 53
1499 56 58 60 68 91 95 117 118 123 129
1369 29 35 36 48 49 52 53 58 73 82
1953 36 42 48 53 58 65 67 87 93 96
1672 92 110 120 123 131 139 149 150 157 163
2114 33 36 40 42 44 48 58 62 64 65
2193 58 62 65 87 93 105 110 117 118 123
1375 29 36 40 42 48 58 62 73 101 109
586 36 37 38 44 45 53 62 65 67 72
363 33 38 48 49 53 56 75 78 80 86
3252 45 48 73 78 92 116 121 123 136 142
3670 45 48 53 54 58 62 68 91 109 117
1287 58 59 114 118 131 132 139 146 149 151
315 42 44 48 53 58 60 64 73 93 103
922 62 67 88 97 102 107 120 131 136 140
3159 58 63 76 90 102 114 133 135 142 147
1241 58 62 96 105 107 117 118 123 125 130
735 45 48 52 53 58 60 65 90 92 93
1916 53 65 73 80 90 92 95 103 117 118
1293 53 58 62 65 81 91 97 107 109 118
3254 36 45 48 51 53 65 72 78 90 92
1731 53 73 74 82 95 110 129 131 132 136
3360 62 88 107 109 118 123 132 146 150 151
1395 53 58 62 95 117 129 134 136 138 144
2762 52 65 83 90 92 93 101 102 116 118
1257 62 81 94 107 116 123 131 136 139 146
2301 34 45 48 56 60 62 78 88 90 98
3447 45 48 53 58 62 65 73 116 117 118
1652 25 33 36 42 48 53 58 59 69 113
1607 52 53 65 73 92 93 95 103 117 123
1390 58 75 90 92 93 103 117 127 129 134
2691 23 24 25 30 35 39 49 53 58 59
2454 92 94 117 121 123 131 133 136 151 157
3080 39 48 63 70 77 83 92 117 119 131
3701 53 58 62 65 93 97 100 107 117 118
2267 23 26 33 48 53 62 65 82 95 96
594 26 33 35 36 48 49 53 58 65 75
348 36 42 44 48 49 52 53 82 93 95
968 42 44 45 48 53 58 59 62 65 91
3255 29 33 36 42 48 53 82 90 95 105
903 58 59 62 81 86 97 120 123 136 141
1233 54 59 81 97 99 109 118 120 123 138
596 36 37 48 62 65 72 73 80 123 131
1673 53 58 62 88 106 107 118 123 127 133
2053 40 44 45 48 53 58 62 73 75 83
912 59 62 74 81 83 90 97 102 107 112
2080 26 34 35 36 37 45 48 49 53 73
3702 49 53 58 62 73 93 107 117 118 121
10 62 72 78 88 111 118 123 131 136 137
1376 58 73 90 92 93 110 117 122 123 131
2889 57 58 69 76 95 123 127 131 136 137
3754 50 57 58 61 64 65 66 71 76 82
1027 35 44 45 48 53 59 73 74 75 92
2000 34 36 42 58 62 73 101 110 118 123