8 32 43 48 51 52 57 59 61 78 91 94 96 100 101 102 103 109 110 112 116
228 52 53 59 60 63 73 78 80 87 93 99 103 113 120 124 133 138 140 154 160
407 60 73 81 99 103 120 123 127 138 140 143 144 154 169 173 180 196 201 205 217
594 61 63 73 78 86 109 110 115 123 137 147 152 154 167 179 181 183 188 191 193
243 73 76 83 90 95 113 120 123 141 149 154 157 166 171 177 182 193 195 208 221
1272 67 90 93 95 110 115 123 124 129 132 133 134 152 154 155 157 166 167 179 182
281 60 66 71 73 78 86 95 99 104 109 113 133 149 152 154 158 161 181 201 202
504 76 93 95 104 110 113 115 121 123 124 132 154 155 165 166 167 182 195 209 235
64 96 99 112 120 123 140 145 154 159 169 188 194 225 235 253 262 266 283 309 313
1289 63 93 98 113 124 150 178 180 208 209 217 231 235 245 266 295 299 314 323 325
202 60 76 78 81 110 140 145 153 154 167 169 179 180 181 187 189 195 201 207 266
388 59 63 77 93 107 120 130 133 137 154 159 167 178 181 195 201 203 208 211 235
1018 63 73 77 84 100 107 111 120 130 152 154 157 164 167 169 171 195 201 228 235
643 67 93 95 115 118 123 149 154 155 171 182 205 229 256 259 261 266 282 314 332
1136 87 92 93 94 95 99 110 112 115 179 192 201 202 208 209 223 230 235 247 256
32 73 106 110 114 134 137 143 154 162 170 171 179 201 208 253 276 286 289 293 295
900 152 154 165 169 170 183 188 192 195 201 208 217 232 249 271 274 286 294 303 309
1315 167 170 173 175 210 211 234 235 241 243 266 276 288 295 317 340 345 384 392 400
2332 123 154 178 187 201 208 211 234 253 268 276 288 290 295 321 323 340 349 351 353
799 60 63 73 99 104 110 123 140 153 154 164 208 222 247 274 279 283 297 332 340
177 123 154 179 182 208 235 246 259 279 282 290 292 299 309 317 320 332 388 400 404
2156 71 78 80 104 113 120 130 137 152 154 167 190 193 201 208 217 229 252 257 266
297 78 89 101 109 123 145 151 187 195 208 213 223 252 282 285 340 345 346 353 366
74 109 118 119 120 123 143 154 167 175 179 181 191 208 232 238 250 252 256 303 305
1640 66 93 118 123 124 154 170 203 221 231 235 253 259 279 290 299 319 340 367 385
595 106 120 123 133 149 183 193 266 279 290 293 295 297 321 325 326 332 341 351 373
3453 143 149 154 155 178 179 230 253 256 259 290 299 314 345 351 366 391 392 394 424
259 100 104 113 148 154 155 167 168 172 179 190 191 192 195 208 217 230 253 266 268
132 127 137 149 154 160 180 200 221 229 235 266 279 282 285 293 295 299 315 345 351
734 130 152 154 167 175 181 188 190 192 195 201 207 213 224 252 283 295 317 332 345
1888 95 110 115 123 130 133 137 149 152 154 155 167 169 179 203 208 221 235 279 280
1519 207 208 217 241 247 254 274 293 317 322 323 325 340 345 349 351 364 390 392 403
2610 133 137 154 155 203 208 221 224 235 259 279 280 287 290 321 332 340 345 385 400
289 76 117 141 145 183 208 218 229 256 266 279 282 293 340 425 437 453 470 508 518
753 193 233 276 282 299 330 341 345 346 369 381 384 391 392 406 408 415 429 465 471
56 63 71 79 96 104 123 125 144 153 154 193 196 201 208 233 260 262 274 276 295
536 110 113 114 122 123 124 137 154 166 171 208 235 279 290 295 299 314 320 339 340
2597 99 112 169 193 201 205 210 222 237 240 279 282 301 306 341 372 391 394 396 403
329 134 150 152 182 191 209 217 231 235 266 295 303 323 325 369 421 429 447 468 477
4 154 203 208 235 279 295 299 309 340 345 367 385 392 400 415 447 459 463 478 504
14 113 125 152 167 193 198 208 211 230 235 243 245 253 299 332 338 341 358 366 373
707 153 154 158 175 176 178 191 208 217 222 224 235 273 282 295 306 345 366 378 401
744 167 208 209 213 217 220 253 285 321 332 336 340 345 355 357 359 361 366 392 425
997 178 183 208 235 239 243 244 276 290 295 314 323 332 367 369 394 415 425 489 491
642 145 155 167 169 182 186 192 201 210 217 259 295 303 304 311 320 332 342 348 369
727 149 154 157 167 175 179 192 195 208 209 252 270 290 340 345 392 393 400 403 425
1199 120 123 125 147 154 167 193 201 203 205 208 213 229 250 252 268 282 285 295 323
389 69 101 133 139 150 158 167 175 215 266 273 276 295 299 317 341 351 373 384 401
1657 154 156 181 185 193 195 201 232 235 266 276 282 317 321 325 346 378 387 403 425
2046 150 154 158 167 169 171 175 188 192 195 205 208 211 215 216 259 268 295 299 324
1269 157 169 254 280 299 314 322 325 392 405 445 451 504 509 510 519 534 554 576 587
44 131 154 160 167 169 200 201 208 243 257 273 295 299 315 341 358 364 439 464 490
227 171 175 179 195 203 240 245 252 253 256 276 299 306 309 312 317 332 340 346 351
967 153 165 179 208 217 290 299 388 392 403 405 428 429 451 465 478 488 504 507 510
1268 235 243 275 299 314 323 332 339 345 351 366 388 391 395 403 437 440 445 447 468
25 186 195 210 217 235 254 279 280 332 383 394 400 403 428 429 442 444 543 556 573
2470 120 145 154 167 180 190 193 195 201 202 208 249 290 295 297 340 347 403 485 540
2658 208 235 265 279 290 309 332 336 385 391 394 400 415 428 451 459 465 489 504 505
144 80 144 145 155 192 203 205 235 252 256 266 282 285 297 314 317 324 339 345 350
455 140 154 170 194 208 217 240 276 279 295 340 345 391 405 425 431 445 473 485 547
575 167 186 191 193 201 229 235 274 276 340 351 352 384 392 424 425 428 444 495 504
1932 113 120 123 133 145 154 157 247 253 274 278 304 323 325 346 350 379 392 394 401
912 120 133 145 154 194 208 252 264 269 290 303 307 325 345 349 351 392 424 425 435
1630 195 201 208 211 235 299 303 323 340 346 351 353 366 368 420 439 444 447 514 554
374 169 170 173 183 188 208 235 252 266 282 290 304 321 340 400 403 405 425 483 504
1714 93 99 112 115 137 138 140 164 171 250 256 293 317 342 400 403 466 490 494 517
1867 154 155 167 190 195 208 209 293 303 345 351 366 379 410 420 425 427 439 448 465
1169 133 137 154 190 192 193 200 208 209 253 283 288 311 314 332 336 351 358 368 369
2087 123 130 133 140 152 155 168 176 201 207 235 243 266 303 351 387 428 439 444 447
631 213 258 267 330 394 416 425 465 490 533 539 541 551 554 575 582 595 619 732 753
229 186 195 208 217 235 259 290 295 314 351 369 391 392 447 490 504 518 540 543 554
765 80 134 137 167 192 208 293 303 320 338 351 379 392 425 428 444 465 477 504 508
1290 113 114 124 140 150 178 182 208 235 297 299 303 314 323 345 369 403 421 425 429
1295 180 203 208 240 268 279 320 340 351 384 425 427 428 437 483 485 504 520 531 540
3632 282 299 323 345 351 369 388 391 403 405 425 433 447 468 483 495 504 509 510 540
948 124 138 141 154 177 235 254 279 280 299 351 391 392 400 428 430 450 495 498 503
2755 123 137 154 157 203 204 208 271 295 307 314 401 405 406 416 425 429 432 444 450
1052 123 137 152 178 211 249 332 345 351 371 447 451 469 508 540 544 545 551 582 619
1457 119 140 143 154 175 187 191 193 195 222 247 252 295 345 377 394 403 433 447 509
10 173 179 196 256 290 292 295 363 369 392 400 426 429 449 451 465 490 509 515 550
2491 142 201 208 282 286 295 315 323 341 346 384 425 463 490 507 548 551 555 615 620
938 178 211 254 302 310 311 314 332 336 340 388 390 405 408 502 504 534 546 550 554
2438 175 181 208 211 217 227 238 253 259 281 283 295 314 340 366 369 392 403 425 495
2519 120 123 137 152 154 170 205 256 288 299 303 314 323 351 374 384 399 425 432 449
994 102 152 154 203 320 322 332 369 384 425 504 508 540 543 551 554 589 597 615 629
949 208 235 253 295 303 314 351 425 427 475 508 542 554 576 652 656 664 665 695 721
2022 194 217 243 266 290 332 336 338 340 366 392 403 425 430 437 444 447 489 504 508
360 225 230 247 273 274 279 283 291 320 343 358 366 401 495 512 524 533 551 562 582
790 275 345 358 366 381 384 392 415 425 428 437 490 531 540 555 558 630 636 662 692
2640 192 259 281 370 380 392 394 403 424 425 428 463 483 498 504 507 525 540 573 576
1239 297 314 325 339 346 351 366 374 392 397 406 407 418 425 438 460 474 490 510 516
2218 182 235 255 256 269 283 284 292 339 340 400 435 464 465 469 475 489 507 540 557
1426 154 155 182 199 235 255 269 284 290 299 308 340 346 369 400 465 489 504 507 540
1504 140 154 208 230 256 274 285 300 321 340 345 390 392 425 437 502 518 540 554 557
109 152 154 157 245 295 304 321 340 392 405 430 444 456 495 499 504 507 515 542 560
192 154 167 195 201 208 235 273 288 325 340 345 351 368 384 400 420 424 425 428 447
256 243 259 266 295 307 340 347 349 396 400 425 464 504 543 575 619 712 725 727 760
1965 73 110 123 151 154 158 178 208 215 217 235 290 299 314 340 345 392 437 444 447
266 161 176 208 217 235 239 244 249 256 269 283 290 306 307 332 342 345 351 403 415
446 145 154 164 167 169 275 299 301 314 332 349 400 403 416 447 473 494 512 532 540
2184 217 249 259 303 305 314 348 369 392 426 460 466 502 504 509 543 554 555 582 615
2233 234 259 312 346 366 403 425 428 430 438 456 478 480 490 504 509 512 542 575 586
1011 148 154 203 208 283 293 299 345 403 425 465 475 481 504 534 554 586 633 661 680
2217 255 294 308 340 389 400 415 434 465 469 489 504 507 540 560 565 640 678 681 725
2746 204 208 271 290 295 314 354 405 406 416 425 429 489 586 608 616 622 623 674 677
819 189 190 195 234 252 290 341 373 396 400 408 534 549 586 590 659 661 662 673 752
1034 171 178 179 198 235 282 314 325 332 383 415 429 444 447 449 451 468 492 495 499
1570 154 203 204 208 246 271 295 314 323 416 425 432 465 540 586 592 608 616 622 623
2534 208 217 233 235 312 323 340 346 392 400 428 460 475 495 503 504 509 535 540 554
3640 235 239 290 295 385 425 428 437 450 460 489 504 507 519 539 542 554 576 599 614
648 287 295 301 332 340 345 400 405 415 444 465 486 504 507 509 531 537 540 550 554
1439 116 133 137 152 175 205 208 210 282 299 303 337 345 353 372 495 508 536 551 554
610 154 243 295 303 323 403 422 504 514 528 539 550 560 582 643 654 687 689 735 760
1464 137 145 177 191 235 290 298 321 333 392 425 428 495 498 504 507 518 526 539 540
253 188 208 297 303 323 325 346 366 390 392 416 425 427 437 439 586 588 630 682 727
1065 123 147 152 154 169 175 178 208 254 267 268 279 295 314 317 341 345 349 351 378
1595 154 195 203 204 208 231 235 246 253 271 314 323 354 416 425 540 555 586 597 608
2094 133 144 152 180 217 249 256 264 332 345 346 350 364 379 384 403 425 448 473 507
3052 123 137 149 154 201 207 208 235 307 314 320 373 387 392 400 437 504 508 576 615
369 103 120 123 154 202 208 235 271 276 305 323 401 405 416 418 425 448 549 588 608
556 107 123 154 158 167 175 208 213 253 268 278 279 324 345 351 366 371 403 425 430
2280 266 299 314 332 340 369 392 419 421 468 504 524 554 615 640 661 672 675 681 743
1564 181 235 249 252 261 279 314 321 336 340 381 392 403 422 431 445 450 509 533 558
391 203 250 253 266 274 295 303 305 340 341 349 351 384 392 427 447 480 542 554 608
608 290 296 304 412 447 503 504 510 516 535 539 540 542 554 579 586 675 681 745 760
820 154 167 175 181 188 190 192 253 279 293 305 314 351 357 366 390 403 437 444 447
2700 165 169 170 201 208 243 266 299 322 325 332 392 428 471 484 495 503 527 554 576
978 179 208 271 277 290 299 307 392 485 495 503 535 555 590 599 629 678 681 729 760
1587 154 178 192 223 235 282 299 314 323 332 353 359 364 428 440 447 504 540 605 643
6046 134 136 154 170 176 189 208 256 275 304 356 414 425 429 430 438 457 493 534 540
60 181 188 208 339 384 385 396 415 460 468 509 510 559 586 640 648 649 651 687 739
2035 294 308 340 342 345 370 400 403 425 469 504 551 576 586 648 681 727 760 778 782
2741 253 266 299 307 323 351 367 373 426 447 468 495 510 540 552 576 586 590 608 612
569 197 201 208 235 266 297 313 340 341 353 384 392 415 425 429 504 535 586 588 614
1667 266 279 299 332 339 394 400 403 430 519 528 540 579 586 600 624 632 638 654 671
48 154 202 203 213 221 245 279 287 314 345 349 366 381 394 405 431 443 447 466 527
261 79 81 101 120 129 138 145 148 196 208 222 279 323 337 345 369 392 403 410 437
1130 204 208 246 271 279 314 323 345 354 404 416 425 540 586 608 622 677 696 753 768
1613 252 282 295 299 306 323 340 342 361 392 401 403 447 483 489 517 540 541 586 588
1473 178 182 191 209 429 468 504 539 540 542 551 557 580 581 587 619 672 728 740 769
1538 245 250 295 297 332 341 346 353 355 384 410 420 512 542 566 610 652 734 760 782
2808 68 110 134 137 152 160 192 282 295 340 346 353 378 425 445 465 469 504 540 575
1463 165 167 191 208 299 351 390 396 405 495 528 554 562 583 588 598 615 673 693 699
840 140 142 152 154 156 347 379 384 423 439 440 447 586 602 640 662 752 844 855 876
1281 146 167 181 187 211 232 283 314 341 351 353 361 390 403 522 533 540 542 555 586
1238 165 266 268 290 299 391 392 425 430 468 495 518 554 560 576 596 599 648 653 688
1832 290 308 378 425 436 460 468 498 510 535 556 576 584 586 610 637 672 687 703 708
1893 131 145 205 209 267 301 341 345 353 384 464 502 517 540 555 593 652 666 677 717
2955 94 99 115 137 140 193 250 269 283 293 317 342 362 372 494 533 582 586 681 705
706 144 153 154 158 170 229 256 282 295 306 307 373 392 401 403 425 489 522 586 613
1481 123 155 208 256 266 290 299 307 332 345 364 384 385 392 405 425 475 495 503 509
4693 190 208 231 307 351 353 392 396 425 428 429 444 504 515 540 554 575 586 652 672
137 235 253 262 283 289 295 298 318 332 366 429 431 465 479 487 525 573 587 600 605
1830 165 188 208 332 428 447 504 540 548 554 575 603 615 625 637 672 675 760 768 775
3633 235 253 299 306 320 323 332 351 437 447 495 504 508 509 510 540 551 561 586 592
1489 220 259 266 268 271 299 307 323 332 367 392 405 419 459 460 495 503 540 550 560
1032 235 276 279 340 384 400 403 420 425 428 430 431 444 447 455 463 468 511 537 578
1131 254 257 274 283 295 323 345 379 392 401 424 431 437 489 499 511 522 552 577 586
2902 154 162 208 253 267 271 283 303 313 354 384 400 489 507 555 586 593 608 610 635
54 178 201 253 266 369 372 425 458 460 499 509 519 531 540 548 554 586 628 640 657
351 123 152 167 178 207 208 235 259 276 351 361 392 437 447 490 518 527 555 584 586
854 197 202 207 209 235 239 320 342 394 428 444 464 472 488 509 528 530 554 560 582
2186 338 340 345 405 496 505 519 540 551 576 615 648 652 656 663 725 751 768 790 815
2623 233 282 313 330 346 384 425 429 448 508 555 586 610 613 616 630 649 686 692 696
115 165 169 203 208 266 268 299 391 392 419 425 450 495 510 550 555 576 608 613 614
770 175 280 295 340 347 351 384 392 425 427 437 509 517 531 542 569 586 613 735 760
2564 154 167 181 235 252 259 310 311 314 339 425 430 516 543 550 551 554 573 576 579
2565 120 131 141 205 209 222 267 286 287 301 341 391 430 499 540 593 652 677 681 722
2566 201 205 209 256 267 282 301 341 354 372 391 433 502 540 550 593 665 677 729 751
2995 266 268 271 290 299 323 367 392 418 428 467 475 495 498 507 529 540 542 576 577
2915 253 266 299 323 345 373 391 411 443 447 468 540 552 586 677 681 760 782 784 814
4587 154 155 191 206 217 241 279 295 340 392 437 438 473 489 504 554 555 578 586 693
647 140 152 173 261 346 365 425 519 541 551 552 568 586 587 603 652 661 664 686 755
1635 155 161 173 235 239 244 249 256 283 306 318 332 351 364 394 400 415 425 461 489
1562 217 223 224 235 243 266 314 332 403 426 430 437 504 511 519 540 586 760 770 790
276 59 61 71 73 86 113 149 187 207 208 213 229 235 278 340 344 345 369 437 448
2583 263 290 332 345 369 391 396 400 403 447 468 489 535 540 551 568 586 629 760 808
3164 208 229 235 279 299 336 340 341 344 351 357 369 385 391 400 403 428 447 490 504
3190 228 250 279 299 342 412 415 490 494 502 522 533 565 582 586 666 729 758 786 848
3826 208 253 299 323 345 391 411 468 499 508 510 540 561 586 612 728 767 782 860 958
4338 361 392 400 436 453 488 554 573 591 614 722 760 762 783 787 846 854 858 861 870
120 208 235 246 275 304 321 363 384 387 394 401 425 468 487 530 538 540 543 552 573
611 268 384 404 468 504 505 510 540 543 554 573 576 608 614 616 731 760 786 805 807
1843 211 234 253 283 301 405 425 437 495 504 531 586 591 708 777 801 808 826 900 1081
1953 169 181 208 235 253 322 345 354 369 391 414 425 468 486 508 540 583 586 605 681
2212 201 208 235 323 340 351 425 428 431 504 506 557 571 586 619 673 712 731 735 751
2983 208 266 295 332 345 401 403 425 437 469 495 501 504 576 586 613 661 687 693 725
3470 345 347 366 369 398 429 448 545 558 586 613 640 720 727 733 742 751 766 801 848
3684 203 208 222 235 268 271 279 314 323 354 396 405 415 416 418 425 440 507 540 592
4055 366 375 391 425 431 439 469 507 509 531 540 546 549 560 575 576 681 686 694 726
21 195 259 271 295 332 369 377 392 404 418 428 510 526 534 555 596 640 672 678 688
993 165 195 211 256 266 295 299 309 313 391 392 428 495 503 526 529 540 555 560 576
1440 131 203 205 229 256 267 299 301 318 341 342 345 354 391 502 504 584 593 605 665
1472 259 271 280 392 400 423 426 428 489 491 510 525 535 596 622 649 668 753 770 784
2916 253 266 345 347 373 437 447 468 495 510 540 552 555 586 608 677 782 895 1008 1014
126 276 290 313 332 367 392 412 419 450 504 507 510 518 539 540 576 605 629 675 687
737 195 201 207 290 295 305 340 345 346 349 351 366 392 439 504 542 543 586 664 736
2616 301 315 321 323 350 366 468 504 533 539 554 576 579 582 647 648 689 725 749 768
2042 295 301 316 345 347 377 415 466 491 504 542 576 606 727 760 783 786 789 815 920
3468 321 351 353 366 392 456 475 536 571 609 648 681 687 735 753 779 816 854 876 1028