8 162 147 2201 100 1052 119 1467 658 2571 673 159 1332 809 167 78 136 97 1204 1980 391 452 152 110 91 662 116 177 2509 2064 1093 154 2547 48 203 94 109 563 101 80 102 1142 32 163 128 143 96 173 172 59 103 2663 43 61 57 2233 412 127 2638 51 52 843 1950 1963 326 303 138 112 270 989 130
228 1220 1635 60 201 2446 171 133 114 99 78 1942 215 1743 210 243 168 197 87 518 179 885 195 186 194 1673 870 208 1742 2610 898 124 2714 1479 113 167 73 1534 1153 187 2715 80 238 227 103 497 402 154 207 140 53 203 1923 138 2044 63 2600 93 2544 2367 160 2257 1184 120 59 1790 640 52 213 1443 2844
407 1475 274 276 337 342 1067 127 180 234 2827 347 1453 143 1426 938 2301 1650 353 2892 120 1768 448 73 487 346 1604 262 1734 201 123 266 804 2045 60 259 1042 1848 292 310 323 103 2397 173 2068 99 1946 140 2693 301 328 81 2118 196 217 295 286 884 169 2405 154 565 205 144 893 2743 2532 1704 240 2746 138
594 110 147 295 183 1927 2510 52 288 1598 2512 191 2401 137 123 10 2905 256 181 203 377 2144 152 188 1452 63 338 2659 243 73 290 78 2860 2360 2023 250 2557 2832 198 2310 86 115 154 228 193 167 2598 594 230 2200 163 463 217 208 280 2499 276 109 1765 1482 61 459 156 1034 674 2106 2507 179 440 195 686
243 581 286 259 2910 243 221 1663 2454 2168 416 73 149 171 2088 939 76 235 123 304 90 276 113 95 1450 385 1940 141 225 83 356 193 1936 381 2382 274 314 182 290 1065 195 157 852 496 208 282 134 2510 311 1280 120 229 1684 2257 642 166 2476 268 638 2349 177 1709 2140 2054 280 154 1798 2292 1566 266 96
1272 2946 1083 2409 152 1604 822 124 65 134 2125 218 129 235 322 332 2457 110 154 1530 1425 2514 90 1416 2268 1261 2858 272 221 268 2101 266 95 67 295 55 1393 259 166 351 115 1677 225 731 133 1894 290 1253 415 2041 271 182 286 2568 2365 157 1924 132 714 561 195 179 299 167 93 123 1498 1211 155 1158 1365
281 991 879 344 229 161 1063 2205 2661 78 181 1099 990 266 1988 1321 366 2795 133 236 371 823 1755 202 1797 154 208 71 201 2184 86 1517 1736 1832 280 109 148 1894 1119 1881 205 1016 1598 60 99 948 2075 2384 73 137 323 235 320 66 2299 1078 364 279 158 152 2235 95 149 299 282 104 113 267 2457 307 1421
504 1431 182 529 254 155 459 1343 332 428 2755 10 309 2619 290 1739 280 1370 339 807 2625 2730 2809 930 731 104 2024 823 1235 1781 299 235 110 93 121 340 385 167 327 132 253 1950 123 165 314 57 652 259 920 2232 279 342 154 1649 533 95 2549 166 1680 1231 88 115 321 76 113 195 124 209 1236 392 661
64 112 2913 1737 958 425 429 303 388 2767 1469 96 318 188 266 154 140 309 394 169 313 2847 366 159 392 363 123 225 1348 435 194 124 969 1065 283 403 270 2782 2282 673 20 2671 1457 389 1216 918 345 430 235 421 1575 1324 347 2159 253 2403 346 2197 2046 438 262 1607 145 923 715 279 1972 99 1268 120 229
1289 365 474 589 180 2085 351 1858 178 266 93 323 1016 299 1751 412 422 325 2788 1931 339 444 217 2123 113 405 245 314 871 429 2782 150 1564 1494 447 1613 946 2283 452 63 124 2635 295 1658 369 208 231 2463 2795 679 993 2112 1498 235 346 1771 468 332 2945 1004 98 246 2639 2786 1211 1616 421 209 403 477 2529
202 299 1870 2732 2215 1466 145 429 274 153 1176 391 390 102 1453 78 989 60 76 154 140 381 295 447 1550 2736 266 2786 195 627 345 2184 323 424 366 485 1564 169 2524 2213 1864 843 758 189 2236 180 181 1496 403 1484 233 581 2111 2203 2049 581 408 353 836 179 1444 2919 187 102 110 81 969 201 2104 207 167
388 107 93 293 1325 336 2347 137 330 1861 35 463 707 1188 159 1606 208 2109 345 203 323 473 69 181 167 66 253 954 2192 154 164 351 2936 1097 130 290 306 537 1655 2845 340 1428 201 2201 505 1406 77 2887 235 282 59 1138 355 384 2399 63 211 318 120 392 1872 298 1429 133 1367 178 712 195 390 379 288
1018 2295 159 2277 235 2572 111 1777 97 107 339 130 171 1464 2902 243 237 164 392 2934 1718 513 1740 2832 77 394 1772 152 2737 169 2088 323 358 195 257 216 340 1211 1137 366 1687 201 63 401 741 84 295 1232 73 1257 1490 1023 2307 157 2662 228 1009 100 290 942 351 252 167 2610 2305 341 2471 154 2635 120 266
643 2930 2741 1013 2560 205 457 1953 282 1156 426 2926 536 2208 171 403 118 1365 447 679 429 2191 1644 259 444 149 115 2686 2820 346 2230 1480 405 1239 332 366 947 182 305 2121 2691 261 425 2230 222 1717 266 339 1953 174 95 246 2746 2761 2649 340 123 158 93 451 250 155 229 67 256 417 154 449 2916 314 2819
1136 2402 2351 230 897 94 490 2169 1842 192 256 725 1266 392 36 283 2305 93 2497 2006 1491 201 87 254 2588 1792 332 110 1129 433 258 1072 2201 299 208 115 112 99 741 2765 1612 2153 135 235 1088 247 1495 390 92 425 1601 179 202 473 1208 214 901 266 1070 264 314 851 95 764 400 433 386 223 391 2782 209
32 492 459 143 532 394 314 276 969 444 428 2387 293 162 2175 1397 2393 179 385 317 425 154 1635 170 373 1778 411 1641 286 2401 2174 2356 208 171 458 2218 1390 430 378 2738 351 439 1902 2367 137 134 2602 303 110 2753 392 353 1444 289 2156 2449 295 253 1567 546 201 73 202 738 106 1292 332 114 2186 2697 207
900 1168 939 1570 217 232 428 713 863 271 170 1422 451 346 1032 1958 340 274 492 309 1488 294 1050 1056 736 2022 865 412 195 183 1887 201 1639 442 345 192 460 165 1083 1077 496 154 2741 2366 1237 1274 495 2700 1625 303 2042 387 456 208 286 549 188 1135 169 991 2539 2656 810 249 347 1495 1687 152 341 2658 437
1315 2117 241 1849 447 403 560 211 175 1786 276 900 173 1260 400 1375 552 243 2043 425 860 176 1607 434 1359 507 384 2011 2848 2001 295 470 1873 235 765 340 345 170 183 515 471 210 317 1545 2666 826 1606 2453 167 94 266 234 1839 2886 288 463 1311 360 438 540 392 504 899 480 509 1252 2474 313 551 2024 1450
2332 2206 537 295 123 268 440 536 2558 1335 392 208 278 201 2722 23 323 2909 437 1010 154 881 733 2863 2606 390 178 349 785 2791 336 253 531 594 211 2228 187 234 1292 290 2701 353 321 2248 439 341 484 366 1143 1960 393 529 543 2685 1342 400 288 509 2279 340 276 504 900 861 2001 463 351 495 1527 52 1141
799 97 522 2143 104 2329 1147 1079 1057 222 73 403 2737 699 279 65 2859 444 2203 2104 504 274 164 1102 465 2404 123 498 767 154 431 365 340 209 297 351 292 1774 425 99 495 711 247 2024 140 2628 490 1238 1574 1732 60 63 401 208 379 1245 842 283 534 2678 526 2643 1319 2780 2019 2100 1152 153 417 332 110
177 938 299 704 569 530 400 1690 549 23 465 246 2547 2675 2780 489 478 208 627 259 2064 279 1105 247 509 123 235 2233 320 1610 601 942 317 2322 290 404 332 2575 292 520 932 2715 504 542 1469 388 282 613 1718 1350 2172 1169 460 1812 586 857 309 2028 507 2450 154 469 2184 1086 179 596 415 525 1621 182 428
2156 748 71 2778 477 167 366 738 1285 113 444 2038 325 104 428 403 556 2347 2 217 687 2458 266 295 276 351 252 2703 201 2134 2332 193 257 297 1641 120 340 137 2563 2795 1353 657 425 229 154 345 1374 1555 23 2934 2113 242 384 447 80 2506 673 78 152 805 1545 1130 273 0 323 190 2117 208 341 130 1003
297 1392 2025 1999 123 1621 151 586 145 180 447 2457 425 2292 1734 2260 1370 345 388 2167 109 340 373 2455 366 285 2801 1300 1049 89 2784 547 223 575 1708 1784 1891 581 78 2819 2256 187 692 437 208 501 195 951 561 542 374 408 512 282 1782 353 252 490 1053 2314 823 269 774 547 1259 2561 346 213 101 504 548
74 2171 238 1114 167 256 495 452 109 2492 351 1761 2078 1713 307 1674 396 2395 305 1520 1064 818 317 1522 2532 181 93 425 401 328 123 350 589 345 175 1883 2612 303 2257 465 1853 119 143 1678 390 381 129 2649 250 154 507 26 232 252 463 313 2785 179 1083 191 477 711 370 120 331 118 2291 208 1952 132 1121
1640 1026 1549 2514 2190 66 2745 1907 12 554 2485 2042 594 1509 2328 235 1975 1400 93 2833 596 515 170 488 2799 514 279 131 124 1448 154 472 340 540 259 428 253 319 545 1312 2458 504 30 385 118 507 392 2867 290 1032 219 1879 1605 387 123 535 367 556 299 569 395 2024 520 1347 221 203 642 2102 231 2627 1040
595 106 279 149 1588 431 1890 485 1942 2243 293 1120 447 169 509 425 1151 1580 216 2208 401 290 427 403 266 2211 321 295 1233 2261 1302 193 97 2083 1298 183 1307 551 2263 373 1040 1787 1497 326 319 1579 504 391 297 482 133 562 2463 1557 1243 123 256 351 1653 23 451 43 1697 325 444 442 120 341 332 2682 228
3453 351 83 509 1238 314 475 424 495 460 394 259 1399 1642 299 545 975 18 2694 290 527 613 154 2517 841 1953 2035 366 447 2811 253 977 469 391 73 451 155 392 1948 430 621 345 2575 2219 2129 143 427 1565 53 149 508 1230 514 95 507 540 457 2406 504 230 1708 473 178 388 2168 1664 1364 179 243 1061 256
259 417 1131 400 191 230 190 2121 100 154 841 1097 268 266 1614 424 2687 2901 168 2418 2337 175 2276 553 650 172 382 299 192 2555 2764 113 155 536 179 1622 298 1085 148 2416 282 1683 321 208 542 1243 353 545 425 351 253 217 1096 2075 732 195 350 1261 1692 1697 1480 2780 2039 2618 2191 71 355 429 167 104 483
132 384 315 1129 2525 625 160 235 392 656 616 1446 154 279 259 275 273 1733 499 282 613 180 1818 351 137 2380 127 429 295 299 896 2588 531 1870 644 437 2497 345 25 142 447 113 779 2645 1985 2711 285 200 266 390 540 221 2752 229 1746 715 1606 96 293 994 2098 425 490 2942 149 586 366 94 2905 2333 1623
734 919 154 190 431 1713 428 188 345 351 1693 102 167 2492 504 1752 469 207 181 175 2612 252 152 201 130 192 353 2379 295 159 317 439 425 1487 330 593 2457 2613 403 195 465 2466 283 373 2441 1417 2938 2697 2862 332 775 2199 213 420 1275 38 1710 368 1743 91 2260 392 2138 571 2134 2495 1671 447 307 1518 224
1888 1289 2771 332 123 1761 430 471 154 704 2184 798 1402 1497 2617 307 2219 486 322 460 2162 314 280 155 149 2097 1803 1791 2648 304 137 290 130 765 960 133 400 795 2627 110 115 179 1351 95 1612 235 403 169 160 152 1707 340 203 1248 279 211 167 468 339 350 662 2450 221 208 118 1262 1581 2556 2849 1166 1803
1519 364 351 483 425 323 317 636 208 2022 390 325 2626 2104 403 2897 1873 322 293 2645 254 1030 2482 816 447 439 541 345 529 392 340 2445 247 428 2064 349 2061 495 1644 938 2890 1697 241 630 2504 1671 2712 520 758 564 2384 1829 424 879 217 2725 274 1118 207 1967 1300 648 2600 2702 957 616 1101 1458 889 504 2251
2610 575 2429 2437 426 235 975 554 2310 2918 2866 1810 1834 2690 141 2134 340 68 2717 224 846 259 433 468 2430 219 335 866 855 332 287 208 1172 279 290 418 203 221 189 133 154 155 460 1096 543 385 345 321 428 1715 2114 160 821 1006 678 430 1873 1289 1368 280 451 518 495 435 725 137 2893 405 2035 400 1138
289 2720 141 2149 495 1150 551 266 2537 2870 155 747 518 544 2713 2217 715 1420 711 907 2887 470 1311 581 76 588 2548 224 1766 2697 884 453 949 293 659 1248 2644 183 584 2579 699 208 340 256 589 28 2516 229 2269 279 541 201 1844 145 254 282 1607 1634 117 562 568 218 508 673 437 425 613 687 2128 586 630
753 391 1669 330 1958 811 471 996 1426 736 328 661 406 369 392 2071 2142 2123 548 727 616 345 555 76 1813 473 696 692 857 1449 1061 281 299 193 2425 465 2444 2664 2380 1898 381 2174 586 525 2296 233 194 2063 2162 786 186 2558 276 341 2385 1264 1098 1763 659 282 2880 636 520 429 175 415 408 346 384 613 1356
56 933 123 1472 501 400 1058 415 276 440 154 295 1841 96 144 125 196 274 1074 1072 1366 1689 2388 594 208 1896 1038 104 201 653 1443 384 233 914 487 1740 193 325 1354 530 260 2244 2284 629 430 1976 1296 2127 1653 458 1508 262 247 71 2515 345 1201 63 122 79 2888 153 857 320 425 2758 431 353 2064 394 2708
536 2916 471 1619 122 465 1721 2080 1513 1326 166 110 534 113 490 1460 2513 504 1324 1821 456 1233 2861 1364 462 495 235 515 1855 2495 10 388 411 340 403 290 518 540 151 299 251 1060 351 544 137 237 154 208 381 279 123 2565 320 2925 385 1747 2709 2868 295 114 124 171 2085 542 339 394 1902 2287 314 224 839
2597 988 430 675 152 2257 39 2219 525 1715 394 452 619 681 240 2922 966 677 822 540 2103 1299 2582 222 341 1071 279 205 535 391 1771 921 372 2128 306 674 282 729 2580 112 462 169 289 201 802 2418 646 403 2908 1439 237 210 495 917 396 652 733 1193 423 1132 502 120 499 115 99 257 1347 301 588 21 193
329 2719 749 2820 542 259 2709 2323 599 459 447 1713 303 134 150 509 540 429 231 323 550 688 539 1015 1091 468 573 1160 497 2296 295 582 2392 1176 1395 182 615 2613 1364 266 581 717 369 325 64 440 152 191 421 2390 2786 1598 1239 477 209 1607 1749 2262 949 689 504 1576 235 2249 533 2763 1992 2408 2581 217 2339
4 415 527 591 292 675 2007 235 1005 295 367 154 392 1385 436 1712 1250 2236 1383 1524 1675 2766 385 2378 1162 478 783 2637 62 2754 447 1927 573 540 858 1065 760 558 1526 138 789 340 2526 770 459 504 530 126 299 2071 521 345 463 208 614 279 358 743 361 203 56 2582 2426 1620 2929 666 1865 400 697 309 2523
14 1572 2602 341 2778 2541 235 575 538 463 534 573 211 586 152 1086 2853 2768 366 338 2257 1281 245 358 2617 193 591 392 459 540 425 507 167 1915 1737 243 2577 1237 2196 113 1901 1420 812 299 2006 1726 125 198 405 332 529 1198 448 576 2311 253 2048 2 1902 185 2332 230 542 589 953 208 1163 1653 373 2081 560
707 208 397 401 306 175 153 176 273 541 681 217 577 424 2568 2506 1993 2611 158 919 69 1891 1585 799 513 425 282 191 345 222 678 403 378 687 154 1530 2734 699 1387 256 2795 67 522 1208 1916 423 1781 802 981 2365 579 1194 366 2214 2138 613 536 2743 178 575 235 126 542 224 423 295 7 489 841 2329 2763
744 519 594 253 2339 202 1791 672 361 447 246 1415 332 425 213 2027 537 653 195 1825 355 914 167 541 106 540 255 690 409 2738 1227 217 630 2229 340 1402 575 285 2459 366 336 702 1242 2414 550 1954 1388 512 321 2697 2546 254 2575 359 663 357 209 2619 2732 392 345 468 220 597 680 2224 517 208 2345 1858 949
997 295 1997 314 242 1559 1637 1592 509 178 543 319 1116 619 798 510 923 244 425 2120 498 507 2108 489 386 577 2024 1186 2055 239 576 540 183 491 243 332 2455 542 1221 992 1007 625 513 208 415 1909 290 538 240 610 323 30 2478 1303 235 394 276 369 1288 453 1646 1011 1765 2144 2354 367 197 397 518 534 1323
642 437 605 2304 2614 502 393 450 1458 721 1046 390 392 332 615 1979 2928 217 259 2399 509 342 167 281 2394 311 2815 2946 507 348 155 201 1274 490 1094 784 587 599 304 2222 2696 2344 295 552 790 635 589 1522 169 186 1668 210 1764 445 1761 2327 928 1485 192 198 2314 2060 303 1368 145 148 320 182 543 369 554
727 437 576 531 2233 208 469 154 586 1027 1152 209 246 393 470 392 115 30 149 328 345 1136 2101 75 1549 2092 541 504 270 955 295 350 551 472 552 595 488 863 2862 475 425 1957 2247 2572 614 540 403 1263 465 290 1989 179 400 1907 157 340 2762 2704 428 1148 506 175 192 9 167 387 695 195 445 252 2344
1199 774 1730 2376 1563 351 203 894 2906 425 437 2255 389 551 323 1239 250 653 2758 2624 540 345 447 120 125 1877 392 193 154 1492 554 316 282 508 1832 400 1044 147 499 268 295 291 1008 544 201 205 2541 70 234 473 1158 252 1003 229 213 379 1301 546 353 123 208 2897 2041 403 285 456 431 2766 167 2134 1707
389 773 101 522 317 71 577 2687 337 2093 2727 1442 1401 1393 167 266 248 215 1916 150 425 541 714 2687 133 1613 1762 295 1691 373 276 384 139 1572 511 417 851 1901 351 273 458 489 1922 1609 1287 175 717 465 1991 2714 401 447 69 2031 609 552 437 158 341 1153 2489 299 1749 1575 415 313 1078 504 490 1944 535
1657 625 1707 535 1108 378 1120 614 1476 321 696 1811 1696 608 2941 185 1126 387 509 2705 156 282 592 560 1422 542 374 276 1405 766 524 2518 484 346 495 2268 1981 193 477 1815 1159 266 603 1389 2766 232 1911 425 181 489 661 2683 325 253 948 1644 2401 824 540 403 461 201 586 428 195 235 154 964 1344 317 2825
2046 2601 268 1421 195 216 1071 934 2551 544 2248 340 930 171 1213 156 1183 451 192 1894 158 351 1796 324 1671 1237 447 421 154 2034 1308 150 1346 524 438 906 188 428 178 627 329 540 1022 357 169 1401 940 299 295 259 1647 494 1382 167 400 471 208 1767 384 215 2874 466 394 738 211 437 2233 1162 205 175 2540
1269 690 193 509 1005 451 1936 2026 112 325 591 405 672 567 1004 254 1261 600 790 250 1595 193 615 652 697 493 157 2077 783 760 2777 587 110 2630 322 392 680 1570 2077 682 534 2293 299 640 280 1911 775 724 2881 105 576 2816 504 1259 950 169 705 805 1650 1134 519 314 510 1476 445 670 1205 554 320 152 1637
44 826 1752 2175 2346 364 807 295 147 243 2657 586 848 673 527 905 120 697 833 439 2515 490 169 842 708 262 509 611 154 575 464 1478 194 554 748 766 2941 1535 201 707 609 419 2735 823 24 2528 1734 783 208 160 768 804 341 131 1962 167 735 315 2550 1961 1798 930 273 1145 358 1939 2812 299 296 200 257
227 351 1468 487 2595 1376 171 554 933 903 252 340 2351 2035 425 203 256 309 1646 400 447 2193 434 276 392 306 299 555 1559 1312 1855 2288 2048 2470 2563 488 179 729 312 195 430 586 703 1190 1159 540 1464 245 1565 332 1755 2319 2731 175 1366 253 560 58 2637 1576 240 121 408 504 346 980 1115 2847 468 428 317
967 390 1768 787 697 2064 1920 569 612 518 760 465 1186 666 2689 165 2791 461 2145 479 290 770 1822 614 341 2000 668 763 2504 488 1417 1473 507 1642 1694 769 554 208 149 299 2730 119 217 392 504 1284 2932 510 1077 2714 478 619 323 405 451 871 179 388 2106 591 1851 196 153 403 647 429 1410 2900 292 628 428
1268 2131 1802 1881 323 2446 437 608 351 651 445 2670 275 1793 1588 278 1372 2246 1468 339 206 2797 674 1623 376 677 332 1793 280 540 395 460 619 586 1272 1574 235 1483 2530 243 594 542 830 504 526 2303 892 577 2424 548 2440 366 2928 299 1283 391 447 1177 817 2015 388 509 403 468 1253 495 314 440 225 345 191
25 616 832 2543 195 235 210 442 1372 280 775 383 805 751 1072 575 461 803 120 543 1233 576 573 675 400 429 927 2146 1219 428 31 623 1605 707 2773 1167 895 217 2496 697 1338 2096 2207 254 2016 613 2785 581 394 444 2000 602 556 186 1830 185 2736 332 50 1368 2907 403 2045 864 2137 2686 1476 1868 760 279 1576
2470 963 369 588 1554 697 167 2757 804 578 98 642 735 249 630 777 102 2738 648 340 687 605 120 2693 586 347 89 2811 1074 2062 2863 379 201 2183 1582 154 2172 678 1056 485 918 231 307 762 1515 295 782 1480 287 190 180 1911 619 290 193 297 208 722 202 616 39 1181 1091 145 403 658 2232 195 830 540 2497
2658 1000 279 648 2126 2883 629 534 630 309 235 508 2604 385 1954 208 697 519 290 2736 526 661 505 202 394 332 391 504 451 540 1551 426 1348 819 2416 2649 946 2567 428 760 2358 613 400 1621 807 510 465 1571 757 2334 2892 1103 2364 742 861 775 265 489 2560 415 914 336 459 41 369 1185 748 778 1273 623 1355
144 109 750 369 572 425 155 80 582 285 2673 2408 317 203 2293 205 145 2801 437 339 195 2899 324 318 379 297 403 2718 195 350 282 256 2394 700 1945 580 252 366 235 2539 192 852 2366 1891 1297 2623 2134 579 144 878 1090 2729 1209 447 688 619 1705 2634 1445 416 1255 586 266 345 405 314 907 2783 551 1757 2358
455 768 676 340 485 217 180 445 154 619 276 2577 2495 2615 1561 1763 1303 748 1245 551 431 2412 78 710 2509 986 169 2683 170 2450 2549 295 558 140 2368 1352 1515 147 2406 586 425 766 594 2833 667 666 1509 1504 453 548 1215 2841 555 645 194 951 1680 582 391 208 2480 345 279 1158 405 673 547 240 2023 562 473
575 1620 438 2131 351 244 234 504 554 424 2544 1873 235 384 2671 428 2597 735 782 2927 687 340 1330 1899 444 392 542 1296 1573 2726 2802 167 681 630 495 1906 2696 772 470 186 916 760 1399 201 575 1773 2822 229 166 943 1957 1996 2313 274 840 486 276 648 752 613 890 193 425 816 1908 817 563 191 352 658 1778
1932 2904 392 113 584 1394 154 782 2483 630 1158 278 247 346 588 429 738 2004 323 1513 274 304 253 379 2630 242 687 394 2799 265 2564 123 246 1279 2303 2497 1602 489 2297 727 120 775 425 540 133 350 325 410 433 655 2422 2365 341 1531 1460 2775 157 586 1120 1650 1313 145 245 1302 401 731 2038 1485 403 2787 2194
912 727 2822 616 290 630 531 571 440 154 372 307 1468 120 521 214 145 1913 392 2575 1883 1955 424 656 351 1541 447 1970 1649 625 2773 2453 425 325 613 1959 252 1077 1594 208 463 264 509 269 1971 437 263 1849 1126 345 29 2082 2258 1950 303 133 1393 1499 735 2833 2212 874 2054 586 617 349 194 10 567 767 435
1630 366 571 1258 299 368 586 1261 1010 554 2568 768 1387 346 340 905 1417 760 1123 159 2196 2093 2017 351 235 211 1347 439 208 2922 777 2082 762 1096 447 753 908 2705 735 2028 111 420 514 2661 756 106 1574 608 412 564 323 353 1086 16 569 394 444 2603 1216 2203 176 263 195 967 303 648 725 778 201 779 1946
374 2161 835 576 1662 1687 2013 516 321 405 252 1993 1395 573 836 1506 2239 599 265 425 510 1209 173 282 1013 1296 175 290 662 1890 2101 509 367 54 982 183 2829 767 504 875 554 787 2940 170 254 93 1746 672 760 340 977 540 1636 640 235 687 1105 208 483 304 266 403 169 361 400 1701 734 1513 601 188 648
1714 2224 52 317 568 400 464 1247 479 2741 1765 666 93 342 932 1836 2357 118 560 171 586 550 1280 466 2499 215 654 735 99 2745 324 112 652 643 1180 705 582 234 533 140 115 8 551 517 2782 138 403 2732 490 684 1387 578 2031 494 293 760 250 137 648 2867 1304 2737 164 256 1898 722 2248 42 686 1851 2415
1867 2379 2460 586 401 578 2876 155 1778 420 2319 167 154 195 1670 1605 293 410 565 38 1375 1743 1002 465 1213 242 956 1370 448 62 379 1939 427 2845 491 2541 697 848 351 782 615 558 208 345 673 209 190 366 504 821 2556 2688 804 2330 2371 2162 303 1420 535 662 534 640 950 2599 770 425 2867 1925 687 2338 439
1169 2873 2177 311 499 673 133 406 283 1631 540 369 368 208 554 336 1024 667 774 1831 856 586 288 662 2428 209 1881 1077 1744 1339 1913 314 2724 159 2781 2807 154 192 614 403 248 789 346 588 640 1223 290 358 582 137 1573 1972 253 2695 701 200 337 193 1587 429 332 2544 587 596 2773 425 190 2682 2612 351 2277
2087 176 664 541 586 536 152 477 1547 589 428 351 266 2558 2116 140 2431 619 1686 529 1845 766 188 303 1041 2043 201 130 638 1057 666 682 1721 133 123 2554 439 2122 1213 2457 2109 1151 2166 1016 2870 616 1338 542 1427 889 652 2019 207 387 2586 2226 1166 874 155 447 576 146 243 2784 516 681 1838 235 168 444 982
631 330 267 539 766 575 1006 872 982 2887 547 2106 1096 416 798 258 582 860 794 1424 268 554 2744 1725 1196 595 2910 71 213 2234 394 2663 949 783 1472 1697 753 917 743 868 1270 2564 815 541 968 974 182 911 7 619 915 732 1476 808 465 425 2256 469 1536 777 959 1819 490 2803 285 2854 533 551 2538 1273 964
229 195 845 518 1695 2159 290 785 391 2814 279 554 392 624 351 614 652 762 490 329 804 1766 447 217 1346 452 2182 1735 1442 61 606 760 2151 770 708 815 2786 208 259 1690 543 639 1011 668 1308 540 1180 186 1453 504 1485 1110 1698 515 706 1204 781 2086 235 1109 663 369 1587 295 1692 619 615 1228 314 1624 1159
765 812 208 1105 811 320 2619 622 540 425 1795 351 2890 508 1453 2657 303 51 2427 1109 770 80 2721 725 382 137 448 782 2939 2856 1287 379 761 2360 2516 660 2248 428 1038 465 134 719 844 392 444 758 1197 1965 2550 652 575 805 2013 578 293 430 21 1031 192 1290 1011 504 23 686 551 477 338 1827 687 808 167
1290 374 599 518 2174 140 2280 509 2272 675 323 619 208 429 2639 297 550 1189 124 2296 2787 2151 580 1123 2129 2038 557 581 540 1153 1759 178 251 2188 533 477 2214 314 2744 1033 235 299 182 719 1201 403 114 2510 582 303 1718 361 425 2379 616 1687 345 369 2325 348 573 504 542 365 1321 2793 2412 1910 421 113 150
1295 520 425 235 437 1228 586 320 2724 180 782 1927 492 2389 554 98 940 1509 394 784 384 1493 246 1344 947 427 274 351 652 1121 428 504 825 2294 558 106 1839 446 390 2236 688 2302 340 158 949 208 725 589 987 268 1861 698 864 817 203 868 279 240 812 1047 531 540 483 676 2890 2491 485 712 2694 708 875
3632 724 855 1348 468 447 647 711 299 2128 720 2583 1957 1650 599 860 677 282 2586 898 116 681 830 728 510 2228 678 388 351 228 1651 1780 2316 483 433 311 492 2026 391 405 345 495 403 674 323 509 504 258 134 586 115 841 540 63 425 1629 727 2826 1317 1661 450 1251 1646 369 2497 608 209 1896 463 782 970
948 896 760 2065 707 2246 1424 1398 1532 2805 527 666 279 1831 1926 254 235 1141 2160 2370 351 812 856 392 154 495 503 2218 400 124 450 2685 141 1079 2716 2874 504 554 787 430 1974 138 1257 623 2425 428 511 445 292 1570 2902 2202 299 2851 675 518 540 391 1366 280 2766 534 489 1973 823 294 360 613 498 2558 177
2755 401 2444 2630 1065 314 450 1201 142 154 850 2704 1669 760 1096 534 2465 137 295 271 1955 623 2468 444 2858 425 2603 307 2510 718 677 1382 157 2649 429 1990 432 1422 507 2502 592 1807 1826 672 555 586 1421 405 274 549 577 204 203 540 112 208 123 406 1191 2361 681 608 593 614 136 2523 981 416 1542 2496 339
1052 471 938 508 1606 2217 544 249 540 23 1340 1650 319 2672 11 137 1643 845 371 152 2560 2293 2435 1891 2570 1952 687 937 860 876 914 351 996 1221 2197 123 2431 2663 619 545 821 551 782 675 332 533 582 1384 614 469 657 895 2700 345 127 2757 872 447 1437 826 2026 178 819 811 211 2507 946 679 721 451 1312
1457 821 1479 2127 1605 1539 620 140 193 377 143 447 2226 187 2077 393 1668 69 295 217 247 433 403 681 119 195 512 2388 2460 2043 222 554 1624 727 141 2912 1735 552 819 2915 2019 154 714 2481 796 2142 394 2604 2502 746 1523 201 1235 762 530 191 76 1468 2229 402 2658 676 252 663 175 509 1180 615 345 608 760
10 761 815 573 465 1162 2286 173 1384 653 1545 720 639 369 400 801 515 2284 451 256 760 2521 906 610 1189 426 629 295 490 787 290 1837 179 2438 1966 429 707 509 673 2879 1022 2302 171 2351 587 30 576 2667 292 2899 234 196 686 770 478 2171 511 2863 363 554 2896 550 918 218 392 675 2232 166 2603 1498 449
2491 2469 2639 295 1829 548 1830 197 1649 1684 384 746 555 1598 507 818 801 686 286 490 643 850 1942 1321 860 2608 751 283 315 2383 615 471 2156 729 208 2499 891 1319 1398 341 463 2199 346 2737 1460 2058 2292 658 770 451 1578 935 2813 1834 2584 809 551 282 142 391 323 201 651 1783 630 786 620 2788 425 802 1844
938 1466 332 954 340 908 546 2091 550 211 554 1496 254 652 1124 848 787 1189 2236 729 310 101 500 673 502 336 614 1119 1802 302 769 314 311 388 408 1526 534 872 804 579 2520 615 801 833 2264 731 178 783 2426 2909 1794 2497 169 1767 405 647 504 536 268 1554 390 602 1050 619 586 2301 508 741 1961 1904 977
2438 1358 504 340 227 4 815 783 973 985 259 930 942 283 787 314 536 366 253 2811 801 838 0 1192 621 2488 217 467 1322 2424 2836 2484 281 238 2775 175 2633 1011 1927 2359 1715 1068 1767 662 2369 522 1035 630 403 817 425 267 2375 211 295 1009 208 2532 772 181 62 2873 2333 666 2410 615 392 1466 369 495 751
2519 1876 120 779 674 504 374 697 1256 2071 1285 288 826 299 516 765 425 150 575 1817 2084 1354 2273 2198 1337 532 351 822 1915 256 2167 1538 2702 399 449 1586 74 314 1172 141 671 429 123 753 137 1627 579 760 323 418 432 551 205 2675 1491 303 2860 384 170 768 2897 1916 2743 294 49 154 2696 1833 465 152 586
994 599 697 1240 57 1899 508 384 726 102 1559 369 597 322 672 1344 1398 659 425 543 649 108 758 1576 675 540 1069 630 2503 320 629 551 827 825 2222 154 1248 2045 395 941 1197 2927 768 807 743 27 203 2780 554 1273 832 844 854 538 1105 2798 615 1826 589 728 1712 504 152 332 21 309 310 633 2780 2294 760
949 1201 782 695 2556 1014 217 314 1035 303 554 979 351 1304 113 1548 1384 508 427 490 475 1036 892 1789 1443 876 1957 2120 253 1936 2354 1019 576 800 760 1126 1963 295 2244 937 1930 1329 1012 208 1329 652 155 721 425 656 965 2413 2902 542 589 802 665 664 235 2456 771 783 2282 2525 1408 1760 860 544 616 1105 2214
2022 194 403 332 430 444 290 756 1780 217 2625 768 760 53 2899 2604 180 2388 560 675 87 508 725 437 504 853 61 392 338 2102 799 243 2619 2742 366 95 1860 2668 2225 266 851 819 2568 2249 336 973 1236 1338 489 540 1933 1466 713 2661 753 447 340 1774 425 339 1697 1776 803 672 509 2345 815 575 454 767 1253
360 283 1378 35 652 745 281 2796 1451 1567 557 336 1576 2316 1378 273 1643 343 778 1241 533 1549 591 225 602 133 320 400 1400 358 782 1935 848 582 390 366 524 551 453 1756 814 2607 264 844 2616 230 1291 247 562 2863 766 821 2599 2042 495 751 630 2488 291 727 274 704 2851 279 802 401 512 453 1857 2176 673
790 1642 540 782 375 454 158 2520 1855 850 1470 1940 2182 345 1689 974 558 801 415 742 580 1867 1764 428 821 864 985 860 855 610 1746 748 437 772 531 1218 770 1522 275 381 1552 692 630 778 1782 355 662 2611 1080 358 1815 636 490 520 818 2759 1974 1043 1448 425 289 927 844 2231 392 1150 1203 555 760 366 384
2640 394 1123 1903 777 2841 700 370 507 1039 605 871 165 1085 428 281 1089 614 705 576 797 782 192 290 744 448 23 82 619 573 1900 583 1883 442 116 254 403 540 804 492 608 504 525 750 972 259 2921 498 1710 621 815 2394 803 812 2579 2119 463 425 2806 670 2565 1865 2745 483 330 2345 2399 424 392 380 2877
1239 339 50 673 295 438 518 2769 1334 1012 490 397 1238 517 239 968 2521 190 782 460 1725 2203 466 1900 635 314 425 2643 786 474 325 311 297 351 2808 540 366 727 659 1476 670 1921 814 510 516 652 2367 760 672 584 1009 392 520 406 346 2421 661 554 2164 1338 2307 565 418 1821 2120 2094 374 407 664 829 2827
2218 2588 269 435 744 251 465 583 906 782 540 1865 907 464 292 283 985 400 45 681 256 489 678 213 857 1263 1435 87 305 2887 640 2205 235 825 576 1011 2415 469 1003 339 760 1740 2132 559 255 340 2069 1373 1510 1524 742 2244 2736 814 2676 475 2207 171 819 902 1153 1429 182 463 557 507 909 792 284 965 2855
1426 633 2429 713 340 369 760 1518 489 655 744 206 792 672 1138 576 507 2823 633 255 540 675 424 743 1056 182 154 252 235 2438 681 2451 630 2129 284 1910 346 773 2283 2112 1588 269 504 2172 1139 263 234 155 542 2866 2660 2829 537 519 1525 290 560 657 782 400 1025 1648 2326 759 465 299 199 1900 75 308 678
1504 67 2782 761 2719 390 392 518 502 687 945 140 321 613 2254 208 2198 22 557 2275 1606 1331 68 2856 274 154 742 1353 2014 631 540 677 2176 221 2652 774 340 1778 1208 256 753 564 300 554 504 298 2731 455 855 832 230 586 758 285 2098 801 1658 818 914 425 568 160 619 437 1009 155 2103 345 1529 1783 386
109 444 118 430 2260 405 58 1100 1817 2326 560 1290 321 515 672 1684 2898 495 295 507 2019 303 564 1194 798 697 340 827 542 504 1504 1148 1258 245 675 705 862 456 304 2839 2698 724 1584 760 969 729 1370 815 612 152 1382 2607 2725 2118 804 1846 1287 685 289 1297 615 157 154 392 499 2008 423 686 252 1824 2171
192 2055 687 444 540 447 368 475 1713 648 2400 208 619 2336 2829 770 586 1896 428 1223 783 209 2827 598 563 325 2576 782 235 1981 662 273 1038 558 167 43 735 400 689 351 118 2886 451 1152 154 1905 384 1237 1126 1732 201 54 528 1946 340 972 985 2154 195 2137 424 288 425 345 635 420 306 1207 1507 2312 1425
256 52 727 1038 464 1989 575 974 2590 378 1086 402 355 2144 1625 2188 347 340 919 349 2576 504 396 807 2252 307 543 1010 259 385 1814 619 643 556 1992 876 1866 846 512 1543 2109 875 857 266 2077 145 725 2080 947 400 2859 1587 2686 848 782 1658 760 755 995 2364 1093 2825 844 781 243 295 712 1278 425 965 1703
1965 498 804 154 1255 678 575 158 2768 711 2848 644 542 2676 1469 110 1241 1245 444 615 1255 576 819 340 392 437 1502 1133 1710 217 2157 2409 314 233 290 250 560 517 2410 229 507 2339 495 2815 2343 208 1670 178 447 693 671 591 2066 860 331 345 2230 123 2133 586 2851 675 2605 515 504 151 299 215 371 73 235
266 283 235 2326 1683 368 134 325 499 2630 586 307 1511 249 537 770 161 290 217 457 706 436 298 52 351 2034 545 2706 2045 573 403 540 2283 1378 923 342 1579 619 1746 2018 551 176 1484 535 415 1788 199 2126 467 2733 2768 208 453 244 613 269 904 485 1032 461 533 345 239 1827 695 332 2848 760 256 1005 306
446 154 778 143 301 269 314 766 1053 1073 527 164 727 897 957 782 821 118 2034 532 2427 2118 2165 2428 158 777 1116 2120 665 844 349 1769 540 403 419 507 473 811 512 544 183 848 209 275 14 1213 1083 1543 937 2361 2681 1701 447 682 299 428 169 82 145 2384 600 416 494 2249 400 709 332 4 167 965 1780
2184 689 509 827 784 1094 561 1323 2083 2033 786 2681 2176 305 699 876 426 543 466 369 1159 1352 1632 249 348 134 217 1300 1938 938 502 2393 872 615 2493 1984 652 2694 1637 1138 259 582 504 392 2036 329 547 162 303 650 460 1399 109 643 2916 554 760 105 2077 782 848 766 598 675 1537 555 15 314 730 801 1216
2233 681 556 782 430 607 438 844 1013 512 538 598 2399 2489 1645 2527 873 805 490 1238 766 740 456 881 812 234 872 514 136 980 586 346 259 575 2019 428 480 312 610 509 143 1783 425 163 848 14 21 545 850 478 2903 1687 542 66 1545 783 1179 2829 504 1710 2226 840 403 1924 1055 2337 566 1870 818 366 2668
1011 554 783 2579 661 892 283 2489 534 2503 3 850 702 475 2315 680 896 2198 872 1380 1804 1826 1826 633 1163 586 787 481 1051 2376 998 1065 965 830 1937 154 438 425 2715 403 2669 2456 974 924 851 1669 94 465 347 2302 690 345 804 148 504 1596 1067 1756 2317 2837 299 1604 203 2137 1494 777 293 1911 876 1042 208
2217 681 294 767 815 1326 792 725 565 2409 1978 787 351 1027 255 415 340 1118 2392 678 2140 2535 507 2442 489 1051 1061 640 2905 924 465 1864 320 400 466 760 469 2424 434 782 2860 308 1024 2694 1049 2364 389 1125 1835 431 919 1543 793 396 504 1556 1211 600 560 540 2251 1807 1074 839 1005 28 1581 574 1038 339 1104
2746 416 608 290 405 876 768 1484 406 976 429 652 1232 1443 840 2000 627 354 208 2017 295 816 2337 2371 966 1011 905 782 489 1634 623 148 677 2593 2230 616 314 756 753 1659 468 49 830 4 1027 1926 921 576 425 371 674 482 1986 622 2505 2292 1544 271 204 1062 980 894 2854 1375 2298 1436 105 1779 2206 817 586
819 347 1294 923 2255 50 943 2869 260 2036 989 2077 290 1547 400 1719 659 1211 951 1014 662 1011 1981 590 661 1806 373 195 190 1046 752 2523 2868 873 892 872 1297 2688 754 571 1550 485 439 1338 396 1777 1181 848 586 783 408 236 673 189 549 1603 534 234 474 946 876 252 1878 382 2117 860 126 341 823 2219 1027
1034 550 1384 1725 1311 504 697 325 540 2037 329 1367 415 1758 198 783 848 429 582 520 444 760 1226 307 794 675 447 678 515 2329 2861 135 492 1268 2492 572 451 775 2900 2091 456 468 2836 768 179 2823 521 2008 235 498 171 282 332 2035 183 495 846 2880 1132 835 554 1557 314 854 383 449 560 638 499 178 1117
1570 258 2189 661 921 586 246 1960 2774 2636 817 524 203 1503 677 2258 768 1631 540 105 2376 589 339 2757 782 876 425 2433 314 204 1114 53 955 616 592 323 840 727 760 181 938 271 2609 730 154 2290 295 416 1838 1579 905 505 1836 608 753 432 2065 623 572 2442 2284 622 192 208 86 73 966 224 465 816 80
2534 303 783 2069 504 235 2101 509 448 854 2 233 1441 837 796 475 2023 109 346 569 460 2714 919 495 2261 208 2359 1371 703 576 858 1935 312 782 340 817 686 503 540 549 586 217 658 988 770 2763 2008 392 554 2760 2537 428 613 2434 998 1223 2616 806 400 2497 1126 1299 2144 535 2830 1383 2796 2294 573 684 323
3640 385 6 974 1784 489 784 1048 599 687 760 514 782 295 2283 239 2482 904 1035 169 300 1510 977 727 965 519 2588 2574 2607 425 783 640 576 460 554 1644 428 91 290 2639 1096 938 1652 1451 437 416 2860 1065 507 450 280 942 559 542 335 614 1258 2865 539 504 931 235 2387 2336 2729 1493 2313 757 840 846 653
648 444 1346 537 554 1220 716 972 454 287 2 840 2881 946 340 974 2215 332 1596 947 826 1440 2073 1173 2024 345 1335 1141 313 871 507 550 2764 786 1834 905 465 2199 540 2606 415 195 2211 596 400 1767 854 509 2336 2758 579 675 1949 1240 295 405 504 1315 860 2276 486 531 628 1490 1003 803 883 760 301 864 1040
1439 1878 299 960 2063 445 337 372 536 152 2749 205 741 116 353 772 746 554 210 751 137 624 175 206 2314 1693 282 1859 763 498 2179 676 2677 586 219 154 2300 1140 666 534 516 2290 1563 582 766 614 588 566 2925 551 41 508 562 133 752 2739 140 1488 1451 495 618 644 701 208 1776 345 1491 2919 671 1327 303
610 504 2850 643 983 848 528 981 1857 1312 689 872 2783 422 1470 1013 794 1479 2724 687 1595 735 2019 837 965 953 976 1308 2314 1449 731 654 1044 1053 1018 1242 862 622 782 243 550 980 905 290 2295 539 1638 820 295 1878 769 560 974 2707 251 154 760 2916 1080 2440 303 209 323 514 1901 2716 582 1239 1842 403 2792
1464 970 775 787 586 507 539 2026 425 1539 576 117 840 32 1053 391 1962 392 177 2301 2054 2754 667 711 540 498 567 2064 667 137 1987 290 145 692 783 1543 1450 435 1400 554 2475 235 869 428 815 1040 1259 495 518 965 639 191 599 543 526 1050 87 504 506 592 2412 1122 786 316 321 452 333 1247 298 2696 1459
253 682 544 303 1670 1068 588 2699 1608 952 545 188 936 2279 390 777 892 920 1053 323 1025 1458 974 1806 850 586 118 727 872 995 826 782 416 28 208 366 1801 1829 630 427 425 439 65 1657 2816 1191 1857 282 2526 392 965 1668 601 346 881 818 909 325 2403 669 817 297 2029 929 437 2318 1251 694 2060 883 811
1065 267 2929 1896 313 1571 2054 540 520 573 2521 473 2326 378 1389 291 403 425 1348 496 895 481 1154 111 612 295 1414 279 154 693 1910 123 2703 742 2400 152 1296 2879 447 615 2674 2324 2072 1786 169 341 513 2551 677 184 1459 349 345 175 254 735 2293 314 746 1995 317 268 2911 658 208 351 147 270 178 1121 2213
1595 1253 583 1067 966 623 622 608 937 131 419 203 1257 2375 540 817 1271 586 228 1867 1054 2701 358 253 2189 555 891 905 1894 782 840 1010 235 277 2391 2462 993 400 597 1418 2474 1035 2929 2710 2115 660 231 195 1610 246 1030 2131 208 450 2376 416 314 204 1868 921 354 976 876 425 271 677 884 154 768 323 1294
2094 965 425 988 894 574 974 2712 2558 249 1028 541 471 1591 384 215 79 847 2233 507 292 1673 815 448 2577 180 729 333 264 1344 554 261 955 901 403 19 708 727 860 144 345 2364 1983 364 885 152 262 2258 782 346 1416 1090 783 133 1515 379 350 1109 980 217 473 1862 513 506 1116 2615 2676 1986 2581 332 256
3052 117 1565 137 201 432 652 615 373 307 803 1612 149 2597 576 844 1982 1673 392 931 1733 123 356 792 2105 84 725 314 154 740 50 2190 2465 804 235 995 387 689 727 1348 690 2766 783 2078 1745 782 777 2212 2013 207 801 504 760 400 141 437 1266 684 498 1738 1721 208 619 878 388 320 508 515 2508 2822 374
369 965 2370 840 1156 2916 942 466 2323 653 898 674 486 608 231 401 1423 1520 448 630 894 2127 549 2408 693 235 202 103 305 2007 753 1868 348 2391 782 689 123 2443 966 323 154 588 271 1246 1323 208 120 1582 1560 260 2796 1053 1209 109 817 1441 1815 853 538 291 405 425 921 248 863 823 1397 276 416 946 418
556 2011 351 158 864 284 1369 403 304 1312 1814 496 154 589 751 279 2119 65 167 379 2751 688 447 175 2907 345 1555 504 2605 804 1986 1728 2422 366 425 107 268 123 247 1741 1092 711 972 431 208 391 371 278 2443 418 1256 712 1321 1786 430 8 324 534 642 2048 676 664 674 213 555 253 1150 1437 2749 2360 2297
2280 1023 835 45 1036 1697 369 2423 659 672 340 1381 615 807 815 1156 681 675 1689 926 760 1662 564 2225 611 1057 1890 640 314 861 332 535 554 743 696 266 1236 468 1275 814 2095 1016 392 32 299 875 267 504 541 419 782 524 1409 1465 572 515 2434 463 2334 827 1014 881 711 661 421 768 942 1454 854 1844 1700
1564 1078 615 486 533 2111 766 445 878 450 1671 895 252 2382 150 1777 2594 392 542 279 321 2251 4 777 340 1148 568 261 343 558 2167 314 1707 2251 736 2234 815 1617 1038 751 586 1095 550 381 1581 779 2517 630 1260 422 2590 812 181 235 463 403 431 640 1826 1253 509 804 888 893 249 2450 336 469 754 86 1303
391 735 427 253 881 303 46 1111 250 2556 782 341 274 1011 2670 1893 257 349 1989 203 1388 567 266 283 638 1280 872 413 2832 783 687 727 2561 1592 811 2689 2718 889 1191 2443 1920 2156 305 351 834 1178 909 384 447 2855 887 554 542 796 480 712 295 730 2501 2512 340 608 300 939 2474 2520 1623 392 1812 2509 696
608 974 838 1078 2620 1003 1016 516 1062 770 762 2777 579 2872 724 1707 296 2761 1886 675 2470 517 290 745 681 510 835 2825 1042 2554 821 1322 1131 1607 503 447 723 1093 985 554 639 535 977 1550 1310 840 1621 1027 1050 504 942 2463 1011 539 2533 2914 760 76 540 393 542 2195 85 1787 654 1388 965 412 304 586 2183
820 495 190 691 2468 454 192 1420 682 515 437 2240 586 305 403 2148 2517 719 351 254 2543 159 594 555 1371 1330 2464 154 499 2761 2489 181 591 653 540 366 1043 175 561 496 1055 1897 483 1059 869 290 1840 293 504 279 314 976 253 188 1295 2818 167 1230 1518 2762 919 554 535 447 390 357 444 459 508 238 733
2700 614 886 2710 729 332 208 397 227 2490 130 2496 169 325 2885 4 770 165 2813 1954 1118 503 976 875 2084 957 495 299 978 2369 844 428 484 2851 874 1500 170 2788 322 2425 735 891 1989 471 708 815 266 599 576 1787 2259 554 243 392 620 977 201 1028 400 681 527 913 760 1216 688 2082 604 787 2389 1329 1067
978 495 329 208 548 1001 288 2158 760 1123 1053 140 1028 1146 202 98 277 2364 827 1875 2406 1034 590 290 1050 392 1787 306 840 599 647 2791 1038 638 629 555 299 1190 669 1874 309 535 1169 403 1162 55 2046 407 729 307 1699 1031 271 485 503 1330 2523 2849 179 1849 1016 681 1980 786 630 942 1629 978 678 905 1068
1587 504 605 909 447 2705 314 766 2731 2431 404 815 616 783 784 1259 1121 359 958 364 923 354 945 749 682 235 2799 540 2545 74 643 772 2705 2483 409 1125 1031 428 752 725 323 2388 1992 154 57 440 872 575 2586 262 849 2696 192 178 768 1211 223 2478 2570 299 353 2171 634 1271 848 332 2039 1729 282 1962 857
6046 546 349 688 2438 670 2685 2591 729 1558 176 2945 154 2449 549 682 256 1989 541 134 758 573 672 304 534 1114 493 209 430 152 2527 429 1162 470 170 208 652 2801 554 340 552 189 2343 690 1617 612 675 275 307 136 720 1088 2189 687 703 756 540 438 457 414 1299 2670 288 425 423 636 1505 550 2074 356 640
60 384 339 2821 2026 760 509 895 1012 814 385 586 1053 143 648 1061 396 1712 510 181 1947 601 559 1834 2100 2412 2796 2825 2695 1027 460 2337 1035 687 551 1050 739 468 1681 809 188 924 782 2594 844 651 208 415 775 1406 1021 604 876 1084 1910 750 1935 2679 124 2893 1436 352 2037 851 649 733 640 25 2044 367 1011
2035 1742 1132 454 1144 2319 2919 327 782 681 191 576 122 551 400 2046 205 2056 2474 504 1285 813 1065 857 937 2335 827 370 760 1699 727 345 403 342 425 1091 2184 586 741 268 787 91 1911 876 573 1162 233 692 340 1270 19 1260 469 786 294 648 1918 1035 1560 778 976 1350 1776 168 815 1025 2155 2563 308 874 939
2741 116 634 924 1101 422 641 1131 55 727 2369 59 2456 1100 1659 1010 447 206 2235 851 728 2784 1133 1014 1107 373 468 1143 495 1658 120 2787 1030 626 586 590 1360 426 895 253 886 510 608 2669 576 6 2426 367 888 299 824 1406 782 540 266 1783 552 307 2767 323 1468 514 612 360 2204 1551 998 2092 677 351 1847
569 347 855 782 341 787 504 429 1999 1871 2740 1636 876 197 514 802 1076 1490 777 384 340 2738 297 664 588 1473 2009 353 535 1495 415 235 1912 760 903 2720 2693 817 2035 1216 796 1277 2536 872 201 586 749 20 392 355 2192 750 2882 266 191 2531 313 517 734 908 425 735 718 912 614 208 2033 1539 2470 2874 789
1667 975 586 1630 1798 505 893 638 819 1280 430 501 984 727 1479 1074 951 624 2153 279 57 880 528 579 2037 507 1032 1790 758 848 1607 600 923 2110 1865 1033 519 883 654 684 1011 79 872 2297 299 2188 1556 1028 502 937 932 2622 632 403 400 394 332 1752 708 577 1539 2420 266 2785 43 339 540 768 2816 671 2110
48 2294 443 381 496 944 1954 427 564 431 2553 1637 586 2316 202 789 279 1819 2231 2924 2336 2921 221 1017 2119 2139 2249 1107 573 736 203 651 184 640 1449 447 554 673 754 245 1403 751 1190 969 1878 1375 631 648 466 154 1044 349 314 345 287 2390 558 394 366 812 44 652 2379 2238 588 213 568 405 731 2449 527
261 79 1691 208 1494 437 1465 1871 1051 392 2664 1005 468 2810 1352 803 473 1186 187 1137 2148 858 582 782 1557 345 145 659 1310 2571 2387 129 920 101 566 138 763 2111 81 2054 562 222 534 279 1386 470 924 196 630 737 937 868 551 792 1444 323 410 547 148 403 369 2596 120 778 645 704 337 2241 821 2569 549
1130 1591 921 1228 876 1598 416 1687 1035 2298 1048 966 323 2742 608 904 314 1748 279 1980 712 271 2129 768 1810 586 1124 423 1668 354 2436 2013 905 110 955 404 1099 167 1689 753 2905 1916 425 622 1503 2523 2004 345 934 2878 2559 840 2031 940 518 540 1027 81 782 2209 938 817 696 1916 677 1991 204 1103 976 246 208
1613 483 340 295 1726 489 761 805 752 531 27 1435 2369 645 464 787 181 2367 837 2217 652 1714 323 1731 1804 1941 252 2316 517 282 766 2248 1487 299 883 2732 319 2631 306 540 880 1416 2450 782 29 586 866 541 687 401 615 588 2551 1817 344 2589 2069 31 392 2046 44 403 447 361 651 429 1370 1025 716 2945 342
1473 191 1053 1169 82 72 837 2797 2205 769 587 540 2090 471 1366 710 581 504 557 1000 728 313 1935 1858 2369 468 174 760 92 1113 539 1074 1991 542 799 1475 194 429 178 2043 1909 164 850 2307 304 1134 580 1036 1301 1038 883 619 182 613 672 906 872 1043 1013 1318 551 2668 983 2649 414 740 1560 780 781 209 1006
1538 1298 174 164 1031 1121 1168 101 2904 512 782 630 613 2185 2407 250 650 112 895 1512 355 2105 420 1492 1011 705 1287 2003 2522 2379 245 566 2924 2628 1165 1081 366 20 875 1053 924 2595 353 327 760 487 542 817 1154 815 1078 346 602 652 610 1793 734 410 939 186 1145 1574 332 1096 341 295 297 1090 298 633 384
2808 2421 160 469 965 911 540 692 2728 152 753 445 1557 782 694 430 876 1311 622 1806 282 1607 1864 137 1486 93 346 872 1000 1873 833 1296 295 1321 657 1281 658 353 2933 504 192 2485 681 68 811 586 575 1051 777 1134 652 2505 1292 1178 209 425 1956 1376 2051 134 378 340 687 2273 2016 465 1496 1808 110 1133 2213
1463 872 396 1847 232 871 693 699 1024 1179 297 817 1450 1167 615 405 1934 588 1464 1041 838 722 2274 1113 554 1074 821 1968 1122 640 2648 583 646 598 1285 1036 1304 814 1056 733 980 139 562 495 707 2428 410 208 2853 363 1006 1076 2853 528 390 1804 999 826 1176 502 980 2926 167 351 299 191 673 165 1128 834 2414
840 752 1146 882 316 1166 347 2080 1803 142 2116 1523 2682 980 894 1138 844 876 91 423 1174 2198 1772 927 384 439 2449 1526 1209 2668 447 128 1414 804 140 2210 1102 892 586 2707 154 2468 379 513 2169 565 1250 152 469 2544 2230 965 1856 1090 2320 1058 1088 602 662 855 394 640 296 12 2039 1604 440 1266 530 156 1623
1281 353 1051 24 314 2076 758 146 181 1131 2053 492 615 736 1759 361 1246 1387 1344 2461 2699 783 1375 2514 885 531 1267 2737 533 760 2568 522 542 211 954 1850 2652 167 351 586 481 1994 786 403 1989 151 540 1036 619 390 937 187 766 2710 1775 283 833 1018 232 1223 1383 679 1958 56 1189 1011 920 2150 341 555 813
1238 6 2249 495 648 518 165 1181 1360 2790 840 60 688 1371 1935 1046 599 900 135 248 2311 430 745 368 757 1169 2818 425 1061 1245 45 966 391 2744 1172 290 1172 1031 560 2535 427 860 268 189 805 708 492 596 945 1839 770 1806 266 394 1290 411 2014 468 576 653 535 874 554 1167 913 392 972 651 299 2576 1038
1832 535 317 869 1040 576 703 1709 308 2784 425 290 320 1099 378 460 792 985 1053 2668 64 691 1494 2829 1877 1193 2828 786 1436 637 2124 1533 2727 1030 783 840 2670 687 2649 1531 2719 915 586 942 934 620 991 1048 817 510 468 880 556 708 725 974 1903 417 672 646 382 436 1660 231 1621 498 1061 944 610 584 2552
1893 826 2614 717 883 2939 267 1319 1546 384 937 1778 131 677 205 856 2057 540 145 2105 1595 345 2510 847 233 109 1036 2587 2004 2254 1045 464 1409 666 729 1066 580 302 2300 1762 2212 2556 693 502 2687 2483 1141 353 2885 758 781 2098 2720 593 209 1011 1489 517 733 341 1329 301 804 652 1038 555 923 2758 843 1026 1150
2955 362 1922 1257 250 1074 115 321 2266 57 1742 2028 140 2704 711 722 848 188 1849 137 879 1961 293 317 787 1067 681 2565 2747 2741 1234 1751 2873 2124 269 910 1817 342 888 922 582 2681 805 283 2213 94 1175 2588 193 1095 2570 40 1681 494 705 826 1633 372 1125 1987 976 2914 99 1182 533 2482 2939 2262 586 1153 937
706 115 586 1555 613 1814 1352 2478 522 2088 782 489 1471 742 572 153 229 1029 2697 860 1011 127 2105 1486 2570 256 912 760 158 1547 360 1164 2028 170 307 1512 817 403 2351 652 855 401 1012 154 1014 373 1028 425 31 1606 879 885 1442 786 2494 1938 295 306 282 2152 829 826 1624 733 1550 870 2715 392 144 2149 681
1481 405 692 678 1085 957 510 550 2265 672 1607 688 2224 1703 475 2714 332 123 2318 256 776 2500 782 1758 576 208 1795 2842 2238 345 371 155 503 1304 573 2456 2424 1867 299 364 2643 385 760 540 1404 425 384 722 2078 2821 1073 307 266 392 613 1168 675 597 2520 2925 509 2862 290 1142 495 727 599 786 1970 335 2105
4693 1405 127 686 2694 504 265 1237 231 2169 2590 1751 351 782 586 1617 804 2277 1592 652 2299 1232 213 1299 528 1336 2753 208 428 1763 618 540 554 1240 811 672 575 396 307 762 754 190 763 760 678 392 2151 1286 887 770 429 584 963 850 1524 425 444 353 506 2309 515 2628 359 924 1093 801 1483 621 681 1702 853
137 2299 295 366 283 807 1751 793 92 235 2303 743 446 1077 2062 892 1336 799 350 1788 289 605 606 645 298 876 262 649 573 587 822 1382 1980 986 1843 639 694 600 431 748 923 2603 204 2300 479 618 429 2365 585 525 1723 2274 465 1255 1989 611 1746 861 2343 332 858 253 87 1159 872 833 2199 487 2289 318 1538
1830 1865 603 2789 222 1775 358 2091 775 2003 729 642 176 637 1074 208 1030 504 942 447 11 924 1144 428 803 760 1717 985 264 672 188 1035 1053 960 768 2274 1028 755 1165 2220 2495 461 165 314 554 2126 2144 1971 1050 332 1902 26 625 548 2133 1004 78 2353 540 1016 964 615 974 675 2419 946 575 1093 2671 511 931
3633 2878 830 2624 306 19 1091 235 2247 323 1101 437 351 599 1146 942 1107 40 2273 586 540 2157 509 677 1251 1910 1131 2707 510 282 1014 495 3 551 1046 2789 2744 299 447 1990 504 2022 1524 496 2656 2490 480 320 508 1030 561 382 1497 552 782 2139 728 1091 1088 2688 1637 674 332 1060 2377 706 592 253 1181 263 2503
1489 2259 753 307 2526 392 367 2381 560 1568 2035 323 2158 145 1781 1866 946 459 2912 405 2414 1532 1062 892 1009 2077 906 268 1747 2047 2379 583 2164 119 854 310 299 2801 2755 220 36 495 540 2416 550 1129 503 760 1208 266 332 1492 1034 131 856 1846 599 271 1014 942 1048 460 819 782 2823 1028 1113 318 576 259 419
1032 2444 78 2424 468 2853 1306 384 599 631 648 1370 421 2602 1811 856 2427 319 340 511 1035 276 447 420 430 578 1021 863 591 463 972 403 1011 608 782 2297 1889 973 2284 1839 2144 2295 431 444 2515 2475 584 777 2275 400 279 2047 425 490 673 821 455 954 428 965 2435 537 849 586 235 1870 692 1081 762 2244 1198
1131 323 2099 274 1536 437 727 2610 2116 1396 884 711 499 1760 511 936 295 1428 1887 65 817 693 2837 577 999 531 1954 345 424 815 23 989 608 431 257 738 1621 222 254 911 522 2131 283 923 613 2558 881 489 401 552 356 819 2542 435 86 586 379 1564 601 634 530 1542 2 813 392 564 920 1459 1833 630 1926
2902 767 11 1832 899 815 208 625 2679 1678 1479 593 2826 2811 782 814 2046 375 892 384 154 788 2937 1926 535 507 1189 725 1240 2044 555 1464 354 1848 2152 2091 753 608 1731 489 693 2053 2822 1538 944 1856 267 303 1368 760 1595 253 635 486 405 661 817 733 271 400 766 2157 313 586 283 876 610 162 681 2678 854
54 564 826 1854 2809 2516 1135 794 628 499 664 196 1645 1905 663 1074 760 2242 554 460 2324 178 2870 1038 2609 509 253 1035 782 657 575 802 372 990 173 322 2504 961 958 497 2609 1236 1420 793 1170 540 201 1093 519 770 839 531 425 548 858 640 586 458 1959 2895 2864 724 1463 2326 1264 1557 2279 1622 266 369 1163
351 490 2389 651 860 527 875 123 1355 1154 675 809 889 276 876 1896 2834 1207 1831 93 2624 766 2670 2515 64 445 259 157 584 392 383 472 2783 852 579 447 785 178 167 586 777 433 208 361 1894 351 1819 2296 555 422 591 850 518 77 629 1232 1449 152 2619 1858 815 642 1893 725 437 804 235 18 652 1521 207
854 1876 207 209 509 394 235 1931 2578 412 1795 2402 554 666 320 815 2760 2188 2741 530 582 197 2463 586 202 1712 428 2911 619 819 1036 1027 1042 2787 2657 472 725 1615 660 528 2134 560 632 742 1410 1642 1011 1910 799 256 1013 2388 488 464 342 239 395 1998 1391 2595 2 1531 185 2178 654 895 2581 2123 789 444 984
2186 965 663 2705 1086 2447 872 1855 1036 551 1665 405 1233 540 1434 2353 2176 652 519 2755 1470 877 892 581 1199 1372 974 87 1182 996 98 340 1720 1943 1304 17 1878 648 310 768 353 162 345 338 751 1422 656 441 1009 1915 1283 2932 2499 790 815 1273 1023 2067 1146 973 1612 639 615 505 2377 1251 421 496 1225 725 576
2623 900 2393 1981 2595 1279 18 696 429 2271 117 313 1826 630 1731 1046 1344 384 965 783 330 2609 613 1463 1053 867 1491 2312 457 649 2633 917 1393 2775 2198 894 282 555 616 892 884 748 686 2551 2125 586 346 1506 425 2414 975 754 764 448 905 860 230 205 1185 1721 1014 692 2460 233 890 610 2841 508 989 391 2020
115 391 2485 490 608 169 681 856 2903 433 1028 997 770 1097 627 640 550 392 495 218 1555 203 267 139 1621 510 450 266 1029 80 1225 340 1112 2919 853 614 708 173 982 2425 1008 425 2370 926 1416 576 2678 555 908 751 2903 299 688 1013 1209 787 2320 2433 613 1061 1125 268 165 208 942 736 729 1053 1035 419 1294
770 107 442 280 569 1657 1886 517 435 509 347 1419 2945 175 1998 2030 390 384 295 954 1157 783 531 1011 392 782 498 1053 1090 2893 340 2247 437 1010 640 2946 2836 2525 730 542 381 2342 1229 586 1626 351 735 1242 2297 1016 2043 773 919 1907 425 964 799 762 2454 2100 900 2644 601 777 577 976 1046 939 613 760 427
2564 430 312 425 1982 672 154 311 339 763 433 615 2555 554 2063 717 872 783 2828 579 1561 2032 310 2 2612 145 860 320 2787 1209 817 252 663 1590 338 551 652 259 543 490 704 1049 354 2232 235 972 2351 196 802 716 181 708 576 550 167 919 2488 1014 885 696 112 812 2285 428 1498 314 573 1079 1994 1289 516
2565 733 286 2826 702 1187 937 652 2148 1095 2478 1075 1478 540 1693 1011 1152 1107 280 265 2106 2368 2839 369 722 54 120 847 205 1804 883 2227 391 499 681 141 209 2816 677 287 267 2219 1026 2591 2878 1076 131 222 1051 1083 1915 55 872 36 593 843 1889 221 197 762 1045 341 2112 456 781 2146 2701 104 856 430 301
2566 2565 758 1499 256 2720 550 2148 2869 922 1173 511 937 540 894 172 1027 433 1522 812 391 537 1036 1782 1207 1335 826 354 502 1628 2637 751 1026 1513 856 1530 1047 843 593 341 301 697 205 1050 1582 2592 1181 671 282 267 2859 995 1273 729 372 846 781 201 677 1252 787 847 665 434 834 1448 180 883 209 2411 1045
2995 596 629 2309 271 786 323 290 576 663 1068 964 881 687 475 2652 367 27 392 727 770 2532 2459 507 675 393 428 2800 577 2818 2091 617 657 1548 1521 467 2121 873 760 1517 1706 672 418 299 2097 266 1573 268 542 163 501 2528 498 725 2052 608 439 1443 2132 540 287 1209 47 29 729 787 783 529 495 396 2006
2915 760 1705 1088 2108 1101 2891 2800 586 1517 918 1030 814 615 2087 1131 647 1441 784 60 1107 1190 253 782 1155 540 373 2771 397 932 2129 453 299 2050 2798 874 2617 1277 2369 495 677 2636 1273 2081 447 1090 817 1014 2300 345 391 860 2897 443 468 323 776 211 388 975 411 700 1036 266 681 1517 1143 552 1773 798 1846
4587 2307 154 10 1473 2035 787 2685 376 191 2939 504 573 155 241 2047 770 660 942 279 438 1787 437 206 1216 657 578 693 817 554 1473 295 710 1452 1292 1468 1573 392 586 1315 2005 750 900 863 489 469 473 760 619 784 217 293 2189 340 889 2474 599 782 329 555 1777 1034 861 472 890 840 854 350 2299 804 2770
647 2208 173 959 2260 799 1755 552 2227 346 586 240 551 472 140 2635 862 646 664 587 973 763 2174 2926 603 214 2073 2798 1878 2195 920 686 365 1134 661 568 801 930 2045 971 2001 261 1176 1731 322 872 541 1030 1358 982 1503 1634 952 499 755 1907 859 152 1914 652 965 425 950 783 2427 1589 997 519 2664 766 882
1635 306 1310 1752 2620 760 1892 425 554 256 19 2924 116 537 682 675 475 155 2837 489 812 880 540 415 249 551 2292 573 338 2865 777 1443 400 2155 2204 844 1179 1195 461 652 332 782 1916 2019 170 235 1281 283 244 161 1426 586 1636 217 364 173 1620 2567 990 1514 2663 318 1033 671 341 394 351 1139 1060 2745 239
1562 827 1644 790 332 1171 586 2018 2350 519 667 830 223 430 954 237 426 1572 1262 576 224 120 721 1477 403 1728 1106 2224 504 569 1172 70 243 72 1108 1455 217 1633 511 931 812 540 965 2079 2167 1277 314 1825 2881 770 2164 600 379 2485 1279 266 437 2724 2625 1206 898 1851 760 98 1191 1146 988 2535 235 1098 1568
276 278 113 1739 853 2136 2300 748 208 369 235 2315 876 760 713 71 2262 1452 448 409 822 456 229 1836 673 1380 327 61 1125 149 2548 86 755 2454 988 213 1238 1268 1641 1893 846 2435 965 437 2647 2478 340 2889 931 1086 528 1230 1011 420 59 1014 895 2282 782 345 1059 1974 2226 2722 73 1526 1498 207 187 787 344
2583 1053 473 1116 974 400 760 1181 2458 738 332 1001 1869 965 718 540 489 1940 854 464 2070 1991 453 391 1107 2607 1171 1661 1909 1228 369 1724 568 21 2701 2822 290 2532 396 1352 263 188 629 228 978 535 551 1249 1088 1992 1437 830 2363 392 1048 467 447 2173 2357 345 816 2803 808 2034 2048 403 1168 2627 468 1266 586
3164 1035 729 2468 369 579 1904 208 447 499 229 1344 1909 0 864 344 619 385 2569 862 2669 1651 391 341 2851 534 403 299 2826 1305 2383 691 351 872 586 428 340 509 400 682 696 1725 357 188 2646 2130 1206 1321 490 504 711 540 235 2369 279 2349 1161 1754 305 782 876 336 543 615 1674 196 1770 42 895 752 2254
3190 2102 687 882 625 603 1594 250 2010 502 1742 888 475 1309 2859 1086 1563 412 831 1096 2509 1332 565 879 490 542 2614 922 586 1327 2039 1036 938 212 2894 666 2115 533 758 1102 522 779 873 1185 21 1319 848 729 701 1074 786 1712 342 1508 217 976 817 1467 1195 2791 812 2560 1701 228 2569 299 279 1281 582 494 415
3826 264 586 782 958 323 998 2813 1689 1038 1872 1301 1848 955 919 264 1023 728 561 391 975 468 742 299 712 1191 411 141 102 508 566 2132 720 860 322 1384 1846 1285 2581 1090 540 1362 2917 1190 76 253 769 1546 612 767 673 208 2216 499 1014 1715 510 1101 810 2528 1351 1353 2822 1107 1323 1088 345 2462 1959 1155 781
4338 360 2666 965 955 760 956 1055 1374 954 436 1174 2293 1181 1787 400 858 1278 1564 554 260 2275 783 573 611 919 1257 1477 1144 529 1187 1114 733 2753 722 2300 361 591 488 2493 1053 2821 1268 2922 854 1093 1280 2677 2632 1256 614 1129 2453 453 2329 787 1019 1350 861 989 1137 985 876 392 762 846 2813 870 1547 2896 874
120 2027 321 1950 675 543 2720 116 439 425 712 468 944 546 824 454 363 1021 286 1483 304 616 1907 540 2147 661 2156 552 1040 229 235 1495 1470 696 1737 614 659 2865 852 900 2414 760 573 530 12 487 387 81 2824 759 208 394 2030 893 188 2785 246 1889 1536 538 796 384 401 2341 1078 1010 2607 1457 1217 275 1327
611 324 504 573 1499 1661 182 1344 805 1403 1078 1620 1037 1455 81 616 2904 2551 468 1012 608 93 1962 1294 510 760 1230 491 731 505 419 1769 543 840 1633 2903 1253 459 268 111 272 1515 807 860 2641 2462 2341 1299 1136 2407 1107 1193 1046 576 245 1088 614 2215 1168 554 942 1472 1485 165 540 1074 786 404 384 2730 380
1843 425 980 2756 253 2148 234 892 405 808 531 1235 1078 1234 1887 2661 1145 1343 283 1155 1008 211 1420 2223 1605 591 1345 1408 708 437 2825 900 1168 2452 209 1584 2862 1538 1237 1692 1034 824 777 1559 1438 294 2770 1081 2499 2540 826 1571 2824 301 1862 1153 1491 740 586 1194 2446 1313 2852 863 801 504 1630 495 978 2531 1362
1953 994 1146 687 486 391 399 795 688 468 586 862 841 1053 374 253 369 540 425 181 782 817 846 858 508 2653 1040 1363 681 830 1794 860 1858 208 1475 2023 1597 2034 29 2564 169 1088 2590 573 1889 694 2731 1192 84 2715 322 2337 620 1107 583 345 726 414 1695 44 311 473 1090 1030 1808 235 36 284 2423 605 354
2212 201 875 1826 777 554 771 1081 963 1863 190 952 557 1011 673 2083 425 235 2160 815 871 1643 1090 140 323 162 735 351 746 428 935 294 1146 586 434 1563 340 47 571 1379 269 418 782 731 2148 1931 2347 2216 794 506 208 2679 1623 751 431 2703 293 2655 1070 2205 919 1828 619 504 1028 2214 1732 1120 712 2197 437
2983 495 855 215 592 974 2673 2855 1968 1824 1997 1421 1006 1333 1634 112 796 269 819 1617 2561 865 576 714 613 1040 917 216 750 586 543 425 725 332 860 295 1008 345 667 150 782 687 608 367 2389 1087 1918 2089 437 772 661 2575 1042 22 2877 501 2398 2427 469 965 403 751 208 401 693 1387 2186 504 266 989 1011
3470 1520 675 370 1964 448 1165 2630 1093 613 720 733 1661 1651 586 127 2281 751 973 2781 848 398 1011 1088 1064 1487 1046 2900 1363 727 610 1181 834 385 303 894 1184 766 1448 2495 429 369 453 640 801 1144 1779 558 1433 1146 1188 1344 1140 2305 559 1108 2728 503 234 742 2220 2579 583 347 545 1532 1053 366 2553 345 995
3684 1145 720 756 1071 2400 1890 323 592 1072 1876 557 222 951 973 1121 416 2567 1148 1958 271 2672 578 2742 2146 208 507 708 540 921 235 1694 2280 216 2645 1247 2339 1091 1420 1048 840 314 657 576 2941 767 2326 1099 279 203 440 405 354 1037 418 415 627 308 1603 768 787 2258 990 905 425 268 817 1037 2288 716 396
4055 425 837 823 1010 821 394 540 538 516 2669 469 32 2 2355 889 391 694 375 2137 964 560 575 1995 1072 760 576 1128 748 1169 509 1852 681 612 507 2136 366 431 1389 1080 1633 1924 2793 439 1054 2337 834 426 1116 1142 1195 549 1967 1268 819 531 612 2483 28 937 726 48 179 686 1235 546 2921 2078 1156 2711 1073
21 295 332 1444 1971 937 2290 449 2748 767 510 1786 428 943 526 1099 2065 259 972 2731 854 154 825 640 2047 672 934 377 392 2392 760 847 1 958 534 323 555 668 271 1057 2485 727 876 596 827 1304 369 1570 678 688 404 786 938 2235 1300 830 2577 2612 895 2898 418 195 99 1987 1905 1964 851 326 2829 2600 1011
993 2455 2017 863 495 2124 590 986 195 299 309 672 100 154 132 211 2146 2416 2284 313 622 683 818 754 231 428 295 2452 526 782 1340 687 942 856 204 540 1838 599 503 256 678 871 2839 1043 1053 702 1156 608 529 653 165 1744 443 555 1093 2929 1278 576 266 978 1096 391 760 560 827 392 1097 2012 102 1778 1822
1440 400 2169 1921 342 256 354 2769 203 205 929 345 937 862 729 270 1583 2516 2772 1636 2658 2359 217 1028 781 922 2514 391 1453 229 341 860 1774 584 593 605 2093 1657 2390 318 497 1010 595 843 717 2134 689 504 677 267 131 758 883 1136 502 665 666 307 2799 748 2060 1036 1397 2810 299 301 2155 875 2753 1351 969
1472 993 465 1828 984 400 823 525 1515 2075 491 114 1560 1419 280 1138 622 1050 936 755 1459 1369 1605 929 2487 1442 590 2428 797 10 367 2680 807 535 428 1048 828 426 1116 259 125 423 1991 1109 919 489 881 2573 2588 831 510 2646 825 596 498 1399 770 1427 668 271 2607 559 392 559 753 915 649 2437 942 968 784
2916 605 1416 1285 1809 1338 1222 1273 555 1014 510 453 1413 540 2913 437 1277 910 608 347 1101 756 447 586 1664 495 499 2487 43 253 1532 1008 1299 468 895 2688 1303 1107 1629 2490 1030 373 2935 1053 1176 1842 677 1088 2494 1917 238 1098 1190 1627 1323 206 782 532 1362 2515 1155 1046 2423 266 552 2907 2651 1236 2186 1807 345
126 1146 1385 2292 840 1156 1175 518 648 786 1566 405 965 144 1830 1061 2307 1088 1934 944 392 2025 2021 2095 2939 504 605 1855 2096 846 1648 332 1496 675 494 817 1051 1694 2925 290 1299 1103 576 760 2002 1979 687 2855 2343 1873 1396 258 450 1550 276 1114 2109 313 1027 539 629 2330 412 510 2180 419 540 367 1045 1161 507
737 351 207 1873 2271 2416 586 2653 340 726 712 2105 645 519 2421 201 349 818 657 850 1263 952 1046 2190 736 650 777 290 156 2289 2760 905 844 295 2296 542 2262 664 2807 392 1011 1038 1059 1088 543 1060 1056 100 2491 345 305 2140 439 292 346 366 1092 16 504 1016 1028 454 973 1715 195 2182 2586 824 302 760 697
2616 582 1650 2383 1848 2238 1196 1437 2282 2212 539 554 2807 468 675 570 1129 768 902 1889 366 504 322 853 321 1051 1188 350 1053 888 533 2506 256 1105 1817 1665 725 301 1692 914 1748 1222 1455 1240 648 166 647 749 2408 2013 786 1318 1016 323 579 2288 867 576 620 622 28 595 689 315 1111 1024 1086 1936 704 519 1600
2042 1046 606 1344 1171 2584 786 760 1240 2914 1093 487 1228 82 504 2594 1289 345 463 470 1830 2626 1061 295 1308 447 727 576 466 1009 965 944 789 35 1964 377 1174 783 2781 144 1666 596 248 1891 415 2323 815 920 285 347 1011 994 2486 491 1072 301 1846 513 542 2808 2329 316 718 2174 2200 2682 1309 411 330 1315 1154
3468 1379 475 1684 2716 1090 1052 1181 876 1281 1404 1168 815 373 753 1093 1120 609 392 1622 366 854 2790 536 360 2213 687 1275 1604 2389 571 1028 1264 408 2630 2416 648 779 2510 2290 695 1578 694 1184 1434 1698 1915 816 456 1118 353 481 321 681 2610 442 2106 1213 735 1082 1165 772 2418 2162 1912 1591 1191 351 1209 1277 1242