8 9 11 13 18 20 24 27
228 2 17 18 23 24 31 46
407 2 5 8 15 24 27 52
594 4 24 25 31 39 42 53
243 13 20 21 45 48 66 71
1272 18 25 38 40 47 53 63
281 4 5 33 45 46 48 52
504 6 9 12 38 47 53 66
64 12 17 26 27 32 78 80
1289 14 22 24 29 45 48 49
202 1 18 31 42 46 50 52
388 7 9 24 39 48 53 56
1018 1 5 18 25 31 48 54
643 9 20 22 43 48 63 66
1136 11 19 31 32 48 53 56
32 1 31 46 48 49 63 68
900 5 25 38 47 53 123 148
1315 1 5 46 59 63 153 154
2332 33 70 72 73 76 97 120
799 7 24 46 48 53 57 59
177 9 22 54 56 57 60 93
2156 1 26 44 48 56 57 63
297 4 12 31 35 57 60 71
74 7 24 39 48 53 57 59
1640 14 16 34 38 48 62 63
595 4 24 57 59 60 76 101
3453 48 63 65 71 104 113 123
259 1 17 20 48 53 73 77
132 1 4 20 71 78 119 120
734 1 46 48 57 63 73 120
1888 14 38 49 53 77 90 93
1519 24 63 73 120 154 201 203
2610 14 37 76 103 113 120 123
289 24 25 48 52 53 60 73
753 48 57 120 130 139 145 169
56 12 31 34 48 53 57 60
536 3 14 63 66 79 91 93
2597 1 14 48 51 53 68 94
329 37 45 49 93 113 124 131
4 20 24 63 93 103 123 124
14 18 31 63 73 76 90 96
707 24 53 63 123 140 143 146
744 56 63 93 120 130 147 154
997 52 73 83 90 94 154 156
642 24 33 48 110 115 118 132
727 5 18 24 69 88 114 123
1199 33 48 53 79 96 107 109
389 24 36 39 44 48 57 63
1657 5 24 40 70 113 125 134
2046 27 44 56 70 123 137 147
1269 12 93 113 126 132 148 154
44 1 2 63 80 114 119 125
227 36 37 48 63 65 137 167
967 16 18 24 63 87 89 129
1268 18 21 56 73 152 208 224
25 55 63 93 103 113 123 154
2470 31 54 59 71 73 76 84
2658 63 77 80 93 137 177 186
144 24 48 52 53 60 63 78
455 1 2 18 53 57 133 139
575 31 46 120 133 147 152 154
1932 24 31 46 49 53 59 63
912 5 31 59 60 78 100 119
1630 42 71 115 117 152 154 167
374 40 63 76 104 138 154 156
1714 1 19 32 48 53 71 92
1867 31 63 66 71 73 120 123
1169 12 23 39 52 61 68 125
2087 18 24 31 42 48 56 117
631 1 23 44 48 63 152 168
229 24 48 78 115 137 154 185
765 1 9 46 48 63 68 76
1290 14 29 45 48 49 73 93
1295 14 31 81 130 148 154 167
3632 56 73 181 208 235 253 256
948 48 71 74 93 103 114 123
2755 39 48 52 63 69 103 122
1052 5 16 46 48 73 101 113
1457 26 31 36 48 63 110 114
10 12 24 48 63 79 87 154
2491 20 52 60 61 68 71 137
938 1 61 93 113 137 152 167
2438 1 31 44 52 60 69 78
2519 22 24 35 48 95 110 113
994 9 24 45 49 60 63 66
949 5 48 78 90 154 165 189
2022 63 71 113 124 152 154 188
360 39 48 66 79 101 162 208
790 7 60 63 154 208 247 266
2640 38 40 53 59 124 154 167
1239 48 75 81 152 217 225 283
2218 24 30 63 71 153 154 178
1426 1 11 15 24 30 54 63
1504 1 18 35 48 56 59 104
109 9 18 59 68 77 93 123
192 31 48 59 71 77 150 152
256 59 76 102 120 154 167 235
1965 1 18 25 40 49 53 59
266 27 136 139 141 152 154 155
446 21 48 50 53 63 73 137
2184 63 67 81 138 154 155 209
2233 1 53 63 67 133 192 213
1011 5 13 37 48 63 71 79
2217 30 71 152 178 182 235 248
2746 39 48 52 69 123 154 203
819 7 63 90 139 143 175 187
1034 9 12 22 35 48 133 155
1570 44 46 52 62 63 69 123
2534 25 63 65 76 144 167 178
3640 16 74 134 154 170 203 208
648 5 11 110 113 152 207 249
1439 13 15 18 20 33 48 79
610 1 10 83 99 115 123 124
1464 46 52 59 63 76 126 134
253 24 46 63 73 128 154 159
1065 1 20 24 46 48 49 73
1595 3 11 44 46 52 69 149
2094 24 48 53 57 63 90 123
3052 1 9 48 63 65 72 76
369 22 46 48 52 63 69 94
556 12 18 31 48 59 63 84
2280 16 63 113 123 124 126 259
1564 2 59 83 113 120 133 154
391 52 59 137 152 154 195 201
608 49 63 74 154 156 173 208
820 5 7 24 25 83 123 149
2700 40 63 83 88 123 147 162
978 16 24 78 83 123 147 155
1587 16 32 47 53 81 113 152
6046 1 5 6 19 63 68 73
60 38 59 114 125 145 154 177
2035 5 18 114 123 174 208 222
2741 39 81 147 157 181 208 235
569 54 73 117 123 133 154 187
1667 27 42 137 201 235 256 265
48 5 10 16 131 137 139 149
261 16 24 39 48 57 63 72
1130 44 52 63 69 71 138 154
1613 63 67 113 154 167 209 211
1473 16 29 48 49 61 115 150
1538 106 133 152 175 178 183 201
2808 5 29 40 42 48 63 66
1463 1 5 18 42 71 107 154
840 10 20 48 52 53 60 81
1281 1 36 53 123 129 138 140
1238 25 46 63 83 126 147 152
1832 16 21 52 102 126 143 203
1893 1 13 14 48 51 78 92
2955 1 19 32 53 63 76 93
706 24 53 60 63 123 139 140
1481 9 40 48 65 70 83 121
4693 48 68 73 78 134 162 167
137 12 19 26 42 123 145 215
1830 21 25 63 76 83 90 152
3633 56 73 124 138 147 181 208
1489 63 83 123 137 147 155 208
1032 46 133 148 175 195 201 229
1131 24 46 123 153 154 184 217
2902 48 69 74 79 113 120 146
54 28 105 124 131 152 154 155
351 9 31 48 54 61 84 110
854 13 27 98 115 123 124 154
2186 45 48 63 67 154 266 295
2623 48 52 57 120 193 208 223
115 40 70 83 147 152 155 162
770 31 48 53 71 76 145 154
2564 13 45 52 63 83 113 138
2565 1 13 14 48 51 78 92
2566 1 13 14 51 78 120 131
2995 9 55 83 165 235 247 259
2915 45 49 63 138 147 181 208
4587 2 24 120 123 125 137 148
647 1 5 36 62 78 115 120
1635 24 63 94 136 139 141 154
1562 8 17 18 63 93 149 182
276 5 9 31 35 39 48 53
2583 54 73 195 208 222 235 249
3164 48 76 78 137 154 175 201
3190 19 48 53 94 99 134 193
3826 12 62 63 83 147 154 181
4338 77 93 154 173 243 249 301
120 27 30 45 53 63 89 120
611 137 145 156 170 208 235 239
1843 24 95 113 123 154 158 192
1953 20 25 46 48 83 147 154
2212 30 71 73 113 120 154 191
2983 52 53 63 71 123 139 201
3470 29 63 73 161 167 208 229
3684 48 52 63 69 138 154 155
4055 52 260 275 276 290 299 314
21 9 16 21 48 81 83 177
993 9 17 21 24 40 103 123
1440 1 14 15 51 63 73 78
1472 16 56 123 154 171 195 247
2916 45 124 147 169 181 208 235
126 16 46 52 59 63 208 256
737 31 48 59 71 77 137 190
2616 32 37 56 67 115 123 154
2042 59 93 124 173 179 182 235
3468 31 48 167 179 201 235 295