8 32 43 48 51 52 57 59 61 78 91 94 96 100 101 102 103 109 110 112 116 119 127 130 136 138 143 147 152 154 159 162 163 167 173 177 182 188 189 191 192
228 52 53 59 60 63 73 78 80 87 93 99 103 113 120 124 133 138 140 154 160 167 168 186 187 195 197 201 203 207 208 210 213 227 238 243 253 256 259 266 267
407 60 73 81 99 103 120 123 127 138 140 143 144 154 169 173 180 196 201 205 217 234 240 262 266 274 276 286 295 301 323 337 342 346 347 353 366 373 378 380 384
594 61 63 73 78 86 109 110 115 123 137 147 152 154 167 179 181 183 188 191 193 195 198 203 208 217 228 230 243 250 256 276 280 288 290 295 298 299 307 314 332
243 73 76 83 90 95 113 120 123 141 149 154 157 166 171 177 182 193 195 208 221 225 235 243 259 266 268 274 276 280 286 290 304 314 381 385 400 405 411 417 428
1272 67 90 93 95 110 115 123 124 129 132 133 134 152 154 155 157 166 167 179 182 195 221 225 235 259 266 268 271 286 290 295 299 322 332 351 372 394 444 451 468
281 60 66 71 73 78 86 95 99 104 109 113 133 149 152 154 158 161 181 201 202 205 208 235 236 266 267 279 282 299 307 320 323 364 366 371 384 392 396 400 414
504 76 93 95 104 110 113 115 121 123 124 132 154 155 165 166 167 182 195 209 235 253 254 259 280 290 309 314 321 327 332 339 340 342 385 392 426 429 430 484 490
64 96 99 112 120 123 140 145 154 159 169 188 194 225 235 253 262 266 283 309 313 318 345 346 347 363 366 389 392 394 403 421 425 429 430 435 437 447 507 525 540
1289 63 93 98 113 124 150 178 180 208 209 217 231 235 245 266 295 299 314 323 325 332 339 346 351 369 403 405 412 421 422 429 444 447 468 477 504 509 518 524 539
202 60 76 78 81 110 140 145 153 154 167 169 179 180 181 187 189 195 201 207 266 274 295 299 323 345 353 366 381 390 391 403 408 424 429 447 448 450 451 489 509
388 59 63 77 93 107 120 130 133 137 154 159 167 178 181 195 201 203 208 211 235 253 282 288 290 293 298 306 318 323 340 345 351 384 390 392 398 403 424 425 428
1018 63 73 77 84 100 107 111 120 130 152 154 157 164 167 169 171 195 201 228 235 243 252 266 290 295 323 339 340 341 351 358 366 392 394 401 425 428 444 445 534
643 67 93 95 115 118 123 149 154 155 171 182 205 229 256 259 261 266 282 314 332 339 340 346 366 403 405 417 425 426 429 444 447 449 451 457 466 468 471 486 488
1136 87 92 93 94 95 99 110 112 115 179 192 201 202 208 209 223 230 235 247 256 258 264 266 283 299 314 332 386 390 391 392 400 425 473 490 499 504 533 540 551
32 73 106 110 114 134 137 143 154 162 170 171 179 201 208 253 276 286 289 293 295 303 314 317 332 351 353 373 378 385 392 394 411 428 430 444 445 451 477 480 499
900 152 154 165 169 170 183 188 192 195 201 208 217 232 249 271 274 286 294 303 309 340 341 345 346 347 387 428 437 442 451 456 460 492 495 496 504 509 527 534 543
1315 167 170 173 175 210 211 234 235 241 243 266 276 288 295 317 340 345 384 392 400 425 438 447 463 470 471 480 504 507 509 515 540 551 552 560 575 616 640 644 648
2332 123 154 178 187 201 208 211 234 253 268 276 288 290 295 321 323 340 349 351 353 366 390 392 393 400 437 439 440 484 504 509 529 531 537 543 554 558 586 591 630
799 60 63 73 99 104 110 123 140 153 154 164 208 222 247 274 279 283 297 332 340 351 379 401 403 417 425 431 444 465 490 495 498 504 522 526 531 542 579 584 586
177 123 154 179 182 208 235 246 259 279 282 290 292 299 309 317 320 332 388 400 404 415 428 460 465 478 489 504 507 520 525 530 542 569 586 613 619 629 653 666 675
2156 71 78 80 104 113 120 130 137 152 154 167 190 193 201 208 217 229 252 257 266 273 295 297 323 325 340 341 345 351 366 384 403 425 444 447 460 483 490 504 509
297 78 89 101 109 123 145 151 187 195 208 213 223 252 282 285 340 345 346 353 366 373 388 408 425 437 447 490 504 512 542 548 561 575 581 586 590 636 656 658 672
74 109 118 119 120 123 143 154 167 175 179 181 191 208 232 238 250 252 256 303 305 307 313 317 345 350 351 381 390 396 401 425 463 465 495 507 520 545 549 551 558
1640 66 93 118 123 124 154 170 203 221 231 235 253 259 279 290 299 319 340 367 385 387 392 395 428 488 504 507 514 515 520 540 545 554 556 569 573 623 639 645 672
595 106 120 123 133 149 183 193 266 279 290 293 295 297 321 325 326 332 341 351 373 391 401 403 425 427 431 442 444 447 451 485 504 509 551 562 584 586 612 615 619
3453 143 149 154 155 178 179 230 253 256 259 290 299 314 345 351 366 391 392 394 424 427 430 447 451 457 473 475 495 504 507 508 509 514 540 545 546 550 554 589 591
259 100 104 113 148 154 155 167 168 172 179 190 191 192 195 208 217 230 253 266 268 299 321 350 351 353 355 382 400 417 424 425 429 483 536 542 552 554 558 573 619
132 127 137 149 154 160 180 200 221 229 235 266 279 282 285 293 295 299 315 345 351 366 384 390 392 425 437 447 490 499 531 540 586 613 616 656 676 727 729 748 753
734 130 152 154 167 175 181 188 190 192 195 201 207 213 224 252 283 295 317 332 345 351 353 368 373 392 403 420 425 428 431 439 447 465 469 504 517 557 573 574 575
1888 95 110 115 123 130 133 137 149 152 154 155 167 169 179 203 208 221 235 279 280 290 304 314 322 332 339 340 350 400 403 430 460 468 471 486 495 504 509 540 573
1519 207 208 217 241 247 254 274 293 317 322 323 325 340 345 349 351 364 390 392 403 424 425 428 439 447 495 504 520 529 541 564 616 630 636 648 687 698 708 760 768
2610 133 137 154 155 203 208 221 224 235 259 279 280 287 290 321 332 340 345 385 400 405 418 426 428 430 433 435 451 460 468 495 518 543 554 575 591 612 613 616 623
289 76 117 141 145 183 208 218 229 256 266 279 282 293 340 425 437 453 470 508 518 541 544 551 562 568 584 586 588 589 613 630 659 673 699 711 727 744 801 815 817
753 193 233 276 282 299 330 341 345 346 369 381 384 391 392 406 408 415 429 465 471 473 520 525 548 555 586 613 616 636 659 661 692 696 727 736 742 746 748 760 761
56 63 71 79 96 104 123 125 144 153 154 193 196 201 208 233 260 262 274 276 295 320 325 345 353 384 394 400 415 425 430 431 440 487 501 530 544 563 576 592 601
536 110 113 114 122 123 124 137 154 166 171 208 235 279 290 295 299 314 320 339 340 351 385 388 394 411 462 465 471 490 504 515 518 540 542 544 554 560 573 575 578
2597 99 112 169 193 201 205 210 222 237 240 279 282 301 306 341 372 391 394 396 403 430 462 495 499 502 525 540 619 652 674 675 677 681 729 733 734 735 751 766 775
329 134 150 152 182 191 209 217 231 235 266 295 303 323 325 369 421 429 447 468 477 504 509 533 539 540 542 550 573 581 582 599 615 688 689 749 758 760 769 780 781
4 154 203 208 235 279 295 299 309 340 345 367 385 392 400 415 447 459 463 478 504 521 527 530 540 558 573 591 614 666 675 697 743 760 770 783 786 787 792 805 808
14 113 125 152 167 193 198 208 211 230 235 243 245 253 299 332 338 341 358 366 373 392 405 425 448 459 463 529 534 540 560 573 575 576 586 591 600 621 652 706 766
707 153 154 158 175 176 178 191 208 217 222 224 235 273 282 295 306 345 366 378 401 403 424 425 489 522 536 541 542 575 577 579 613 681 687 699 733 746 782 794 796
744 167 208 209 213 217 220 253 285 321 332 336 340 345 355 357 359 361 366 392 425 447 468 512 517 519 537 540 541 550 575 594 630 663 672 680 708 730 750 753 760
997 178 183 208 235 239 243 244 276 290 295 314 323 332 367 369 394 415 425 489 491 498 507 509 510 518 534 538 540 542 543 576 577 610 619 625 661 669 675 677 688
642 145 155 167 169 182 186 192 201 210 217 259 295 303 304 311 320 332 342 348 369 390 392 393 437 445 490 502 507 509 543 554 589 599 605 615 639 657 672 680 689
727 149 154 157 167 175 179 192 195 208 209 252 270 290 340 345 392 393 400 403 425 428 437 465 469 470 504 506 531 540 541 551 552 576 586 614 619 666 675 687 727
1199 120 123 125 147 154 167 193 201 203 205 208 213 229 250 252 268 282 285 295 323 345 351 353 392 400 403 425 431 437 447 456 508 540 544 551 562 586 605 678 697
389 69 101 133 139 150 158 167 175 215 266 273 276 295 299 317 341 351 373 384 401 415 417 425 437 447 458 465 489 504 511 522 535 541 552 577 586 594 603 616 619
1657 154 156 181 185 193 195 201 232 235 266 276 282 317 321 325 346 378 387 403 425 428 477 484 489 509 524 535 540 542 560 586 592 608 614 625 628 630 663 727 760
2046 150 154 158 167 169 171 175 188 192 195 205 208 211 215 216 259 268 295 299 324 329 340 351 357 384 394 400 421 428 437 447 451 466 524 540 542 569 584 586 615
1269 157 169 254 280 299 314 322 325 392 405 445 451 504 509 510 519 534 554 576 587 591 600 615 640 652 670 672 680 690 697 705 760 775 790 805 807 812 819 827 854
44 131 154 160 167 169 200 201 208 243 257 273 295 299 315 341 358 364 439 464 490 554 575 586 609 697 708 735 748 766 768 783 804 823 826 833 855 872 876 883 900
227 171 175 179 195 203 240 245 252 253 256 276 299 306 309 312 317 332 340 346 351 392 400 425 428 430 434 447 468 488 504 540 554 555 560 586 614 615 637 662 672
967 153 165 179 208 217 290 299 388 392 403 405 428 429 451 465 478 488 504 507 510 518 554 569 591 612 614 619 628 647 666 668 697 760 770 787 812 819 825 892 915
1268 235 243 275 299 314 323 332 339 345 351 366 388 391 395 403 437 440 445 447 468 495 504 509 526 540 548 577 586 608 619 651 674 677 817 830 858 938 942 958 965
25 186 195 210 217 235 254 279 280 332 383 394 400 403 428 429 442 444 543 556 573 575 576 581 613 616 623 675 697 707 760 775 803 805 832 895 910 928 942 965 976
2470 120 145 154 167 180 190 193 195 201 202 208 249 290 295 297 340 347 403 485 540 578 586 588 605 619 630 642 648 658 678 687 735 762 782 804 812 815 821 892 924
2658 208 235 265 279 290 309 332 336 385 391 394 400 415 428 451 459 465 489 504 505 508 510 526 534 540 613 623 629 630 748 757 760 775 778 819 825 864 900 923 934
144 80 144 145 155 192 203 205 235 252 256 266 282 285 297 314 317 324 339 345 350 366 369 379 403 405 416 425 437 447 551 579 580 582 586 619 630 664 686 711 727
455 140 154 170 194 208 217 240 276 279 295 340 345 391 405 425 431 445 473 485 547 551 555 558 562 582 586 594 619 645 666 673 676 748 766 768 777 783 797 804 808
575 167 186 191 193 201 229 235 274 276 340 351 352 384 392 424 425 428 444 495 504 542 554 563 575 613 630 681 687 735 752 760 772 782 816 817 834 850 895 919 965
1932 113 120 123 133 145 154 157 247 253 274 278 304 323 325 346 350 379 392 394 401 403 410 425 433 489 540 584 586 588 630 687 727 731 738 782 783 787 801 811 815
912 120 133 145 154 194 208 252 264 269 290 303 307 325 345 349 351 392 424 425 435 437 440 447 463 509 531 567 571 586 613 616 630 656 727 735 748 782 823 844 848
1630 195 201 208 211 235 299 303 323 340 346 351 353 366 368 420 439 444 447 514 554 564 571 586 608 648 725 735 753 756 760 762 768 777 778 779 782 783 850 872 876
374 169 170 173 183 188 208 235 252 266 282 290 304 321 340 400 403 405 425 483 504 509 510 516 540 554 573 576 599 640 648 662 672 687 760 767 770 783 805 827 830
1714 93 99 112 115 137 138 140 164 171 250 256 293 317 342 400 403 466 490 494 517 533 551 560 582 586 643 648 652 654 666 684 705 722 735 760 762 783 815 848 888
1867 154 155 167 190 195 208 209 293 303 345 351 366 379 410 420 425 427 439 448 465 491 504 534 535 558 586 615 640 662 673 687 770 782 821 848 850 854 873 876 884
1169 133 137 154 190 192 193 200 208 209 253 283 288 311 314 332 336 351 358 368 369 403 425 429 499 540 554 582 586 587 596 614 640 662 667 673 686 760 783 815 831
2087 123 130 133 140 152 155 168 176 201 207 235 243 266 303 351 387 428 439 444 447 477 516 529 536 542 576 586 589 616 619 638 664 666 681 766 782 794 805 808 809
631 213 258 267 330 394 416 425 465 490 533 539 541 551 554 575 582 595 619 732 753 766 777 783 808 815 860 868 872 911 917 949 959 974 982 1006 1028 1030 1041 1066 1077
229 186 195 208 217 235 259 290 295 314 351 369 391 392 447 490 504 518 540 543 554 614 615 619 639 652 668 706 708 760 762 770 781 785 804 815 817 826 827 840 848
765 80 134 137 167 192 208 293 303 320 338 351 379 392 425 428 444 465 477 504 508 540 575 578 652 686 687 719 725 758 761 770 782 805 808 812 840 850 872 927 959
1290 113 114 124 140 150 178 182 208 235 297 299 303 314 323 345 369 403 421 425 429 477 504 509 518 533 540 542 550 573 580 581 582 599 616 619 685 687 749 760 769
1295 180 203 208 240 268 279 320 340 351 384 425 427 428 437 483 485 504 520 531 540 554 558 586 652 676 698 708 712 725 782 784 817 864 868 875 895 927 965 976 999
3632 282 299 323 345 351 369 388 391 403 405 425 433 447 468 483 495 504 509 510 540 586 599 608 674 677 678 681 720 727 728 782 830 841 860 898 942 975 995 1010 1014
948 124 138 141 154 177 235 254 279 280 299 351 391 392 400 428 430 450 495 498 503 504 511 518 527 534 540 554 623 675 707 760 787 812 823 856 869 878 895 928 939
2755 123 137 154 157 203 204 208 271 295 307 314 401 405 406 416 425 429 432 444 450 507 534 540 549 555 577 586 592 593 608 623 677 681 718 760 768 782 787 807 817
1052 123 137 152 178 211 249 332 345 351 371 447 451 469 508 540 544 545 551 582 619 675 687 721 782 811 819 821 826 860 872 876 895 937 938 946 959 965 974 1011 1059
1457 119 140 143 154 175 187 191 193 195 222 247 252 295 345 377 394 403 433 447 509 512 530 552 608 663 676 681 714 727 746 760 762 796 819 821 840 885 933 944 966
10 173 179 196 256 290 292 295 363 369 392 400 426 429 449 451 465 490 509 515 550 554 573 576 610 629 653 673 675 686 760 761 770 787 801 815 816 819 861 934 975
2491 142 201 208 282 286 295 315 323 341 346 384 425 463 490 507 548 551 555 615 620 630 643 651 658 686 729 746 751 770 786 801 809 818 850 860 876 923 927 1029 1053
938 178 211 254 302 310 311 314 332 336 340 388 390 405 408 502 504 534 546 550 554 579 586 602 614 619 647 652 729 769 783 787 801 804 848 872 883 896 942 965 979
2438 175 181 208 211 217 227 238 253 259 281 283 295 314 340 366 369 392 403 425 495 504 522 615 630 662 666 783 801 815 817 930 942 973 1011 1035 1036 1041 1093 1108 1144
2519 120 123 137 152 154 170 205 256 288 299 303 314 323 351 374 384 399 425 432 449 465 504 516 551 575 579 586 671 697 753 760 765 768 822 826 850 872 895 934 937
994 102 152 154 203 320 322 332 369 384 425 504 508 540 543 551 554 589 597 615 629 633 672 675 697 728 743 758 760 768 807 825 827 832 844 854 860 876 878 900 906
949 208 235 253 295 303 314 351 425 427 475 508 542 554 576 652 656 664 665 695 721 760 771 782 783 802 860 876 892 937 965 979 1012 1014 1035 1036 1053 1074 1086 1096 1117
2022 194 217 243 266 290 332 336 338 340 366 392 403 425 430 437 444 447 489 504 508 509 540 575 672 675 725 753 756 760 767 768 799 815 819 851 864 876 938 946 965
360 225 230 247 273 274 279 283 291 320 343 358 366 401 495 512 524 533 551 562 582 602 630 652 673 704 727 745 751 766 782 802 814 821 844 848 850 862 868 872 875
790 275 345 358 366 381 384 392 415 425 428 437 490 531 540 555 558 630 636 662 692 742 748 760 770 772 778 782 801 818 821 844 850 855 860 927 965 1014 1031 1041 1046
2640 192 259 281 370 380 392 394 403 424 425 428 463 483 498 504 507 525 540 573 576 583 608 614 619 621 700 705 744 750 782 803 804 812 815 871 876 913 939 988 1011
1239 297 314 325 339 346 351 366 374 392 397 406 407 418 425 438 460 474 490 510 516 518 540 554 652 659 661 664 672 673 727 760 782 786 814 829 831 846 854 872 884
2218 182 235 255 256 269 283 284 292 339 340 400 435 464 465 469 475 489 507 540 557 559 576 583 640 678 681 744 760 782 792 825 909 965 1003 1011 1074 1079 1098 1099 1111
1426 154 155 182 199 235 255 269 284 290 299 308 340 346 369 400 465 489 504 507 540 542 560 576 630 657 672 675 678 681 713 744 759 760 782 792 805 836 930 965 1003
1504 140 154 208 230 256 274 285 300 321 340 345 390 392 425 437 502 518 540 554 557 564 568 586 613 619 631 677 687 742 753 758 761 801 818 855 876 882 908 920 927
109 152 154 157 245 295 304 321 340 392 405 430 444 456 495 499 504 507 515 542 560 564 612 615 672 675 686 697 705 724 729 760 798 804 815 827 853 876 958 965 974
192 154 167 195 201 208 235 273 288 325 340 345 351 368 384 400 420 424 425 428 447 451 475 528 540 558 563 586 619 648 662 687 735 770 782 783 855 857 872 919 965
256 243 259 266 295 307 340 347 349 396 400 425 464 504 543 575 619 712 725 727 760 781 782 844 846 848 875 876 919 947 974 995 1010 1038 1086 1093 1100 1143 1146 1155 1169
1965 73 110 123 151 154 158 178 208 215 217 235 290 299 314 340 345 392 437 444 447 495 504 507 515 542 560 575 576 586 591 615 644 671 675 693 708 727 734 760 783
266 161 176 208 217 235 239 244 249 256 269 283 290 306 307 332 342 345 351 403 415 457 461 485 499 533 537 540 545 551 573 586 619 706 760 770 782 783 819 854 895
446 145 154 164 167 169 275 299 301 314 332 349 400 403 416 447 473 494 512 532 540 544 665 682 727 766 777 778 821 844 848 937 965 1053 1073 1083 1090 1127 1145 1150 1183
2184 217 249 259 303 305 314 348 369 392 426 460 466 502 504 509 543 554 555 582 615 643 652 675 689 730 760 766 782 786 801 827 848 872 876 938 961 987 1012 1038 1045
2233 234 259 312 346 366 403 425 428 430 438 456 478 480 490 504 509 512 542 575 586 598 610 681 740 782 783 805 812 818 840 844 848 850 872 873 876 903 927 965 1052
1011 148 154 203 208 283 293 299 345 403 425 465 475 481 504 534 554 586 633 661 680 690 702 777 783 787 804 830 850 872 876 892 896 924 965 974 1030 1043 1053 1074 1088
2217 255 294 308 340 389 400 415 434 465 469 489 504 507 540 560 565 640 678 681 725 760 767 782 787 792 815 919 924 1024 1038 1049 1051 1061 1074 1125 1131 1141 1180 1187 1198
2746 204 208 271 290 295 314 354 405 406 416 425 429 489 586 608 616 622 623 674 677 753 768 782 816 817 830 840 876 894 905 921 966 976 1011 1027 1035 1048 1050 1061 1074
819 189 190 195 234 252 290 341 373 396 400 408 534 549 586 590 659 661 662 673 752 754 783 848 860 872 873 876 892 923 943 946 1011 1014 1027 1046 1053 1074 1088 1090 1145
1034 171 178 179 198 235 282 314 325 332 383 415 429 444 447 449 451 468 492 495 499 515 520 540 550 582 675 678 697 760 768 775 783 794 848 854 860 976 1036 1053 1076
1570 154 203 204 208 246 271 295 314 323 416 425 432 465 540 586 592 608 616 622 623 661 677 753 760 768 782 816 817 840 876 905 921 938 955 966 1010 1027 1048 1099 1145
2534 208 217 233 235 312 323 340 346 392 400 428 460 475 495 503 504 509 535 540 554 569 573 576 586 613 658 686 770 782 783 796 817 837 854 919 982 1011 1047 1107 1131
3640 235 239 290 295 385 425 428 437 450 460 489 504 507 519 539 542 554 576 599 614 640 687 727 757 760 782 783 840 846 942 965 974 977 1035 1048 1050 1053 1060 1061 1098
648 287 295 301 332 340 345 400 405 415 444 465 486 504 507 509 531 537 540 550 554 579 596 628 675 716 760 786 803 840 854 864 883 946 947 974 1011 1050 1053 1056 1061
1439 116 133 137 152 175 205 208 210 282 299 303 337 345 353 372 495 508 536 551 554 562 566 582 586 588 618 624 644 666 671 701 751 763 766 772 783 788 799 808 821
610 154 243 295 303 323 403 422 504 514 528 539 550 560 582 643 654 687 689 735 760 769 782 794 837 848 872 905 965 974 976 983 1013 1018 1044 1053 1074 1097 1124 1127 1154
1464 137 145 177 191 235 290 298 321 333 392 425 428 495 498 504 507 518 526 539 540 543 576 586 592 711 775 783 786 787 840 869 965 970 1050 1053 1061 1080 1093 1155 1181
253 188 208 297 303 323 325 346 366 390 392 416 425 427 437 439 586 588 630 682 727 777 782 817 818 850 872 883 892 909 920 929 936 952 965 995 1011 1041 1052 1112 1139
1065 123 147 152 154 169 175 178 208 254 267 268 279 295 314 317 341 345 349 351 378 403 425 447 473 481 496 540 573 615 658 677 693 735 742 746 756 762 770 777 813
1595 154 195 203 204 208 231 235 246 253 271 314 323 354 416 425 540 555 586 597 608 622 623 677 768 782 817 840 876 905 921 937 966 976 1010 1035 1048 1099 1145 1155 1277
2094 133 144 152 180 217 249 256 264 332 345 346 350 364 379 384 403 425 448 473 507 541 708 727 782 783 815 860 885 894 901 955 965 974 980 1028 1055 1082 1145 1155 1158
3052 123 137 149 154 201 207 208 235 307 314 320 373 387 392 400 437 504 508 576 615 619 652 684 690 725 727 740 760 777 782 783 801 803 804 844 883 927 934 939 943
369 103 120 123 154 202 208 235 271 276 305 323 401 405 416 418 425 448 549 588 608 630 653 674 693 753 782 817 823 840 853 894 921 942 965 966 976 1027 1048 1060 1074
556 107 123 154 158 167 175 208 213 253 268 278 279 324 345 351 366 371 403 425 430 431 447 496 504 534 555 589 642 664 674 676 711 712 751 804 818 840 850 889 895
2280 266 299 314 332 340 369 392 419 421 468 504 524 554 615 640 661 672 675 681 743 760 768 782 807 815 827 854 861 875 881 926 942 1014 1016 1023 1046 1053 1054 1060 1079
1564 181 235 249 252 261 279 314 321 336 340 381 392 403 422 431 445 450 509 533 558 568 586 615 630 736 751 754 777 779 804 812 815 878 893 895 973 974 1011 1016 1059
391 203 250 253 266 274 295 303 305 340 341 349 351 384 392 427 447 480 542 554 608 638 687 712 727 730 735 782 783 796 834 872 887 909 939 1011 1028 1053 1088 1090 1093
608 290 296 304 412 447 503 504 510 516 535 539 540 542 554 579 586 675 681 745 760 770 838 840 942 965 974 977 985 1011 1016 1027 1050 1078 1093 1131 1144 1153 1264 1277 1299
820 154 167 175 181 188 190 192 253 279 293 305 314 351 357 366 390 403 437 444 447 483 495 496 499 504 508 515 540 554 555 561 586 591 653 682 782 804 806 812 815
2700 165 169 170 201 208 243 266 299 322 325 332 392 428 471 484 495 503 527 554 576 599 614 681 688 729 760 770 787 874 875 913 957 977 978 1028 1061 1093 1097 1154 1164
978 179 208 271 277 290 299 307 392 485 495 503 535 555 590 599 629 678 681 729 760 786 827 840 905 942 978 1001 1016 1028 1034 1038 1053 1146 1169 1190 1205 1242 1277 1339 1378
1587 154 178 192 223 235 282 299 314 323 332 353 359 364 428 440 447 504 540 605 643 682 725 749 766 768 772 783 784 815 848 857 872 923 945 958 965 974 1004 1011 1036
6046 134 136 154 170 176 189 208 256 275 304 356 414 425 429 430 438 457 493 534 540 541 546 549 550 554 612 640 652 672 675 682 687 688 729 758 808 840 848 850 867
60 181 188 208 339 384 385 396 415 460 468 509 510 559 586 640 648 649 651 687 739 760 775 782 814 844 876 1011 1012 1021 1027 1035 1050 1053 1061 1084 1093 1144 1145 1181 1190
2035 294 308 340 342 345 370 400 403 425 469 504 551 576 586 648 681 727 760 778 782 786 787 813 815 874 876 937 939 976 1025 1035 1065 1091 1132 1144 1155 1165 1213 1214 1256
2741 253 266 299 307 323 351 367 373 426 447 468 495 510 540 552 576 586 590 608 612 677 727 728 782 895 924 998 1010 1014 1030 1100 1101 1107 1131 1143 1144 1155 1190 1273 1285
569 197 201 208 235 266 297 313 340 341 353 384 392 415 425 429 504 535 586 588 614 664 734 735 749 750 760 777 782 787 796 817 855 872 876 908 920 946 949 952 1019
1667 266 279 299 332 339 394 400 403 430 519 528 540 579 586 600 624 632 638 654 671 727 758 768 819 848 872 880 883 923 937 975 984 1011 1028 1074 1076 1083 1105 1109 1145
48 154 202 203 213 221 245 279 287 314 345 349 366 381 394 405 431 443 447 466 527 554 558 568 573 586 588 631 640 648 651 652 673 731 736 751 770 777 827 840 872
261 79 81 101 120 129 138 145 148 196 208 222 279 323 337 345 369 392 403 410 437 468 473 549 551 582 630 659 737 763 782 821 868 920 924 937 1011 1014 1035 1037 1053
1130 204 208 246 271 279 314 323 345 354 404 416 425 540 586 608 622 677 696 753 768 782 817 840 876 905 921 934 938 955 966 976 1027 1035 1048 1099 1140 1145 1154 1235 1310
1613 252 282 295 299 306 323 340 342 361 392 401 403 447 483 489 517 540 541 586 588 615 645 651 652 687 716 752 761 766 782 787 805 866 880 883 903 911 976 1053 1070
1473 178 182 191 209 429 468 504 539 540 542 551 557 580 581 587 619 672 728 740 769 780 781 837 872 883 906 1000 1006 1013 1038 1043 1053 1074 1113 1134 1153 1180 1182 1208 1217
1538 245 250 295 297 332 341 346 353 355 384 410 420 512 542 566 610 652 734 760 782 815 817 875 924 939 1011 1053 1078 1081 1090 1121 1145 1154 1165 1168 1181 1184 1186 1187 1219
2808 68 110 134 137 152 160 192 282 295 340 346 353 378 425 445 465 469 504 540 575 586 652 658 681 687 692 694 753 777 782 872 876 911 965 1000 1014 1028 1059 1091 1107
1463 165 167 191 208 299 351 390 396 405 495 528 554 562 583 588 598 615 673 693 699 722 814 817 821 826 834 872 999 1036 1041 1056 1074 1076 1113 1122 1136 1144 1156 1182 1235
840 140 142 152 154 156 347 379 384 423 439 440 447 586 602 640 662 752 844 855 876 882 892 894 927 965 980 1058 1088 1090 1102 1138 1146 1174 1209 1250 1287 1295 1301 1326 1327
1281 146 167 181 187 211 232 283 314 341 351 353 361 390 403 522 533 540 542 555 586 615 619 736 758 766 783 786 813 833 885 920 937 1011 1018 1036 1053 1090 1133 1144 1156
1238 165 266 268 290 299 391 392 425 430 468 495 518 554 560 576 596 599 648 653 688 708 757 770 805 840 860 874 966 972 1031 1038 1046 1061 1169 1181 1228 1277 1283 1393 1396
1832 290 308 378 425 436 460 468 498 510 535 556 576 584 586 610 637 672 687 703 708 725 783 786 817 840 869 880 915 934 942 944 985 1030 1048 1061 1097 1144 1145 1181 1235
1893 131 145 205 209 267 301 341 345 353 384 464 502 517 540 555 593 652 666 677 717 729 733 758 781 843 847 856 883 923 937 1011 1026 1036 1038 1045 1050 1051 1075 1083 1109
2955 94 99 115 137 140 193 250 269 283 293 317 342 362 372 494 533 582 586 681 705 711 722 787 805 826 848 879 888 922 937 976 1067 1074 1095 1153 1164 1185 1205 1238 1273
706 144 153 154 158 170 229 256 282 295 306 307 373 392 401 403 425 489 522 586 613 681 733 760 782 786 817 826 855 860 879 885 912 1011 1014 1028 1073 1090 1093 1162 1165
1481 123 155 208 256 266 290 299 307 332 345 364 384 385 392 405 425 475 495 503 509 510 540 550 573 576 599 613 672 675 678 688 727 760 782 786 834 844 854 965 1012
4693 190 208 231 307 351 353 392 396 425 428 429 444 504 515 540 554 575 586 652 672 678 681 686 760 762 770 782 801 804 811 850 853 887 924 963 1036 1059 1079 1107 1144
137 235 253 262 283 289 295 298 318 332 366 429 431 465 479 487 525 573 587 600 605 606 611 618 639 649 793 799 807 833 858 861 872 876 892 923 934 965 984 985 1016
1830 165 188 208 332 428 447 504 540 548 554 575 603 615 625 637 672 675 760 768 775 803 924 942 946 960 974 985 1028 1030 1050 1053 1074 1093 1144 1165 1190 1235 1266 1270 1277
3633 235 253 299 306 320 323 332 351 437 447 495 504 508 509 510 540 551 561 586 592 599 674 677 728 782 830 942 1014 1030 1046 1088 1101 1107 1131 1146 1155 1190 1308 1317 1323
1489 220 259 266 268 271 299 307 323 332 367 392 405 419 459 460 495 503 540 550 560 576 583 599 753 760 782 854 856 942 946 1009 1028 1034 1048 1062 1074 1097 1133 1151 1153
1032 235 276 279 340 384 400 403 420 425 428 430 431 444 447 455 463 468 511 537 578 584 586 591 631 648 692 762 777 782 821 954 965 1011 1021 1035 1053 1070 1090 1107 1120
1131 254 257 274 283 295 323 345 379 392 401 424 431 437 489 499 511 522 552 577 586 608 613 630 634 693 727 813 815 817 819 881 911 920 923 936 943 965 1005 1010 1018
2902 154 162 208 253 267 271 283 303 313 354 384 400 489 507 555 586 593 608 610 635 661 681 693 725 733 753 760 767 782 814 815 817 854 876 899 921 930 942 1003 1033
54 178 201 253 266 369 372 425 458 460 499 509 519 531 540 548 554 586 628 640 657 663 664 760 770 782 794 802 826 858 958 961 1035 1074 1093 1135 1146 1188 1243 1308 1395
351 123 152 167 178 207 208 235 259 276 351 361 392 437 447 490 518 527 555 584 586 591 642 652 675 766 777 804 809 815 850 852 860 875 876 889 931 965 1011 1016 1046
854 197 202 207 209 235 239 320 342 394 428 444 464 472 488 509 528 530 554 560 582 586 619 632 654 666 725 789 815 819 895 984 1011 1013 1036 1042 1076 1083 1109 1176 1197
2186 338 340 345 405 496 505 519 540 551 576 615 648 652 656 663 725 751 768 790 815 872 892 965 973 974 996 1009 1023 1036 1086 1146 1182 1233 1273 1283 1301 1345 1362 1403 1411
2623 233 282 313 330 346 384 425 429 448 508 555 586 610 613 616 630 649 686 692 696 748 754 764 783 860 890 892 894 900 917 965 975 1014 1046 1053 1119 1131 1140 1144 1145
115 165 169 203 208 266 268 299 391 392 419 425 450 495 510 550 555 576 608 613 614 681 688 708 729 770 787 853 856 908 926 942 1028 1053 1061 1097 1130 1170 1181 1182 1260
770 175 280 295 340 347 351 384 392 425 427 437 509 517 531 542 569 586 613 735 760 777 782 783 799 900 919 939 954 976 1010 1011 1016 1046 1053 1090 1093 1115 1120 1144 1146
2564 154 167 181 235 252 259 310 311 314 339 425 430 516 543 550 551 554 573 576 579 615 652 663 672 708 717 783 812 817 860 872 885 919 972 1014 1053 1074 1101 1126 1131
2565 120 131 141 205 209 222 267 286 287 301 341 391 430 499 540 593 652 677 681 722 733 781 843 847 856 872 883 937 1011 1026 1045 1051 1075 1083 1095 1109 1144 1145 1178 1211
2566 201 205 209 256 267 282 301 341 354 372 391 433 502 540 550 593 665 677 729 751 758 781 787 826 834 843 847 856 883 922 937 1026 1036 1045 1050 1051 1067 1075 1079 1083
2995 266 268 271 290 299 323 367 392 418 428 467 475 495 498 507 529 540 542 576 577 596 608 629 657 663 672 675 687 725 727 729 760 770 783 786 834 840 934 955 974
2915 253 266 299 323 345 373 391 411 443 447 468 540 552 586 677 681 760 782 784 814 817 860 975 1014 1030 1088 1090 1101 1107 1131 1143 1155 1190 1273 1277 1285 1323 1378 1416 1418
4587 154 155 191 206 217 241 279 295 340 392 437 438 473 489 504 554 555 578 586 693 710 750 760 770 782 784 787 804 817 840 854 889 890 900 942 947 965 975 1011 1028
647 140 152 173 261 346 365 425 519 541 551 552 568 586 587 603 652 661 664 686 755 766 783 801 862 872 882 930 950 952 959 965 973 982 997 1030 1066 1078 1092 1146 1178
1635 155 161 173 235 239 244 249 256 283 306 318 332 351 364 394 400 415 425 461 489 537 540 551 554 573 586 652 671 675 760 777 782 812 844 880 892 909 931 942 944
1562 217 223 224 235 243 266 314 332 403 426 430 437 504 511 519 540 586 760 770 790 812 827 830 898 931 965 988 1098 1108 1146 1171 1191 1206 1277 1279 1316 1343 1362 1426 1429
276 59 61 71 73 86 113 149 187 207 208 213 229 235 278 340 344 345 369 437 448 456 673 713 760 782 787 822 876 895 931 965 988 1011 1014 1059 1090 1107 1144 1155 1156
2583 263 290 332 345 369 391 396 400 403 447 468 489 535 540 551 568 586 629 760 808 816 830 854 965 978 1001 1048 1053 1088 1107 1116 1168 1181 1249 1266 1292 1297 1323 1326 1346
3164 208 229 235 279 299 336 340 341 344 351 357 369 385 391 400 403 428 447 490 504 509 534 540 543 586 615 619 682 711 729 782 864 872 876 895 920 991 1081 1093 1102
3190 228 250 279 299 342 412 415 490 494 502 522 533 565 582 586 666 729 758 786 848 873 879 882 888 922 938 976 1036 1074 1086 1185 1195 1309 1327 1332 1389 1429 1442 1460 1519
3826 208 253 299 323 345 391 411 468 499 508 510 540 561 586 612 728 767 782 860 958 975 1014 1023 1038 1088 1090 1101 1107 1155 1190 1285 1301 1323 1351 1362 1377 1395 1416 1457 1471
4338 361 392 400 436 453 488 554 573 591 614 722 760 762 783 787 846 854 858 861 870 874 876 919 954 955 956 965 985 1019 1093 1114 1129 1144 1174 1181 1198 1240 1283 1339 1349
120 208 235 246 275 304 321 363 384 387 394 401 425 468 487 530 538 540 543 552 573 616 659 661 675 696 759 760 796 852 893 900 944 1010 1021 1040 1093 1140 1154 1180 1252
611 268 384 404 468 504 505 510 540 543 554 573 576 608 614 616 731 760 786 805 807 840 860 942 1012 1046 1074 1088 1107 1136 1193 1294 1299 1344 1403 1485 1490 1493 1501 1512 1536
1843 211 234 253 283 301 405 425 437 495 504 531 586 591 708 777 801 808 826 900 1081 1145 1153 1155 1168 1194 1235 1237 1313 1343 1345 1362 1420 1571 1584 1605 1634 1676 1678 1680 1705
1953 169 181 208 235 253 322 345 354 369 391 414 425 468 486 508 540 583 586 605 681 687 688 694 782 817 830 841 858 860 1030 1053 1088 1090 1107 1146 1187 1190 1323 1378 1416
2212 201 208 235 323 340 351 425 428 431 504 506 557 571 586 619 673 712 731 735 751 771 777 782 794 815 875 919 952 1011 1028 1070 1081 1090 1120 1146 1184 1264 1275 1277 1297
2983 208 266 295 332 345 401 403 425 437 469 495 501 504 576 586 613 661 687 693 725 750 751 772 782 796 819 860 865 917 965 974 989 1008 1011 1042 1055 1092 1115 1194 1224
3470 345 347 366 369 398 429 448 545 558 586 613 640 720 727 733 742 751 766 801 848 894 973 995 1011 1046 1053 1088 1093 1108 1140 1144 1146 1165 1181 1184 1189 1246 1250 1291 1315
3684 203 208 222 235 268 271 279 314 323 354 396 405 415 416 418 425 440 507 540 592 657 756 767 768 817 840 905 921 990 1048 1091 1099 1121 1145 1148 1235 1274 1301 1310 1350
4055 366 375 391 425 431 439 469 507 509 531 540 546 549 560 575 576 681 686 694 726 748 760 819 823 834 837 937 964 1010 1054 1128 1142 1156 1169 1235 1262 1276 1277 1300 1312
21 195 259 271 295 332 369 377 392 404 418 428 510 526 534 555 596 640 672 678 688 727 760 767 786 825 830 851 854 876 895 934 938 958 972 1011 1016 1046 1053 1061 1074
993 165 195 211 256 266 295 299 309 313 391 392 428 495 503 526 529 540 555 560 576 590 599 608 653 672 687 702 760 782 827 856 942 978 1053 1097 1146 1177 1181 1190 1217
1440 131 203 205 229 256 267 299 301 318 341 342 345 354 391 502 504 584 593 605 665 666 677 717 729 748 758 781 843 862 875 883 922 937 1028 1036 1045 1075 1079 1083 1109
1472 259 271 280 392 400 423 426 428 489 491 510 525 535 596 622 649 668 753 770 784 807 823 825 828 831 915 919 942 968 984 993 1048 1050 1116 1138 1177 1181 1213 1299 1362
2916 253 266 345 347 373 437 447 468 495 510 540 552 555 586 608 677 782 895 1008 1014 1030 1046 1053 1088 1101 1107 1155 1190 1273 1277 1285 1303 1323 1362 1416 1429 1545 1571 1575 1576
126 276 290 313 332 367 392 412 419 450 504 507 510 518 539 540 576 605 629 675 687 760 786 840 846 944 965 1027 1051 1061 1088 1114 1146 1299 1385 1396 1403 1480 1503 1511 1528
737 195 201 207 290 295 305 340 345 346 349 351 366 392 439 504 542 543 586 664 736 760 777 818 844 850 952 973 1011 1016 1028 1038 1046 1056 1059 1088 1090 1093 1120 1146 1184
2616 301 315 321 323 350 366 468 504 533 539 554 576 579 582 647 648 689 725 749 768 786 853 867 902 1016 1024 1051 1053 1086 1105 1111 1129 1196 1222 1240 1260 1275 1277 1309 1311
2042 295 301 316 345 347 377 415 466 491 504 542 576 606 727 760 783 786 789 815 920 944 965 994 1011 1046 1061 1093 1154 1174 1228 1240 1308 1309 1315 1344 1405 1527 1682 1699 1751
3468 321 351 353 366 392 456 475 536 571 609 648 681 687 735 753 779 816 854 876 1028 1052 1082 1090 1093 1118 1120 1165 1181 1184 1209 1213 1264 1275 1277 1281 1289 1329 1450 1457 1506