8 1 1 0 1 0 1 0 0 0 0 1 0 0 1 1 1 0 0 0 0 0 1 1 1 0 1 1 0 0 0 1 0 1 0 1 1 0 1 0 1 0 1 1 0 1 1 1 0 1 1 0 1 1 1 0 0 1 0 1 1 0 0 0 0 0 1 1 0 0 1
228 0 0 1 1 0 0 1 0 1 1 0 0 0 1 1 1 1 1 0 0 0 1 1 0 0 0 1 0 0 0 1 0 0 1 1 1 0 0 1 0 1 1 1 1 0 0 1 1 1 1 1 0 1 0 1 0 1 0 0 1 0 0 1 1 0 0 1 1 0 0
407 0 1 1 1 1 0 1 1 1 0 1 0 1 0 0 0 0 1 0 1 0 0 1 0 1 0 1 0 1 1 1 0 0 1 0 0 0 0 0 1 1 0 1 0 1 0 1 0 1 0 1 0 1 1 1 1 0 1 0 1 0 1 1 0 0 0 0 1 0 1
594 1 1 1 1 0 0 0 1 0 0 1 0 1 1 0 0 1 1 1 0 0 1 1 0 1 0 0 1 1 1 1 0 0 0 1 0 0 1 0 1 1 1 1 1 1 0 0 1 0 0 0 1 1 1 0 1 1 0 0 1 0 0 0 0 0 0 1 0 1 0
243 0 1 1 0 1 1 0 0 0 0 1 1 1 0 0 1 1 1 1 1 1 1 1 0 1 0 1 1 1 0 1 0 1 0 1 1 1 1 0 1 1 0 0 1 0 0 0 0 0 1 0 0 0 0 1 0 1 0 0 1 0 0 0 1 1 0 0 0 1 0
1272 0 0 0 1 0 0 1 0 1 0 0 1 1 1 1 0 1 1 0 0 0 1 0 0 0 0 0 1 1 0 1 1 1 1 0 0 1 1 1 1 0 1 0 1 0 1 0 0 0 1 1 1 0 0 1 0 1 0 0 1 1 1 1 1 1 0 0 1 0 0
281 0 0 0 0 1 0 0 0 1 1 0 0 1 0 0 1 0 1 1 1 0 0 1 0 1 1 1 1 0 1 0 0 0 0 1 0 0 0 0 1 0 0 1 1 0 0 0 1 0 1 1 1 1 0 0 1 1 1 1 0 1 1 1 1 1 1 1 0 1 0
504 0 1 0 1 1 0 0 1 0 0 0 1 0 1 0 1 0 1 0 0 0 0 0 0 1 0 0 0 0 0 1 1 1 1 1 1 1 1 1 1 0 1 1 1 0 0 1 0 0 0 1 1 0 0 1 0 1 0 0 0 1 1 1 1 1 1 1 0 1 0
64 1 0 0 0 1 1 0 0 0 0 1 1 1 1 1 1 1 1 1 1 0 1 1 1 1 1 1 0 1 1 0 0 0 1 1 0 0 0 0 0 0 0 1 0 0 1 1 1 1 0 0 1 0 1 0 1 0 0 0 1 0 1 0 0 0 0 1 0 1 0
1289 0 0 0 1 0 1 0 1 1 1 1 0 1 0 1 1 1 0 0 1 1 1 0 1 1 1 1 0 1 0 1 0 0 1 0 0 0 0 1 1 0 1 0 1 1 1 0 0 0 0 0 0 1 1 0 1 1 0 0 1 0 0 0 0 0 1 1 1 1 0
202 1 0 0 0 0 1 1 1 1 0 1 1 0 0 1 0 1 1 1 1 1 1 1 0 0 1 0 1 0 1 0 1 1 1 0 0 1 0 0 0 0 0 1 0 1 1 0 1 0 0 0 0 0 0 0 1 1 0 1 0 0 1 0 1 1 0 1 0 1 1
388 1 1 1 0 0 0 1 0 0 0 0 0 0 1 0 1 0 1 1 1 0 0 1 1 0 1 0 0 1 0 1 0 0 1 1 1 0 0 0 1 0 1 0 0 0 1 0 1 1 1 0 0 1 0 1 1 1 1 1 0 1 0 1 0 1 0 1 1 0 1
1018 0 0 0 1 0 1 0 0 1 1 1 1 0 0 1 0 1 1 0 0 0 0 0 1 1 0 1 0 1 0 1 1 1 0 0 1 0 0 1 0 1 1 1 0 1 1 0 1 0 0 0 0 1 0 1 0 1 1 0 1 1 1 0 0 1 0 1 0 1 1
643 0 0 0 0 1 1 0 1 0 1 0 0 0 1 1 1 0 1 0 1 0 0 1 1 1 1 0 0 1 0 0 1 0 1 1 0 1 0 0 0 1 1 0 0 0 1 1 0 0 1 0 0 0 0 1 1 0 1 1 0 1 1 1 1 1 1 1 0 1 0
1136 0 0 1 0 1 1 0 0 1 1 0 0 1 0 1 0 1 0 0 0 1 1 0 0 0 1 1 0 0 1 0 0 1 1 1 1 1 0 0 0 0 0 1 0 1 0 1 1 1 0 1 1 1 0 0 0 1 0 1 1 0 1 0 1 0 1 1 1 0 1
32 0 0 1 0 1 1 1 0 1 1 0 1 1 0 0 0 1 1 1 0 1 0 1 1 0 1 0 1 0 0 0 1 1 0 0 0 1 1 0 1 0 0 0 1 1 0 1 1 0 1 1 0 1 0 0 1 1 0 0 1 1 0 0 1 0 1 1 0 0 0
900 0 0 0 1 1 1 0 0 1 1 0 1 1 0 0 1 1 1 1 0 1 0 0 0 0 0 0 1 1 0 1 0 1 1 1 1 1 0 0 1 1 0 0 0 0 1 0 0 1 0 1 1 1 1 0 1 0 1 0 0 0 0 1 1 0 0 1 1 0 1
1315 0 1 0 1 0 1 1 1 0 1 0 1 0 1 0 1 1 0 1 0 0 0 0 0 1 1 0 0 0 1 1 0 1 0 1 1 1 0 1 1 1 1 0 0 0 0 0 1 0 1 1 0 0 1 1 0 0 1 1 1 1 0 1 1 0 0 0 1 0 0
2332 0 1 1 1 1 1 0 0 0 1 1 0 1 0 0 1 0 1 0 1 0 0 0 0 1 1 1 0 0 0 1 1 0 1 0 1 1 0 1 0 1 1 0 1 0 1 1 0 0 1 1 1 0 0 1 1 1 0 1 1 1 0 0 0 0 1 0 0 0 0
799 0 1 0 1 0 0 0 0 1 1 1 0 0 1 0 0 1 0 0 1 1 1 0 1 0 1 1 0 1 1 0 1 0 1 1 0 0 1 1 1 0 1 0 1 0 1 0 0 0 1 1 1 1 1 0 0 1 0 0 1 0 0 0 0 0 0 1 1 1 1
177 0 1 0 1 1 1 0 0 0 1 1 0 0 0 1 1 1 0 1 0 1 0 0 0 1 1 0 1 0 0 0 1 0 1 1 1 0 1 1 0 0 1 1 0 1 1 1 0 0 0 0 1 0 1 0 1 0 1 0 1 0 0 0 1 0 1 1 0 1 1
2156 0 1 0 0 1 1 0 0 1 1 0 1 1 0 1 0 0 0 1 0 0 1 1 0 1 1 0 1 0 0 1 1 1 0 1 1 1 0 0 0 0 1 1 1 1 0 0 0 0 0 0 1 1 1 0 0 1 1 0 0 0 1 0 1 1 0 1 1 1 0
297 0 0 0 1 0 1 1 1 0 1 0 1 0 0 0 0 1 1 0 1 1 1 0 1 1 0 0 0 1 0 0 1 1 0 0 0 1 1 0 0 1 0 1 1 0 1 0 1 1 0 1 1 1 0 1 1 1 0 0 0 0 0 0 0 0 1 1 1 1 1
74 0 1 0 1 1 1 0 1 0 1 0 0 0 1 0 1 0 1 0 0 0 1 0 0 1 0 1 1 0 1 1 0 1 1 0 0 1 0 1 0 1 1 0 1 1 0 0 1 1 1 0 1 1 1 1 0 1 0 1 0 0 0 1 0 1 0 1 0 0 0
1640 0 0 0 0 1 0 0 0 1 0 0 0 0 0 1 0 0 1 0 0 1 1 1 0 1 1 0 1 0 1 0 1 1 1 1 1 1 1 0 0 1 0 1 1 1 1 0 1 0 0 0 0 1 1 0 1 1 1 1 1 0 1 0 1 1 0 0 1 0 0
595 1 1 1 0 1 0 1 0 0 1 0 1 0 1 1 0 0 0 0 1 1 1 1 1 0 1 1 0 0 0 1 0 0 0 1 0 1 0 1 0 0 0 1 0 0 1 1 1 0 1 1 0 0 0 1 0 1 0 0 1 0 0 1 1 1 1 1 1 0 0
3453 1 0 1 0 1 1 1 1 0 1 1 0 0 1 1 0 0 0 1 0 0 1 0 0 0 0 1 1 0 1 0 0 1 0 1 1 1 0 1 0 1 0 0 0 1 1 0 0 1 1 0 1 0 1 1 1 0 1 1 0 1 1 0 0 0 0 1 0 0 1
259 1 0 1 1 1 1 0 1 1 0 0 1 1 0 1 0 0 1 0 0 0 0 0 0 1 1 1 1 0 0 1 1 1 1 0 0 0 1 0 0 0 1 1 1 0 1 0 1 1 1 1 0 0 0 1 1 0 0 0 0 0 0 0 0 0 1 1 1 1 1
132 1 1 0 0 0 1 1 1 1 1 0 1 1 0 0 0 0 1 1 1 1 0 1 1 0 1 0 1 1 0 0 1 0 0 1 0 1 0 0 1 0 0 0 0 0 1 1 1 1 1 1 0 1 0 0 0 0 1 0 0 1 1 0 1 1 1 0 0 0 0
734 0 1 1 1 0 1 1 1 1 0 0 1 0 1 0 1 1 1 1 0 1 1 1 1 1 1 0 1 0 1 1 1 0 0 0 0 0 1 1 1 0 1 1 0 0 0 0 0 1 0 0 1 1 0 0 0 1 0 0 0 1 0 0 0 0 0 1 0 0 1
1888 0 0 1 1 0 1 1 1 0 0 0 0 0 0 0 0 1 1 1 0 1 1 1 1 0 0 0 0 1 1 1 1 0 0 1 1 0 0 1 1 1 0 1 0 1 1 1 0 1 0 1 1 0 1 0 1 1 1 1 0 0 1 1 0 0 0 0 0 0 0
1519 1 1 0 1 1 1 1 1 0 1 1 0 0 1 0 0 1 1 0 1 0 0 0 1 1 1 1 1 1 1 0 1 1 0 1 0 1 0 0 0 0 1 1 0 0 0 1 0 1 0 0 1 0 1 0 1 0 1 0 0 1 0 0 0 1 0 0 0 1 0
2610 1 0 0 1 1 0 1 0 0 0 0 0 0 0 0 1 0 0 1 0 1 1 1 0 0 0 0 0 1 1 1 0 1 1 1 1 1 0 1 1 1 1 0 1 1 1 1 1 0 0 0 0 0 0 1 0 0 0 1 1 1 1 1 0 1 0 1 0 1 0
289 0 1 0 0 0 1 1 0 0 0 0 1 1 0 0 0 0 1 0 0 1 0 0 1 1 0 0 0 0 0 1 0 1 1 0 0 1 1 0 1 1 1 1 1 0 0 1 0 1 1 0 0 1 0 1 0 0 1 1 1 1 1 1 1 1 1 0 0 1 1
753 1 0 1 0 0 1 0 0 1 0 1 1 1 1 0 0 0 1 1 1 1 1 0 0 1 1 1 0 0 0 0 1 1 0 1 0 0 0 0 1 0 1 1 0 1 0 0 0 0 0 0 1 1 0 0 0 0 1 1 0 1 1 1 0 1 1 1 1 1 0
56 0 1 0 1 1 0 1 1 1 1 1 0 1 1 1 1 1 0 0 0 0 0 0 1 0 0 1 1 0 0 1 1 0 1 0 1 1 0 1 1 0 0 0 1 0 0 0 0 0 0 1 0 1 0 1 0 1 0 1 0 1 0 1 1 0 1 1 0 1 0
536 0 1 0 1 1 0 0 0 0 1 1 0 1 1 0 0 1 0 0 0 0 0 0 1 0 1 1 0 0 0 1 1 1 0 1 1 1 0 1 0 0 1 1 1 0 1 1 0 1 1 0 1 0 1 0 0 0 1 1 1 1 0 1 1 1 0 0 1 0 0
2597 0 1 1 0 0 0 0 1 0 1 0 1 1 1 0 0 1 0 1 0 0 0 1 1 0 1 1 0 1 0 0 1 0 1 1 1 1 0 1 1 1 0 1 0 0 0 1 0 0 1 1 1 0 1 1 1 0 0 0 1 0 1 0 1 0 0 1 0 0 1
329 0 1 0 1 0 0 0 1 0 1 0 1 1 1 1 1 1 1 1 1 1 1 0 0 1 1 0 0 0 1 1 0 0 0 1 1 0 0 1 1 0 1 1 0 0 1 1 1 0 0 0 0 1 1 0 0 0 0 1 1 0 1 0 1 0 0 0 0 1 0
4 1 1 1 0 1 0 1 0 1 1 1 1 0 0 0 0 0 0 0 0 0 1 0 0 1 1 0 0 0 1 0 1 1 0 0 1 1 0 0 0 1 0 1 1 1 1 0 1 0 1 1 1 1 1 1 0 1 0 1 0 0 0 0 0 1 0 1 1 1 0
14 0 0 1 0 0 1 1 0 1 1 1 1 1 1 0 0 0 1 1 0 0 1 1 0 1 1 1 1 1 1 0 1 0 0 1 0 0 0 1 0 0 0 1 0 0 1 1 1 1 1 0 1 1 0 1 0 0 0 0 0 1 0 0 0 1 0 0 1 0 1
707 1 0 1 1 1 1 1 1 1 1 1 1 1 0 0 0 0 1 0 0 0 0 0 0 1 1 1 1 1 0 1 1 1 1 0 0 1 0 0 0 0 1 0 0 0 0 0 0 0 1 0 1 0 0 1 1 0 1 1 1 0 1 1 0 1 0 1 0 0 0
744 1 1 1 0 0 0 1 1 1 0 0 1 1 1 0 1 0 0 0 1 0 1 1 0 1 0 0 0 0 0 1 1 0 1 0 1 1 0 1 1 0 0 0 1 0 0 1 1 0 0 0 0 1 1 1 1 0 0 1 1 1 1 0 1 0 1 1 0 0 0
997 1 0 1 0 0 0 0 1 1 1 0 0 1 0 1 0 1 1 0 1 1 0 1 0 1 0 0 0 1 1 1 1 1 1 1 0 1 0 0 0 1 0 1 1 0 1 1 0 1 1 0 0 0 1 1 1 1 0 0 0 0 0 0 0 1 0 0 1 1 0
642 1 1 0 0 1 1 0 0 0 0 1 1 1 1 0 0 1 1 0 1 1 1 0 0 1 0 0 1 1 1 1 0 1 0 0 0 1 1 0 0 0 1 0 0 0 1 0 1 1 0 1 0 1 0 0 0 0 1 0 0 0 1 0 1 0 1 1 1 1 1
727 1 1 1 0 1 1 1 1 0 0 1 0 1 1 1 0 0 1 0 1 0 0 0 0 0 1 1 1 0 0 0 1 0 1 0 0 0 0 0 1 0 0 0 1 1 1 0 1 1 0 1 1 0 1 1 0 0 1 0 1 1 1 0 1 0 0 1 0 1 0
1199 0 0 0 0 1 1 0 0 1 1 0 0 1 1 0 1 0 0 0 1 1 1 1 1 0 1 1 1 0 0 0 1 1 0 1 0 1 0 1 1 0 0 1 1 1 0 0 0 0 0 1 0 1 1 0 0 0 1 1 1 0 0 1 1 1 1 0 1 0 0
389 0 1 1 1 0 1 0 0 0 0 0 0 0 1 1 0 1 0 1 1 1 0 0 1 0 0 1 0 1 1 1 1 0 1 1 0 0 1 1 1 1 0 0 0 1 0 1 0 0 1 1 1 0 0 1 1 1 1 0 0 1 0 0 1 0 0 1 0 0 1
1657 1 0 1 0 1 0 1 0 1 0 0 0 1 0 1 0 1 1 0 1 1 1 1 0 1 0 1 0 0 1 0 1 1 0 0 0 1 1 0 0 1 0 0 0 1 0 1 1 1 0 0 1 0 0 0 0 0 1 1 0 1 1 1 1 1 1 0 0 1 0
2046 0 1 0 1 1 0 0 0 0 0 1 0 1 0 0 0 1 1 0 1 1 0 1 0 0 1 1 1 0 0 1 0 1 0 0 1 1 0 0 1 1 0 1 1 0 0 1 1 1 0 0 0 1 1 0 1 0 1 1 0 1 1 0 1 1 0 0 1 1 0
1269 1 0 1 0 1 0 0 0 1 1 1 1 0 0 1 0 1 1 0 0 0 1 1 1 0 1 0 0 1 0 1 0 0 1 1 1 0 0 0 1 0 1 1 1 0 1 0 0 0 1 0 1 0 0 1 1 1 0 0 1 1 1 0 1 1 0 1 0 0 0
44 1 0 0 0 1 0 1 0 1 0 1 0 0 0 0 0 1 1 1 0 1 1 0 1 0 0 0 1 1 1 0 0 1 1 1 0 0 1 0 1 0 0 1 0 0 0 1 1 1 1 1 1 1 0 1 1 1 0 0 0 0 1 0 1 0 0 1 0 1 1
227 1 0 0 0 0 1 1 0 0 1 1 0 0 1 1 1 1 0 1 1 0 1 1 1 1 1 1 0 0 0 0 0 0 0 1 1 0 1 1 1 1 0 0 0 1 0 1 0 1 0 0 0 1 0 1 1 0 0 0 1 0 0 1 1 0 0 0 1 1 1
967 0 0 1 1 0 0 1 1 1 1 1 0 1 0 1 0 0 0 0 1 1 0 1 0 0 1 0 0 1 0 0 1 0 0 0 1 1 0 1 0 0 1 1 1 0 0 1 0 0 1 1 0 1 1 0 1 1 0 1 0 0 1 1 1 1 0 0 0 1 1
1268 0 0 0 1 0 1 1 1 1 1 0 1 0 0 0 0 0 0 1 0 0 1 0 0 1 1 0 0 1 1 0 1 1 0 0 1 0 0 1 0 0 1 1 1 0 0 1 0 1 0 1 0 1 0 1 1 0 1 0 1 1 1 1 0 1 1 1 0 1 0
25 1 1 0 1 1 1 1 0 1 1 1 1 0 0 1 0 1 0 1 0 1 1 1 1 1 0 0 0 1 0 1 0 1 0 0 1 1 0 1 0 0 0 1 0 1 0 1 1 1 0 0 1 1 0 0 0 1 0 0 0 1 0 0 0 0 0 0 1 1 0
2470 0 0 1 0 0 1 0 1 1 0 1 1 1 1 0 0 0 1 1 1 1 1 0 1 1 0 0 0 0 0 0 1 0 0 1 0 1 0 1 0 0 0 1 0 1 1 0 0 1 1 0 1 1 1 1 1 0 1 0 0 0 0 1 1 1 0 1 0 1 0
2658 0 1 0 0 0 1 1 1 1 1 1 0 1 0 1 0 0 1 0 1 0 1 0 1 1 1 1 1 1 0 0 0 1 0 0 0 0 1 1 0 1 1 0 0 1 1 0 1 0 0 0 0 0 0 1 1 1 0 1 0 1 1 0 0 0 1 1 0 1 0
144 0 0 1 0 1 1 1 1 1 0 0 1 1 0 1 1 0 1 1 0 0 1 0 1 1 1 0 0 1 1 1 0 0 0 1 1 1 1 0 1 0 0 0 0 0 0 1 1 0 0 0 0 1 0 1 0 0 0 1 0 1 1 1 1 1 0 0 1 0 0
455 1 1 1 1 1 0 1 1 1 1 0 0 0 0 0 0 1 0 1 1 0 0 0 0 0 0 0 1 0 0 1 1 1 0 0 0 0 0 1 1 1 1 0 0 1 0 0 0 0 0 0 1 1 1 0 0 1 1 1 0 1 1 0 1 1 1 1 0 1 1
575 0 0 0 1 0 0 1 1 1 0 0 1 1 0 1 0 1 1 0 1 1 0 0 1 1 1 0 0 0 0 1 1 1 1 0 0 1 0 1 0 1 0 1 1 0 0 1 0 0 0 0 0 1 0 0 1 0 1 1 0 1 1 1 0 1 1 1 1 0 0
1932 0 1 1 1 0 1 1 0 1 0 1 1 1 1 0 1 0 1 0 1 1 1 1 0 0 1 1 0 0 0 1 0 0 0 0 0 1 0 1 1 0 1 1 1 1 1 1 1 0 0 0 0 0 0 0 1 1 0 0 0 1 0 0 1 1 0 0 1 0 0
912 1 0 1 1 1 1 1 1 1 0 1 0 1 0 0 1 0 1 0 0 0 1 1 1 0 1 0 0 0 0 0 1 1 1 0 1 0 0 1 1 1 1 1 0 1 0 0 0 1 0 0 0 0 1 1 0 0 1 0 0 0 0 1 0 1 1 0 1 0 1
1630 1 1 0 1 1 1 0 0 1 0 1 0 1 1 0 0 1 0 0 0 0 0 1 1 1 0 1 1 0 1 0 1 0 1 1 0 0 1 0 0 1 1 0 1 0 0 1 0 1 1 1 0 0 0 0 1 0 0 0 0 0 1 0 1 1 1 1 1 1 0
374 0 0 1 0 0 0 1 1 1 1 0 0 1 0 0 0 1 0 1 1 0 1 1 0 0 0 1 1 0 0 1 0 0 0 1 0 1 1 0 1 0 0 1 0 0 0 1 1 1 0 1 0 1 1 1 0 1 1 1 1 1 1 0 1 0 0 0 0 1 1
1714 0 0 1 0 1 0 0 0 0 0 1 1 1 0 0 0 0 1 1 1 0 0 1 0 0 1 1 1 0 0 1 1 1 0 1 1 0 1 1 1 0 1 1 0 1 1 0 1 1 0 0 0 1 1 1 1 1 1 0 0 0 1 1 0 1 0 0 0 0 0
1867 0 0 1 0 0 0 1 0 1 0 1 1 1 0 0 1 1 0 0 0 0 0 1 0 0 0 0 1 0 1 0 1 0 1 0 0 1 1 1 1 1 1 1 1 1 1 1 1 1 0 0 0 0 0 0 1 0 1 1 1 1 0 0 1 1 0 0 1 0 1
1169 0 0 1 1 1 1 0 1 0 1 1 1 1 1 1 0 1 0 0 0 1 1 1 0 1 0 0 0 0 0 1 0 0 0 0 1 1 1 1 0 0 0 0 1 0 0 1 1 1 0 0 1 0 0 1 0 1 0 1 1 0 1 1 0 1 1 0 0 1 0
2087 1 1 0 1 1 1 1 0 1 1 1 1 0 0 1 0 1 0 1 0 1 0 1 0 0 1 1 1 0 1 0 0 1 1 0 1 0 0 0 0 0 0 0 0 1 0 1 0 0 0 0 1 1 0 0 0 0 1 1 1 0 1 0 1 1 0 1 1 1 0
631 1 1 1 1 1 1 1 1 0 0 0 0 1 0 1 1 1 0 0 0 1 0 0 0 1 0 0 1 0 1 0 1 1 0 0 1 1 0 1 0 0 1 1 0 1 0 1 0 1 0 1 0 1 1 1 0 0 0 1 1 0 1 0 0 0 1 1 0 0 0
229 1 0 1 0 0 1 1 1 0 0 1 1 0 1 1 1 1 1 0 1 0 1 1 0 0 0 0 0 0 0 1 0 1 1 1 0 1 1 0 1 1 0 1 0 1 0 1 0 1 0 0 0 0 1 0 1 0 1 0 0 1 0 1 0 1 1 0 1 0 0
765 1 1 0 0 1 0 0 1 1 0 1 0 1 0 0 1 0 0 0 1 1 0 1 0 1 0 1 0 0 0 1 1 0 0 0 0 1 0 1 1 1 0 1 1 1 0 0 0 1 1 1 0 1 1 0 0 0 1 0 0 1 0 1 0 1 1 0 1 1 1
1290 0 1 1 0 1 0 1 0 0 1 1 1 1 0 1 1 0 1 0 0 0 1 0 0 0 0 1 1 0 0 1 0 0 1 1 0 1 0 0 1 1 1 0 0 1 1 0 1 1 0 0 1 0 1 0 1 1 0 0 1 1 1 0 0 0 0 0 1 1 1
1295 1 1 0 1 0 1 1 0 1 1 0 0 0 1 0 0 0 0 1 1 0 0 0 0 1 0 1 1 0 1 1 0 0 1 0 0 0 0 0 0 0 1 0 0 1 1 0 0 1 0 1 1 1 1 1 1 1 0 0 1 1 1 1 0 0 1 1 0 1 1
3632 0 0 0 1 1 0 0 1 0 1 0 0 0 1 1 1 1 0 1 0 1 1 1 1 0 1 1 1 0 0 0 0 1 1 0 0 0 1 1 1 1 1 1 1 1 1 0 0 1 0 1 1 0 1 0 1 0 0 0 0 0 0 1 0 1 0 0 0 1 0
948 0 1 0 1 0 0 0 0 0 1 0 1 0 0 1 1 0 0 0 1 1 1 1 1 1 1 0 1 1 1 0 1 0 0 0 1 1 1 1 0 1 0 1 0 1 1 0 0 0 0 0 1 0 1 1 1 1 0 1 0 1 0 0 1 0 0 0 1 0 1
2755 1 0 0 0 1 1 0 0 1 0 0 0 1 0 1 0 1 1 1 0 1 0 1 0 1 0 1 0 1 1 0 1 0 1 0 1 0 1 0 1 0 0 0 1 1 0 1 0 1 1 1 1 1 0 1 1 1 0 0 1 1 1 0 0 0 0 1 0 0 0
1052 0 1 1 0 0 1 1 1 0 0 0 0 0 0 1 0 0 1 1 0 0 0 0 0 0 1 1 1 1 0 1 0 0 0 1 0 0 1 1 1 1 1 1 1 0 1 0 0 1 0 1 0 1 0 0 1 1 0 1 0 1 1 1 1 0 1 0 1 1 0
1457 1 0 0 0 0 0 1 1 1 1 1 0 1 0 0 0 0 1 0 1 1 1 1 1 1 1 0 0 0 1 0 0 1 0 0 0 1 1 0 0 1 1 0 1 0 1 0 0 1 0 0 0 1 1 1 0 0 0 0 0 1 1 1 1 1 0 0 1 1 1
10 1 1 1 1 0 0 1 0 1 0 0 0 1 1 1 1 0 1 1 1 0 0 1 0 1 1 1 1 1 1 0 1 0 0 1 0 1 1 0 0 0 0 0 0 0 1 0 1 0 0 1 1 1 0 0 0 0 1 1 0 1 0 0 1 1 0 0 0 0 1
2491 0 0 1 0 1 0 0 0 0 1 1 1 0 1 1 1 1 1 1 1 1 0 0 1 0 1 0 1 0 1 0 0 1 1 0 0 0 0 1 1 0 1 0 0 0 0 1 1 0 0 0 0 0 0 1 1 1 1 0 1 1 1 0 1 1 1 0 1 0 0
938 0 1 0 1 0 1 0 1 1 1 0 1 1 0 1 1 0 0 1 1 0 0 0 1 1 1 0 0 1 1 1 1 1 1 0 1 1 1 1 0 0 1 0 0 0 1 1 0 0 0 0 0 0 1 1 1 0 0 0 1 1 0 1 1 0 0 0 0 0 0
2438 0 1 1 1 0 1 1 1 0 1 1 1 1 0 1 0 1 1 0 1 0 0 0 0 0 1 0 0 0 0 0 1 1 0 1 0 1 0 0 0 0 0 1 0 1 1 1 1 1 1 0 0 1 1 0 1 0 0 1 0 0 0 1 0 1 1 0 1 1 0
2519 0 1 0 0 1 1 1 0 0 0 1 1 1 1 1 1 0 1 0 0 0 0 0 0 0 1 1 0 1 0 0 0 1 1 0 0 1 0 0 1 0 1 1 1 0 1 1 1 0 1 1 1 0 0 1 0 1 1 1 0 0 0 0 0 1 0 0 1 1 1
994 0 1 0 0 0 1 1 0 1 0 1 1 1 1 0 0 0 1 1 0 0 1 0 1 1 0 0 0 1 1 1 1 1 0 1 0 0 0 0 0 0 1 1 1 0 1 0 1 0 1 1 1 0 0 0 1 0 1 1 0 1 1 1 0 0 0 1 0 0 1
949 0 1 1 0 1 0 1 1 1 1 1 1 0 0 0 0 1 1 0 1 1 1 0 0 1 0 0 1 0 0 0 1 0 1 0 0 1 0 1 0 0 1 1 0 1 0 1 1 1 1 0 0 1 0 1 1 1 1 0 1 1 0 0 0 0 1 0 0 0 0
2022 1 1 1 1 1 1 1 0 1 0 1 1 0 0 0 0 0 0 1 0 1 1 1 1 0 0 1 1 0 1 1 0 0 1 0 0 0 0 1 1 1 0 0 1 0 0 0 1 1 0 0 0 0 1 1 1 0 1 0 0 0 0 1 1 0 1 1 0 1 0
360 1 0 0 1 1 0 0 0 0 0 0 0 0 0 1 0 1 0 0 1 0 0 1 1 0 1 0 0 1 1 0 1 1 0 1 1 1 0 0 1 0 0 1 0 1 0 1 1 0 1 1 0 0 1 1 1 0 1 1 1 1 0 1 1 1 1 0 0 0 1
790 0 1 1 0 0 0 0 0 1 0 0 0 1 0 0 1 1 1 1 0 0 0 1 1 0 0 1 1 0 0 1 1 1 1 0 1 0 1 1 0 1 1 1 0 0 1 0 0 1 0 1 1 0 1 0 0 0 0 1 0 1 1 0 1 0 0 1 1 1 1
2640 1 0 0 0 0 1 1 1 0 0 1 0 0 1 1 0 1 1 1 0 1 1 0 1 0 0 0 1 1 0 1 0 0 0 0 1 1 1 0 1 1 1 1 0 1 0 1 0 1 1 0 1 1 0 0 1 1 0 0 0 0 0 1 0 0 0 1 1 1 0
1239 1 0 1 0 1 1 0 0 0 1 1 0 0 0 0 0 0 1 1 0 0 0 0 0 1 1 0 1 1 1 0 1 1 0 1 1 1 1 0 0 0 1 1 1 1 0 1 1 0 0 1 0 1 1 0 1 1 0 0 0 0 1 0 0 0 1 1 1 1 0
2218 0 1 1 1 0 1 1 0 1 1 0 0 1 1 1 0 1 0 1 1 1 1 0 0 0 0 0 0 0 1 0 1 1 1 1 0 1 1 1 1 0 0 1 1 1 0 0 0 0 0 0 0 0 0 1 0 0 0 0 0 0 1 0 1 1 1 1 1 1 0
1426 0 0 1 1 1 1 0 1 0 1 0 1 1 0 1 1 0 0 1 1 1 0 0 0 1 1 0 1 0 1 0 1 0 1 0 1 0 0 0 0 1 1 0 0 0 0 1 1 0 0 0 0 0 0 1 1 1 1 1 0 0 0 1 1 1 1 0 0 1 1
1504 0 0 1 0 1 1 1 1 1 0 1 1 1 0 1 0 0 1 0 0 0 0 0 1 1 1 0 0 1 1 1 0 0 0 0 1 0 0 1 1 1 1 1 0 0 0 0 1 0 1 1 1 1 0 1 0 1 0 1 1 0 1 1 0 0 0 1 0 0 0
109 1 0 1 0 1 0 0 0 0 1 0 1 1 1 0 0 1 1 1 0 0 1 0 1 1 1 1 1 1 0 0 0 1 1 1 0 1 1 0 0 1 0 1 0 1 0 1 1 1 0 0 0 0 1 0 0 0 0 0 1 1 1 1 1 0 0 1 0 0 0
192 0 1 0 1 1 1 1 0 1 0 1 1 0 0 1 1 0 1 0 1 0 0 0 1 1 0 1 1 0 1 1 0 1 1 0 1 1 0 1 0 0 1 0 1 0 1 0 0 0 1 0 1 0 1 0 0 0 1 0 1 1 1 1 0 1 0 0 0 0 0
256 0 1 1 1 0 1 1 0 0 1 0 0 0 0 0 1 1 1 1 0 1 1 0 0 1 1 1 1 0 0 1 0 0 0 1 0 1 0 0 0 1 0 1 0 0 1 0 1 1 0 0 0 1 1 0 1 0 1 0 1 0 1 1 1 1 1 0 1 0 0
1965 0 0 1 0 0 1 1 0 0 0 1 1 0 0 1 0 0 1 1 0 1 0 1 1 1 0 0 0 1 0 0 1 0 1 0 1 0 0 0 1 0 1 0 0 1 0 1 1 1 1 1 0 0 0 1 0 1 0 1 0 1 0 1 1 1 1 1 0 1 1
266 1 1 0 0 0 0 0 1 0 1 1 0 1 1 1 1 1 1 1 1 0 0 0 1 0 1 0 0 1 1 1 0 0 0 1 0 1 0 0 1 1 0 0 1 0 0 0 0 0 0 1 0 1 0 1 0 1 0 1 1 1 1 0 0 1 0 1 1 0 1
446 1 1 0 1 0 1 1 1 1 0 1 1 0 0 0 1 0 0 1 0 0 0 0 0 1 0 0 1 1 1 0 1 1 0 0 1 0 1 1 0 1 0 1 0 0 1 0 1 0 0 0 1 1 1 0 1 0 1 0 0 1 1 0 1 0 1 0 1 1 0
2184 1 1 1 0 0 0 0 0 0 1 0 0 1 0 1 1 1 1 1 0 0 0 1 1 0 1 0 0 1 1 0 1 1 0 0 1 0 0 0 1 1 1 1 0 0 0 0 1 0 1 0 0 1 0 1 1 0 0 1 1 1 0 1 0 1 0 1 1 1 0
2233 1 0 1 1 0 1 1 0 1 0 1 0 0 0 0 1 1 1 0 0 1 1 0 1 1 1 0 0 0 1 1 1 1 0 1 1 1 1 1 0 0 1 0 1 0 0 0 1 1 0 0 1 0 0 1 0 0 1 0 0 1 1 0 0 0 0 0 1 1 0
1011 1 1 0 1 1 1 0 1 0 0 1 1 1 0 1 1 0 1 0 0 0 0 1 0 1 1 1 0 0 0 0 1 1 0 1 0 1 0 1 0 0 1 1 0 0 0 1 0 0 1 1 1 1 1 0 0 0 0 0 1 0 1 0 0 1 1 0 1 0 1
2217 1 1 1 1 0 1 1 1 0 0 1 0 0 1 1 1 0 0 1 0 0 1 0 1 1 1 1 0 1 1 0 0 1 0 1 1 0 1 1 0 1 1 0 1 0 1 1 0 0 1 0 0 0 1 0 0 0 1 1 0 0 1 0 0 0 0 0 1 0 0
2746 1 1 1 1 1 1 0 1 1 1 0 0 0 1 0 0 1 1 0 1 1 0 0 1 1 1 1 1 0 1 0 1 0 0 1 1 0 1 0 0 0 1 0 1 0 1 0 1 0 1 0 0 1 0 0 0 1 1 0 0 1 0 0 0 0 0 0 0 1 1
819 0 0 1 0 0 1 0 0 0 0 0 1 0 1 0 1 0 0 1 1 1 0 1 1 0 1 1 1 1 1 0 0 1 1 1 0 0 1 0 0 0 0 0 1 0 0 1 1 1 1 0 1 1 1 0 1 1 0 1 1 1 0 0 0 1 0 1 0 0 1
1034 1 0 0 0 0 1 1 1 0 0 0 1 0 1 1 1 1 1 1 1 1 0 0 1 1 1 1 1 0 0 0 1 0 0 0 1 1 0 0 0 1 0 1 1 0 0 0 1 0 1 1 1 0 0 1 0 0 0 0 0 0 1 1 1 1 0 0 1 1 0
1570 0 0 1 1 1 1 0 0 0 1 0 1 0 1 0 1 0 1 0 0 0 0 0 1 1 1 0 1 1 0 0 1 1 1 1 1 0 1 0 1 1 0 0 1 0 1 1 0 0 1 0 0 1 1 1 0 1 0 0 0 1 0 1 0 0 1 0 1 1 0
2534 0 1 0 1 1 0 1 0 1 0 1 0 1 1 1 0 0 1 1 1 0 1 1 0 1 0 0 0 1 0 0 1 1 1 1 1 1 1 0 1 1 1 0 1 0 0 1 1 0 0 1 1 0 0 0 0 0 1 0 0 0 0 1 0 0 0 0 1 0 1
3640 1 0 1 0 1 0 1 1 1 1 0 1 1 0 1 0 0 1 0 0 0 1 1 1 1 0 0 0 1 1 1 1 1 1 0 1 0 1 0 0 0 0 0 1 0 0 0 1 1 0 1 0 1 0 1 0 0 1 1 0 1 0 0 0 0 0 1 1 1 0
648 1 0 1 1 0 1 0 0 1 0 1 0 1 1 1 0 1 0 1 0 0 0 0 0 1 0 0 0 0 1 1 0 1 0 0 1 0 1 0 1 0 0 1 1 0 1 1 0 0 1 1 0 0 1 1 1 0 0 0 1 1 1 0 0 1 1 1 1 1 0
1439 0 1 0 0 0 1 1 1 1 0 1 0 1 1 1 0 1 1 1 1 1 1 0 0 0 1 0 1 0 0 0 0 1 0 0 0 0 1 0 0 0 0 1 1 0 1 1 0 1 0 1 1 1 0 0 0 0 0 1 1 1 1 1 0 1 0 0 1 0 1
610 1 0 1 1 1 1 0 0 0 1 1 0 1 0 1 1 0 0 1 0 1 0 1 1 0 1 0 0 0 0 1 1 1 1 0 0 0 1 1 1 0 1 0 0 1 0 0 1 0 1 1 1 0 0 1 1 0 0 0 1 0 1 1 0 0 1 0 0 1 0
1464 1 1 1 1 1 1 0 1 0 1 0 1 0 1 0 0 1 1 0 0 0 0 1 1 1 0 0 0 1 0 1 1 0 1 0 0 0 0 0 0 1 1 1 0 0 0 1 1 1 0 1 0 1 1 1 0 1 0 1 0 0 1 0 1 0 1 0 1 0 0
253 1 0 1 0 0 1 0 0 1 0 1 1 0 1 1 1 1 0 1 0 0 0 0 1 1 0 1 1 1 0 1 1 0 1 1 0 0 1 1 1 1 0 0 0 0 0 0 0 1 1 0 0 1 0 1 1 1 0 0 1 1 0 1 1 0 0 0 0 1 0
1065 1 0 0 0 0 0 1 0 1 0 1 0 1 0 0 1 1 0 1 0 1 0 0 0 1 0 1 1 1 0 1 0 1 0 1 0 0 1 1 0 0 0 0 1 1 0 0 1 0 0 1 1 1 1 1 0 1 1 0 1 1 0 1 1 1 1 0 1 0 0
1595 0 0 0 1 1 1 1 1 0 0 1 0 0 1 1 0 1 0 0 0 0 0 1 0 1 0 1 0 1 1 1 1 0 0 0 0 0 1 0 0 1 0 0 0 0 1 1 0 1 0 0 1 0 0 1 1 1 0 1 1 1 1 1 1 1 0 1 1 1 0
2094 1 1 0 1 0 1 0 0 1 1 1 0 0 1 0 0 0 0 1 0 0 1 1 0 1 0 0 1 0 0 0 1 1 1 0 1 1 1 1 1 0 0 1 1 1 0 0 1 1 0 0 1 1 0 1 1 0 1 1 1 0 0 0 0 0 0 0 0 1 1
3052 0 0 1 1 0 1 1 1 1 1 0 1 0 1 1 0 0 1 0 0 1 0 0 0 0 1 1 1 1 0 0 0 1 1 0 1 0 1 0 1 0 1 0 0 1 1 0 0 1 1 1 1 1 0 1 0 1 0 0 0 1 1 0 0 1 1 0 0 0 0
369 1 0 1 0 0 1 0 0 1 0 1 0 1 0 1 0 0 1 1 1 0 1 0 1 1 1 1 1 0 1 0 0 0 1 0 1 0 1 1 1 1 1 0 0 1 1 0 0 0 0 0 0 0 1 0 0 1 0 0 1 1 1 0 0 1 0 1 1 0 1
556 0 1 1 0 0 0 1 0 0 0 1 1 1 1 1 0 0 1 0 0 0 1 1 0 1 0 1 0 1 0 0 0 1 1 1 1 1 0 0 0 1 0 1 1 0 1 1 0 0 0 1 0 0 1 0 1 1 1 0 1 1 1 1 1 1 0 0 0 0 0
2280 1 0 0 0 0 1 0 0 1 1 0 1 1 1 0 1 1 0 1 1 0 0 0 0 0 0 1 1 1 1 0 1 1 0 1 0 1 0 0 0 1 1 0 1 1 0 1 0 1 1 1 0 0 0 0 0 0 0 1 1 1 0 1 1 1 1 0 1 0 0
1564 0 1 0 1 0 0 1 1 1 0 1 1 0 0 0 0 1 0 1 1 0 0 1 1 0 1 1 0 1 0 1 0 0 1 0 1 0 0 1 1 0 0 1 0 1 0 1 0 1 0 1 1 1 0 1 1 0 0 0 1 1 0 1 1 0 1 0 1 0 0
391 1 1 1 0 1 0 0 1 0 1 1 1 1 0 0 0 1 0 1 0 0 1 0 1 0 1 0 0 1 1 1 0 0 0 0 0 0 0 0 0 0 1 1 1 0 1 1 1 0 1 1 1 1 1 1 1 1 0 0 1 1 0 1 0 0 0 1 0 0 0
608 1 1 1 0 0 1 1 0 1 0 0 1 0 0 0 1 0 0 1 0 0 1 1 1 1 0 0 0 0 0 0 1 0 1 1 0 1 1 1 0 1 1 0 0 1 0 1 1 1 1 0 1 1 0 0 1 0 1 0 1 0 0 0 0 0 1 1 1 1 0
820 1 1 0 0 0 1 0 1 1 1 0 1 1 1 0 0 0 1 0 0 0 0 1 0 0 0 1 1 0 0 1 1 1 1 1 0 1 1 1 0 0 1 0 0 0 0 1 1 1 1 0 1 1 0 0 1 0 0 0 0 1 0 1 1 1 1 0 1 0 0
2700 1 0 0 1 1 1 0 0 0 0 0 1 1 0 0 1 1 0 0 0 1 0 1 0 1 1 1 1 0 0 1 1 0 1 0 1 0 1 0 0 0 0 1 0 0 1 1 1 0 0 1 1 1 0 1 1 1 0 1 1 1 1 0 1 0 0 1 0 0 0
978 1 0 1 0 1 0 0 1 0 1 0 1 1 0 0 1 0 1 0 0 1 1 1 0 1 0 0 1 1 0 0 1 0 1 1 1 1 0 0 0 1 1 0 0 0 0 0 1 1 0 0 1 1 1 0 0 0 1 0 1 1 0 1 0 1 0 1 1 1 0
1587 1 1 0 1 0 1 1 0 0 0 1 0 1 1 0 0 1 1 1 1 0 1 1 1 1 0 1 0 0 1 1 0 0 0 0 0 1 0 1 1 0 0 1 0 1 1 0 0 0 0 0 1 1 1 0 1 0 0 1 1 0 0 0 1 1 0 0 1 0 1
6046 1 0 1 0 0 0 0 1 0 1 0 1 0 1 1 1 0 1 1 1 0 1 1 1 0 1 0 1 0 0 1 0 0 1 1 1 0 1 0 0 1 0 0 0 1 1 1 0 1 0 0 0 1 0 0 1 1 1 1 0 0 0 1 0 0 0 1 0 1 1
60 1 1 0 0 1 1 0 1 1 1 1 1 0 1 1 1 0 1 1 0 0 1 0 0 0 0 0 0 1 1 0 1 1 0 1 1 1 0 0 1 0 1 0 1 1 1 1 1 0 1 0 1 1 0 0 0 0 0 0 0 0 0 0 1 0 1 0 0 0 1
2035 0 1 0 1 0 0 0 1 1 0 1 0 1 1 0 0 0 0 1 0 1 1 0 1 0 0 1 1 0 1 1 1 1 1 1 0 1 0 0 1 0 0 1 0 0 0 0 1 0 0 0 1 1 1 1 0 1 0 1 1 0 0 0 1 1 0 0 1 1 1
2741 0 0 1 1 0 0 1 0 1 0 0 0 1 0 1 1 0 0 0 1 0 0 1 1 1 1 1 1 0 0 0 1 0 1 1 0 1 1 1 0 1 1 0 1 0 0 1 0 1 0 0 1 1 1 0 1 1 0 1 0 0 1 0 0 0 1 0 1 1 0
569 0 1 1 1 1 1 1 0 0 0 0 1 1 0 0 0 0 1 1 1 0 1 1 1 0 0 1 1 0 1 1 0 1 0 0 0 1 0 0 1 0 0 1 1 1 1 0 1 0 0 1 0 1 0 0 1 0 1 1 1 1 0 0 1 1 0 0 0 0 0
1667 1 1 0 0 0 0 1 1 0 1 0 1 1 0 1 0 1 0 1 0 1 1 1 0 0 0 0 1 1 0 1 1 0 0 0 1 1 1 0 1 0 1 0 1 0 0 1 0 1 0 0 1 1 1 1 1 0 0 0 0 0 1 0 0 1 1 1 0 1 0
48 0 1 1 0 0 0 0 0 1 0 0 1 0 1 0 1 0 0 0 0 0 1 0 0 0 0 0 1 1 1 1 0 1 0 1 1 1 0 1 0 1 0 0 0 0 1 1 1 1 0 1 1 1 1 0 1 1 1 0 0 1 0 0 1 1 1 1 1 0 1
261 1 0 1 0 1 0 0 0 1 0 0 1 0 0 0 1 0 0 0 0 0 1 1 0 1 1 1 0 0 0 1 1 1 0 1 1 0 1 0 0 1 0 1 0 0 1 1 1 1 1 1 1 0 0 1 1 0 1 1 1 0 1 0 0 0 1 0 1 0 1
1130 0 1 0 1 0 1 0 1 0 1 1 1 0 1 0 1 0 1 0 0 1 0 1 0 1 0 0 0 1 0 0 1 0 1 1 1 0 0 1 0 0 1 1 0 0 0 1 1 0 0 1 0 0 0 1 1 0 1 0 1 1 1 0 1 0 1 0 1 1 1
1613 1 1 1 0 1 1 1 1 0 0 0 0 1 0 1 0 0 0 0 1 0 1 0 0 0 1 0 1 1 1 0 0 1 1 0 0 0 1 1 1 0 0 1 0 1 1 1 1 1 1 1 0 0 0 0 0 0 1 0 0 1 1 1 1 0 0 0 1 0 1
1473 1 1 0 0 0 1 0 0 1 1 1 0 0 0 0 1 1 1 1 1 0 0 0 0 1 0 0 0 1 1 1 0 1 0 0 0 1 1 0 0 0 0 0 0 1 1 0 0 1 1 1 1 0 1 1 1 1 1 0 1 0 0 0 0 1 0 1 1 1 1
1538 0 0 0 0 1 1 0 0 1 1 0 0 0 0 1 0 0 0 0 1 0 1 0 1 0 0 0 0 0 1 1 0 0 1 1 0 0 1 1 1 0 1 0 1 0 1 1 1 1 1 1 0 1 1 0 1 1 1 0 1 0 1 0 1 1 1 1 0 0 1
2808 0 1 1 1 1 1 1 0 1 1 1 0 1 1 0 1 0 0 0 1 0 0 1 0 0 1 1 1 0 0 0 1 0 0 0 1 1 0 1 1 0 1 1 0 1 1 0 1 0 1 0 0 0 0 1 0 0 0 1 1 1 1 0 0 1 0 0 1 0 0
1463 1 1 0 0 0 1 1 0 0 0 1 0 0 1 1 0 1 0 1 0 1 0 1 1 1 1 0 1 0 0 1 0 1 0 1 0 1 1 0 0 0 1 1 0 0 0 1 0 0 0 1 0 1 1 0 1 1 0 0 0 0 1 1 1 1 1 1 0 1 0
840 1 1 1 0 0 1 0 0 1 0 0 0 1 1 1 1 1 0 1 1 0 0 1 1 1 0 0 1 0 1 0 0 0 1 0 1 1 1 0 1 0 1 0 0 0 1 1 0 0 0 1 0 1 0 1 1 1 1 1 0 1 0 0 0 0 1 0 0 1 0
1281 1 0 0 1 0 1 1 1 0 0 0 1 1 0 1 0 0 0 0 0 1 0 0 1 0 0 0 1 0 0 1 1 1 0 0 0 1 1 1 0 0 1 1 0 0 1 1 1 1 1 1 1 0 0 1 1 1 1 0 0 0 0 0 0 1 1 0 1 1 1
1238 0 0 1 1 1 1 1 0 0 1 0 1 0 0 1 1 0 0 0 0 1 0 0 1 1 0 1 1 0 0 1 1 0 0 1 0 1 1 0 0 1 1 0 1 1 0 1 0 0 1 0 1 0 0 0 0 1 1 1 0 1 1 0 0 1 1 0 1 0 1
1832 1 0 1 0 1 1 0 1 0 1 1 0 0 1 1 0 1 0 0 0 0 0 0 0 0 0 1 0 1 0 0 0 1 1 1 0 1 0 0 0 1 1 1 1 0 0 1 1 1 1 1 1 1 1 0 0 0 1 0 0 1 0 0 0 1 1 1 1 1 0
1893 0 0 1 1 0 1 0 0 1 1 0 1 1 1 1 0 1 1 0 0 1 0 1 0 0 1 0 0 0 1 1 0 1 1 0 0 0 0 0 0 0 0 1 0 0 0 1 0 1 1 0 0 1 1 1 0 1 1 1 0 1 0 1 1 1 1 0 1 1 0
2955 1 0 0 1 1 1 0 0 0 0 0 1 0 1 1 1 0 0 1 1 0 1 1 1 1 1 0 0 0 0 0 0 0 1 0 0 1 1 1 1 0 1 1 0 1 0 0 1 1 0 0 0 1 1 1 0 1 0 0 1 0 1 0 1 0 0 0 1 1 1
706 0 1 0 1 0 0 0 1 0 1 1 0 0 0 1 1 0 0 1 1 0 0 0 0 1 1 1 1 0 0 0 0 1 1 0 1 1 0 0 1 1 0 1 1 1 1 1 0 0 1 1 0 1 0 0 1 1 1 0 0 1 0 1 0 0 0 1 1 0 1
1481 1 0 1 0 0 1 1 0 1 0 1 0 0 1 0 1 1 0 1 0 0 1 0 1 1 0 0 0 1 0 1 1 0 1 0 0 0 1 1 0 1 1 1 0 1 1 0 0 0 0 1 1 1 1 0 1 0 0 0 1 0 1 0 1 1 1 1 0 0 0
4693 0 0 1 0 1 0 0 1 0 0 0 1 1 1 0 1 0 0 1 0 0 0 0 0 0 0 1 1 0 0 1 1 0 1 1 1 1 1 1 0 1 0 1 1 1 0 0 1 1 1 0 1 1 0 1 1 1 0 0 1 0 0 1 0 1 0 0 1 0 1
137 0 1 1 1 1 0 1 0 1 0 0 0 0 0 1 0 1 0 0 1 1 1 0 1 1 1 1 1 1 0 0 0 0 0 1 0 1 1 0 1 0 0 0 1 1 1 0 0 1 0 0 1 0 0 1 0 1 0 1 1 1 0 0 1 1 0 1 0 1 0
1830 0 1 0 0 0 0 0 1 0 0 0 0 1 1 1 1 1 1 1 0 1 1 1 1 1 0 1 0 1 1 0 1 1 1 0 1 0 1 0 0 0 1 0 1 0 0 0 1 1 0 0 1 1 0 0 0 0 1 0 0 1 1 1 0 1 1 1 0 0 0
3633 0 1 0 1 0 0 1 0 1 1 1 1 1 1 1 1 0 0 1 1 0 1 1 0 0 1 0 1 0 1 1 0 1 1 0 0 1 1 0 1 0 0 0 0 0 0 1 1 1 1 0 0 0 1 0 1 0 1 0 0 1 1 0 0 0 1 1 0 0 0
1489 0 1 1 0 1 1 0 1 0 0 1 0 0 0 0 1 1 0 1 0 0 1 0 1 0 0 1 0 0 0 1 0 0 1 0 1 0 0 1 0 1 1 0 1 0 1 1 0 1 1 0 1 0 1 0 1 1 0 1 1 1 0 1 0 1 0 0 1 1 1
1032 0 0 0 1 0 0 1 0 1 1 0 0 0 0 0 0 0 1 1 1 1 1 1 1 1 1 0 1 1 0 1 1 0 1 0 0 0 0 0 0 0 1 1 0 0 1 1 0 1 1 0 1 0 0 1 1 1 1 1 0 1 0 1 1 0 1 0 1 0 0
1131 1 0 1 0 1 1 0 0 0 0 0 1 0 1 1 1 0 0 0 1 1 0 1 0 0 0 1 1 1 0 0 1 1 1 0 0 0 1 1 1 0 1 1 1 0 1 1 1 1 0 1 0 0 0 1 1 0 0 1 0 0 0 1 1 0 1 0 0 1 0
2902 1 0 0 1 1 1 0 0 0 0 1 0 0 1 1 0 0 0 1 1 0 0 0 0 1 0 1 0 0 1 0 1 0 0 0 1 1 0 1 1 0 0 0 0 0 1 1 0 1 0 1 1 0 0 1 1 1 1 1 0 0 1 1 1 1 1 1 1 0 1
54 0 1 0 0 0 1 1 1 1 1 0 0 0 1 1 1 0 1 1 0 1 0 0 0 1 1 1 1 1 0 1 1 0 0 0 0 1 1 0 0 0 0 0 0 1 1 1 1 1 0 1 1 1 1 1 1 1 0 0 0 0 0 0 0 0 0 0 1 1 0
351 1 0 0 1 1 1 1 0 0 1 1 1 1 1 0 0 0 0 0 0 1 0 0 0 0 1 0 1 1 0 0 0 1 0 1 0 1 1 1 1 0 1 1 0 1 0 0 1 0 1 1 1 0 0 0 0 1 0 0 1 1 0 0 1 1 1 0 1 0 1
854 0 1 1 1 1 1 0 0 0 0 0 1 1 1 1 0 0 0 1 1 1 0 1 1 0 1 0 1 1 1 0 1 0 0 1 1 0 0 1 0 1 1 0 0 0 1 0 0 0 1 0 1 1 1 1 0 0 0 0 0 0 0 0 1 1 0 0 1 1 1
2186 1 1 0 1 0 1 0 1 1 0 1 1 1 0 0 0 1 1 0 0 0 1 0 0 0 1 0 1 1 0 1 0 0 0 0 0 1 0 1 0 0 1 1 1 0 1 0 1 0 1 0 0 1 1 1 1 0 1 1 0 0 1 1 0 0 0 1 0 1 1
2623 1 0 0 0 0 0 1 1 0 0 1 0 1 0 1 0 1 1 1 1 0 1 0 1 0 0 0 0 1 0 1 0 0 0 1 1 1 1 1 0 1 1 0 0 1 1 0 1 0 1 1 1 1 0 1 0 0 0 0 1 1 0 1 1 1 0 1 0 0 0
115 1 0 0 1 1 1 1 0 0 1 0 1 1 0 0 1 1 1 0 0 1 0 0 0 1 1 1 0 0 0 0 0 0 1 1 1 0 0 0 0 1 0 1 0 1 0 1 1 0 0 1 1 0 0 1 0 0 1 1 0 1 1 1 1 0 1 1 0 1 0
770 0 0 1 1 0 0 1 0 1 1 0 0 1 0 0 0 1 1 1 0 1 1 1 1 1 0 1 1 0 1 0 1 1 0 0 0 0 0 1 0 0 0 1 0 1 1 0 0 1 0 0 1 0 1 0 1 0 0 0 1 0 0 1 0 1 1 1 1 1 1
2564 1 0 1 0 1 1 1 1 0 0 1 0 1 0 1 1 1 0 1 0 0 1 0 0 0 1 0 0 0 1 1 1 0 0 1 1 1 1 0 0 0 0 0 1 1 0 0 0 0 1 1 1 1 1 1 0 1 1 0 0 1 0 0 0 1 1 0 0 0 1
2565 1 1 0 0 0 1 1 0 1 0 1 0 1 0 1 0 0 0 0 0 0 0 0 1 0 1 1 1 0 1 0 1 1 1 1 1 0 1 1 1 0 1 0 0 0 1 1 1 1 0 0 1 0 1 1 0 0 0 0 1 1 0 0 1 0 0 0 1 1 1
2566 0 1 0 1 0 1 0 0 1 0 0 1 1 0 0 0 1 0 0 1 0 1 0 0 0 1 1 1 0 0 1 1 0 1 0 0 1 1 1 1 0 1 1 0 0 0 0 1 1 0 0 0 1 1 0 1 1 1 0 1 1 1 0 1 0 0 1 1 0 1
2995 1 1 0 1 1 1 1 1 1 0 0 0 1 1 0 1 0 1 1 1 0 0 1 1 0 1 0 1 0 0 0 1 0 0 1 0 0 1 0 0 1 1 1 0 1 0 1 1 0 0 0 1 1 0 1 0 0 0 1 0 0 0 0 1 0 1 1 1 0 0
2915 1 0 1 0 1 0 0 1 0 0 1 1 0 0 1 0 0 1 0 1 1 1 1 1 1 1 0 0 0 0 0 1 0 0 0 0 1 0 0 1 0 1 0 1 1 1 1 0 1 1 1 0 1 1 1 0 0 0 1 1 0 0 1 1 0 1 1 0 0 0
4587 0 1 0 0 0 1 0 0 1 0 1 0 1 1 0 1 0 1 1 1 0 1 1 0 0 1 1 1 1 0 1 1 0 0 0 0 1 1 0 0 1 1 0 1 0 1 1 0 1 1 0 0 1 1 0 0 1 0 1 0 0 0 0 1 1 1 0 0 1 0
647 0 1 1 0 0 0 1 0 1 1 0 1 0 1 0 1 0 1 1 1 0 0 0 1 0 0 0 0 0 0 1 1 0 1 1 1 1 0 0 0 1 0 0 0 1 1 1 0 1 0 0 1 0 1 0 0 1 0 1 1 1 1 1 0 0 1 1 0 1 1
1635 1 0 0 0 1 0 1 1 1 0 0 0 1 0 1 0 1 0 1 1 1 1 1 1 1 0 1 0 0 1 0 1 0 0 1 0 0 1 1 1 1 0 0 0 1 0 1 1 1 0 1 0 0 1 1 0 0 0 0 0 1 0 1 0 1 1 0 0 0 1
1562 1 0 1 1 1 1 0 0 1 0 1 1 1 0 0 1 0 0 0 1 0 0 0 1 0 0 0 1 0 0 0 1 0 1 0 1 0 1 1 1 1 1 0 0 1 1 0 0 1 0 0 0 0 1 1 1 0 0 1 1 0 1 0 1 1 1 0 1 1 0
276 1 1 0 0 0 0 0 1 1 1 0 1 1 1 1 0 0 1 0 1 1 1 0 1 0 0 1 0 1 0 1 0 0 1 1 0 0 0 0 0 0 1 1 0 0 1 0 1 0 0 0 1 0 1 1 1 0 1 1 1 0 0 0 1 0 0 1 1 1 1
2583 1 0 1 0 1 1 1 0 0 1 1 0 1 0 1 1 0 1 0 0 0 0 1 1 0 0 0 0 0 1 0 1 0 0 0 1 0 1 0 1 0 1 0 1 1 1 1 1 0 0 1 0 0 1 0 1 0 0 1 1 0 1 0 0 1 1 0 1 1 1
3164 0 1 0 1 0 0 1 1 0 1 0 0 0 1 1 1 1 0 0 0 0 1 1 0 1 1 1 0 0 0 0 1 1 1 1 1 1 1 1 0 0 1 0 0 0 0 0 1 1 1 1 1 0 1 0 0 0 0 1 1 1 1 1 0 0 0 0 1 0 0
3190 0 0 1 0 0 0 1 0 1 0 1 0 1 0 1 0 1 0 0 0 1 1 1 1 0 0 1 1 1 0 1 1 0 0 1 0 1 1 0 1 0 1 1 0 0 1 1 0 1 1 0 1 0 0 1 0 0 1 0 0 0 0 1 0 1 1 0 1 1 1
3826 0 1 1 1 1 0 0 0 1 0 1 0 0 0 0 1 1 1 1 1 1 0 1 0 0 1 0 0 1 0 0 0 1 0 0 0 1 0 1 1 1 0 1 0 1 0 0 1 1 0 1 0 1 1 0 1 1 0 0 1 0 0 1 1 1 1 0 0 1 0
4338 0 0 1 1 1 1 0 0 1 1 1 0 1 0 1 1 0 0 1 0 0 1 1 0 1 0 0 1 0 0 1 0 0 1 0 1 1 1 0 0 0 0 0 1 1 0 0 0 0 1 1 0 1 0 1 1 0 1 0 0 1 1 1 1 1 0 1 0 0 1
120 0 1 0 1 1 0 0 0 1 0 1 1 0 0 0 1 1 0 0 1 1 0 1 0 1 0 1 1 0 1 0 0 1 0 0 1 0 1 1 0 1 1 1 0 1 1 0 0 1 1 1 0 1 0 0 1 0 0 1 1 1 1 0 0 1 0 0 0 1 0
611 0 1 1 0 0 0 1 1 1 0 0 0 0 0 1 0 0 1 1 1 0 0 1 1 1 0 0 1 1 0 0 1 1 0 0 0 0 1 0 0 0 1 1 0 0 0 1 1 0 1 1 1 1 0 1 1 0 0 1 1 0 1 0 1 1 1 1 1 0 0
1843 1 0 0 1 0 1 0 1 1 1 1 0 0 0 0 1 1 1 1 0 1 1 0 1 1 1 0 1 1 0 1 1 0 0 1 0 0 1 0 0 0 1 0 0 0 0 1 0 0 1 1 0 1 0 1 0 0 1 1 0 1 0 0 1 1 0 1 0 0 1
1953 0 1 1 1 1 0 0 1 1 1 0 1 1 0 1 1 1 1 1 1 1 0 1 1 0 0 0 1 1 0 1 0 1 0 0 0 0 0 0 1 1 0 0 0 1 0 0 0 0 1 0 0 1 1 1 0 1 0 0 0 0 1 1 0 1 0 0 0 1 1
2212 1 1 0 1 0 1 1 0 0 0 1 1 1 1 0 1 1 0 1 0 0 1 0 1 0 1 1 0 1 0 0 1 1 0 0 1 0 1 0 0 0 1 1 0 0 0 0 1 1 1 0 0 1 1 0 0 0 1 0 1 0 1 1 1 0 0 1 1 0 0
2983 1 0 0 0 1 0 0 0 0 0 0 0 0 0 0 1 0 1 0 0 1 1 0 1 0 1 0 1 1 0 1 1 1 1 1 1 1 0 0 1 1 0 0 0 0 0 0 1 1 1 0 1 0 0 1 0 0 1 1 1 1 1 1 1 0 0 1 1 1 1
3470 0 0 0 0 1 1 0 1 1 1 1 0 0 1 0 0 1 1 0 1 1 1 1 0 0 1 0 0 1 0 1 0 0 0 1 1 1 0 0 1 1 0 1 1 1 0 1 0 1 0 0 1 0 0 1 0 0 0 1 0 0 0 1 1 0 1 1 0 1 1
3684 1 0 1 0 0 0 1 1 0 0 0 1 0 0 1 1 0 1 0 1 0 0 0 0 1 1 0 1 1 1 0 0 0 0 0 0 1 0 1 1 1 1 0 0 1 0 1 1 1 1 1 1 0 1 1 0 0 0 1 0 0 1 1 1 1 1 0 0 0 1
4055 1 1 1 1 0 0 1 0 0 0 1 0 0 0 0 1 1 1 0 1 1 1 0 0 1 1 1 1 1 1 0 1 0 1 0 1 1 0 0 0 0 0 1 1 0 1 0 0 1 0 1 0 0 1 1 0 0 0 1 1 0 0 1 1 1 0 0 1 0 0
21 1 1 0 0 0 0 0 0 1 1 0 1 0 1 0 0 1 1 0 1 0 1 1 0 1 1 1 1 0 1 0 0 1 1 0 1 0 1 0 0 1 1 1 0 0 1 0 1 1 1 1 1 0 0 1 0 0 1 0 1 1 0 0 0 0 1 0 0 0 1
993 0 0 0 1 0 1 0 1 1 1 1 0 0 0 1 0 0 0 1 0 0 0 0 0 1 1 0 1 1 0 1 1 1 0 1 0 1 1 1 0 0 0 0 1 1 0 1 1 1 1 0 0 1 0 0 0 1 1 1 0 1 1 1 1 1 1 0 0 0 0
1440 0 0 0 1 1 1 0 1 1 0 1 1 1 1 0 0 0 0 0 0 0 0 1 1 1 0 1 0 1 1 0 0 1 1 1 0 0 0 1 0 0 0 1 1 0 0 1 1 1 1 1 1 0 1 1 1 0 0 1 0 1 0 0 1 1 0 1 0 0 0
1472 1 0 0 1 1 1 1 0 0 1 0 0 0 1 1 1 1 0 0 0 0 0 0 0 0 0 0 0 0 0 0 1 1 1 1 1 1 1 1 0 1 0 0 1 1 0 0 0 1 1 0 1 1 0 0 1 0 1 1 0 0 1 0 1 1 1 0 1 1 1
2916 0 1 1 0 0 0 1 1 1 1 0 0 1 0 1 1 0 1 1 1 0 1 1 0 1 0 0 0 1 0 1 0 1 1 0 1 1 0 0 1 1 0 1 0 0 1 1 0 0 0 0 1 0 1 0 1 0 1 0 1 1 0 1 1 0 0 0 0 0 1
126 1 1 0 1 0 0 1 0 1 0 0 1 0 0 1 0 1 0 1 1 0 0 0 0 1 1 0 0 1 0 1 0 1 0 0 1 0 0 1 1 0 1 1 0 0 1 0 0 0 1 0 1 0 1 1 0 1 1 1 1 0 1 1 0 1 1 1 0 0 1
737 1 1 0 0 0 1 0 1 0 0 0 0 0 0 1 1 1 0 1 0 1 1 0 1 0 1 1 0 0 0 0 1 1 0 1 0 1 0 1 1 1 1 1 1 0 1 0 0 1 1 0 1 0 1 1 0 0 1 1 1 0 1 0 1 0 0 0 0 1 0
2616 1 0 0 0 0 1 0 0 0 1 1 0 1 0 0 1 1 1 0 1 1 0 1 1 1 0 1 1 0 1 0 0 1 0 0 1 1 0 0 0 1 0 1 1 0 1 1 0 0 1 0 1 1 1 0 1 1 0 0 0 0 1 1 1 1 1 0 0 0 0
2042 1 1 1 0 0 1 1 1 0 1 0 1 0 1 0 0 1 0 0 0 0 1 1 1 0 1 1 1 0 1 1 1 0 0 1 1 1 0 0 0 0 0 0 1 0 1 1 0 1 1 1 0 1 0 1 0 0 1 0 0 1 0 0 0 0 1 0 0 1 1
3468 0 1 0 0 1 1 1 1 1 0 0 0 0 1 1 1 1 1 0 1 1 0 1 0 0 1 1 0 0 1 1 1 0 0 0 1 1 0 0 0 0 0 1 0 0 0 1 1 1 1 0 1 1 0 0 0 1 1 1 1 0 0 0 0 0 0 1 1 1 0