8 1036 20 41 1307 2161 18 9 771 27 13 11 1441 909 24
228 18 2068 31 151 17 379 2 1429 1761 1610 2536 24 46 23
407 2737 47 2101 1471 1084 52 2 27 24 8 15 915 1212 5
594 53 2637 1421 720 42 4 31 1679 2894 39 24 25 2614 1868
243 66 21 226 45 505 48 71 1211 20 832 1967 219 13 1819
1272 47 1569 40 810 1037 38 63 57 186 25 913 1480 18 53
281 5 33 1532 1094 45 52 46 2917 1766 521 2213 4 48 664
504 2605 12 764 766 1966 1560 66 53 47 6 2728 9 38 2202
64 1089 2033 1242 17 12 32 1902 1535 2043 1042 78 27 26 80
1289 22 14 973 48 104 49 24 673 29 1652 1675 170 1452 45
202 1 2371 42 813 52 31 2564 1110 46 18 2759 50 419 2364
388 7 53 2676 39 2081 24 48 56 500 2413 9 121 583 220
1018 25 48 18 923 903 1 1819 54 31 5 1138 1689 385 1983
643 43 1690 878 1851 63 66 20 1862 2458 48 22 1977 9 605
1136 556 53 11 31 19 32 2576 56 366 2626 2240 1350 48 30
32 2826 1922 49 1 31 48 2381 609 2279 1428 46 63 472 68
900 25 2261 38 2327 148 1031 5 1261 123 2884 53 47 1872 1368
1315 1 2093 1480 1534 1001 154 1220 1289 153 5 46 59 1621 63
2332 33 1168 120 1935 264 587 598 481 70 2417 97 73 72 76
799 807 7 2324 59 1695 38 46 24 40 48 53 57 1853 1139
177 459 1908 57 1084 93 2591 54 1860 1989 1219 56 60 22 9
2156 26 277 129 914 56 2114 63 2559 1287 48 44 1 57 194
297 2738 12 60 2429 2531 71 35 1617 1413 57 4 532 31 2831
74 24 57 2289 1778 7 1170 39 967 1984 2328 59 48 53 2569
1640 34 1638 2514 16 38 48 603 680 1280 14 1695 63 2544 62
595 825 2452 1884 1086 60 101 76 951 57 24 4 707 2881 59
3453 2095 113 123 653 65 2939 190 63 48 104 174 71 835 605
259 673 77 73 1081 17 2171 53 1041 729 1931 20 1956 48 1
132 78 4 2465 20 1 119 1028 55 773 1428 1936 2661 71 120
734 63 1353 120 1133 46 48 2720 2127 57 73 1672 1799 1 2711
1888 38 90 1534 670 151 53 77 2479 49 2343 1835 93 14 2847
1519 227 63 24 120 201 2370 203 2248 2770 154 518 1755 2039 73
2610 2380 1635 120 1855 103 14 123 672 397 37 16 76 2311 113
289 73 768 60 53 484 2476 24 1088 52 48 25 2392 1647 1883
753 948 169 2785 120 2809 57 538 23 148 48 145 156 130 139
56 1931 12 2392 53 34 31 60 1082 48 961 1036 560 449 57
536 79 3 1185 63 93 14 2536 66 2342 228 996 2175 1130 91
2597 53 1341 48 51 14 2580 300 2172 1938 1687 68 94 2471 1
329 135 49 93 2559 37 1681 131 45 2210 113 124 870 387 2917
4 2355 103 634 1975 20 1323 1759 123 2800 159 24 63 93 124
14 1944 511 2148 2524 1654 96 31 492 1128 73 18 76 90 63
707 335 63 962 2071 53 1238 143 1352 140 123 24 310 146 965
744 56 120 93 147 2049 1526 154 1752 130 609 84 742 63 2629
997 2612 52 1776 90 156 94 83 154 1819 2581 1926 1993 73 461
642 2459 132 33 115 800 110 2446 2420 470 48 2907 1867 118 24
727 114 88 2565 24 593 69 18 1497 19 2339 1143 5 1342 123
1199 107 1762 48 453 96 33 2518 79 2691 53 109 718 2660 985
389 57 36 1555 332 24 23 44 2452 48 39 63 2408 630 847
1657 134 24 1479 887 1228 1061 2149 435 2761 5 113 125 40 70
2046 2053 960 123 2061 926 56 1168 137 44 147 27 2343 70 803
1269 113 1198 126 154 2871 93 2275 79 730 12 755 148 132 1964
44 1341 114 219 764 63 125 236 80 1408 2441 119 1471 2 1
227 202 1369 48 1354 2165 37 56 36 949 167 65 63 137 636
967 1864 89 16 425 63 2416 24 87 2489 18 2872 1833 744 129
1268 21 2449 224 56 2373 2082 919 208 18 684 73 152 698 284
25 1295 1809 113 154 123 55 2620 766 737 93 299 103 1818 63
2470 285 2784 31 2029 76 59 84 2931 448 1386 54 71 73 491
2658 177 829 93 1622 77 2300 80 2346 263 137 63 1651 186 1695
144 2543 63 1738 2642 1226 52 78 2874 60 53 6 24 48 2484
455 133 57 1406 931 18 53 1704 2 1619 1 1377 1409 139 430
575 152 676 46 154 2503 2565 120 133 1677 2782 31 1707 2091 147
1932 24 2617 2377 370 31 1889 382 59 1614 49 53 46 63 300
912 1244 340 1846 59 83 78 100 60 31 119 5 1581 2261 2512
1630 758 115 117 1826 152 154 71 161 2634 42 1204 481 167 1824
374 1389 156 138 1846 63 40 154 76 970 2893 90 999 1233 104
1714 19 1796 1511 245 1839 32 1087 53 92 1512 48 1 959 71
1867 71 1030 1675 123 700 1501 823 63 31 1068 120 66 73 899
1169 1301 767 23 12 39 48 2595 672 61 68 615 52 320 125
2087 1266 24 432 117 1611 18 1329 1230 56 1406 1722 42 31 48
631 1670 44 2795 63 48 2572 2865 391 822 168 23 152 1 1124
229 115 2404 185 1699 154 1754 78 24 396 242 1378 649 137 48
765 68 65 76 2123 1 9 2712 48 1062 63 2625 665 46 2192
1290 73 48 1717 45 1215 93 2900 14 49 1711 1291 29 936 1075
1295 902 154 81 14 2603 2459 2050 167 31 1410 1288 130 354 148
3632 235 181 256 208 56 73 1495 1738 887 26 813 1671 253 1020
948 114 93 123 103 1468 2217 1980 1679 1610 632 71 48 74 800
2755 103 63 48 122 39 2892 52 2136 1787 2661 69 461 2764 2910
1052 655 101 48 2622 5 2092 16 2560 73 2028 113 46 2419 2119
1457 2706 31 48 240 114 1909 1110 338 110 26 63 1093 2338 36
10 347 63 87 48 12 419 154 112 24 2055 79 2224 2754 1385
2491 2644 71 61 1071 60 68 1693 137 20 1310 2878 1863 52 31
938 536 2703 167 61 1057 2637 113 152 1672 2128 93 1911 137 1
2438 1816 69 1169 31 2756 1178 971 52 60 1525 1 44 2410 78
2519 1259 48 95 1006 113 110 1899 24 436 2589 489 35 22 1542
994 24 2231 1898 635 2808 2694 66 45 63 49 9 167 60 940
949 210 215 2290 154 189 1425 90 62 48 165 1849 1389 78 5
2022 152 129 63 188 1249 124 465 2097 1573 113 2081 71 154 1350
360 838 61 2800 455 208 48 2370 2537 900 66 101 79 162 39
790 208 60 2318 7 247 131 63 154 1966 621 2622 266 1415 1968
2640 337 124 38 167 1383 366 781 824 21 53 1386 59 154 40
1239 283 152 1206 81 499 521 75 967 48 1172 225 1570 2676 217
2218 2135 178 343 71 2617 1968 2660 153 63 154 2347 24 175 30
1426 2283 15 1 24 2642 1609 272 54 30 1609 11 63 869 2912
1504 1 2501 1427 460 48 2211 35 59 56 2928 2472 104 18 1499
109 68 59 315 93 2064 1859 1443 123 901 18 2382 9 799 77
192 71 59 48 302 31 152 1929 77 2530 150 2457 2939 191 2370
256 747 2843 154 1328 76 59 120 235 102 167 248 1386 2499 39
1965 53 306 1 25 49 956 40 18 103 1951 1305 1350 1403 59
266 136 127 139 79 154 141 1166 152 27 60 1899 155 862 2068
446 1635 2632 2136 50 48 137 1209 63 21 1120 53 980 2696 73
2184 67 155 1283 138 915 1920 154 2937 364 1738 81 63 209 1468
2233 1 192 2941 193 53 2818 213 1160 133 63 67 72 577 1772
1011 13 2269 918 48 512 437 63 2506 5 260 1572 37 71 79
2217 182 248 2707 467 178 1735 235 593 71 2530 152 30 164 1561
2746 48 52 1312 203 69 123 154 2469 2109 39 1283 2261 1836 2158
819 2219 1469 926 90 139 360 143 63 1361 2530 187 2678 175 7
1034 133 753 1023 35 2728 1410 9 1423 1743 48 12 1650 155 22
1570 2216 123 128 863 69 44 2519 119 1963 52 46 1675 63 62
2534 167 76 72 178 65 63 1344 1321 1658 2464 977 57 144 25
3640 1757 619 2684 115 843 74 208 134 170 1668 154 573 203 16
648 11 5 1701 2501 578 430 2679 113 1399 207 152 291 110 249
1439 15 18 13 1395 20 642 2521 33 1708 2462 79 48 1686 2047
610 123 1 115 2725 83 1458 99 2186 10 1708 2064 1339 47 124
1464 2707 134 76 2595 2239 2576 59 63 52 2510 62 126 46 921
253 2881 63 24 311 1358 2782 159 1030 73 876 128 154 2792 46
1065 20 2828 2173 1195 1 418 48 1920 24 46 352 73 2621 49
1595 1439 11 714 44 69 149 3 46 459 1829 2149 52 1504 2375
2094 57 2467 2163 90 24 2465 123 48 1087 63 1496 737 53 2321
3052 48 2426 76 2535 836 1 1148 63 65 1654 72 2930 1947 9
369 2624 94 85 508 69 48 63 46 52 2507 22 1726 371 2574
556 12 1993 2546 84 18 1545 59 1822 1153 48 2918 2778 31 63
2280 844 259 63 1612 113 124 821 399 1915 126 123 1381 2627 16
1564 2 1588 2867 657 83 154 133 120 638 1678 59 344 113 184
391 59 154 2060 1943 137 152 201 43 217 195 678 1089 845 52
608 873 154 97 255 10 1646 208 74 173 49 156 2928 2027 63
820 1103 43 2166 24 1070 25 5 1246 83 606 1443 123 149 7
2700 2065 83 696 2572 291 40 143 162 2122 147 123 88 63 262
978 24 2601 521 2705 1279 2295 147 78 166 123 155 16 83 1077
1587 2366 1884 32 81 152 542 1133 1556 47 113 16 462 53 1522
6046 2054 1 1167 19 6 68 1793 591 565 73 5 1896 232 63
60 154 719 59 1573 177 114 1437 67 956 897 125 1080 145 38
2035 2430 208 114 2776 1817 174 359 222 1750 1300 18 5 123 2570
2741 1011 2547 39 81 147 2584 208 2273 8 177 157 235 1243 181
569 54 123 2011 117 1439 2216 73 154 363 187 2691 478 2594 133
1667 1362 256 235 2753 1470 1588 27 265 1780 137 1401 214 201 42
48 5 2863 1063 16 2277 131 10 149 2069 1768 137 2650 139 2467
261 2049 404 48 282 72 1511 16 2006 57 836 2040 24 63 39
1130 190 71 63 2836 138 1723 1121 52 44 2540 154 65 69 2744
1613 209 2353 67 2339 1856 167 2542 211 272 2899 2867 113 154 63
1473 61 218 1823 520 1383 16 115 49 652 48 1966 150 29 263
1538 4 1889 75 178 1767 520 183 175 201 511 313 133 152 106
2808 42 66 2553 1122 5 283 2290 48 40 1425 288 29 63 1459
1463 1549 107 273 5 506 1314 71 18 441 154 42 1 1705 1964
840 60 2315 105 10 81 715 20 53 2071 1406 2721 48 52 464
1281 2201 2475 1407 472 129 53 138 1915 123 140 666 2643 1 36
1238 126 442 2403 241 1716 2449 147 152 83 1659 46 870 25 63
1832 1428 126 21 143 2504 487 102 1520 16 203 52 2934 2305 1246
1893 92 175 2048 78 1622 705 13 945 2716 48 1020 51 1 14
2955 1 53 2790 728 2325 76 977 95 32 19 2722 63 93 690
706 72 139 1497 2086 474 2044 140 53 640 63 123 60 24 1324
1481 9 65 121 2167 70 2641 596 40 83 2800 1762 48 383 2394
4693 167 73 162 1058 48 1923 1922 2008 134 68 1292 78 154 697
137 123 215 644 12 19 268 26 1842 145 1237 1111 1757 341 42
1830 705 1834 25 2052 63 21 2470 2078 90 1188 666 152 76 83
3633 547 2195 181 1119 1085 73 2519 208 124 138 318 2230 56 147
1489 137 155 533 1262 335 295 123 147 1811 63 1093 2809 208 83
1032 201 480 1886 46 1800 785 175 2016 195 148 229 210 133 1540
1131 1902 2000 154 184 46 2750 1249 217 2859 123 24 153 488 1647
2902 1854 79 1703 120 74 69 314 788 2391 146 1053 1300 48 113
54 105 2480 1495 28 152 1076 1537 131 417 155 124 1858 154 2116
351 374 110 500 84 31 2404 678 396 1764 54 61 9 637 48
854 98 485 949 1393 1725 115 426 13 123 1155 154 27 1485 124
2186 67 63 295 48 154 2405 1209 45 483 1629 1880 266 1846 1465
2623 48 52 1007 223 584 57 1951 120 837 81 208 193 518 463
115 70 1224 147 858 794 155 162 444 83 1761 396 1057 40 152
770 48 345 145 2916 53 76 943 31 2932 1528 154 1979 71 135
2564 2840 2518 2868 261 846 2219 52 13 83 45 138 113 1905 63
2565 78 48 13 14 1 2363 1677 1578 2834 0 2009 58 92 51
2566 131 51 231 740 1 1147 790 1586 2616 78 14 13 120 232
2995 1933 1834 235 633 2689 83 165 259 55 761 9 607 648 247
2915 2639 2102 49 2630 1032 1550 1463 147 208 45 548 63 138 181
4587 1347 137 2150 24 611 120 1500 2 706 125 2746 123 329 148
647 1647 115 2261 120 78 5 1576 399 62 1754 1955 36 1 737
1635 63 2184 94 1145 2305 2927 1148 136 24 141 1012 154 139 1572
1562 2120 971 916 18 8 2028 93 63 2346 1432 149 182 17 2578
276 9 35 2703 2708 2282 39 1238 53 5 1595 848 48 31 416
2583 235 398 54 2606 222 2570 249 1370 73 195 241 208 2487 2120
3164 76 205 154 974 137 48 78 1876 201 1092 1738 476 2517 175
3190 1919 193 19 2353 1246 53 474 2716 521 134 48 99 94 2811
3826 2775 181 2079 450 62 63 154 12 147 83 608 624 770 1538
4338 154 173 1568 1762 243 2722 1822 77 301 93 249 2823 729 1733
120 519 89 830 27 53 2302 30 120 45 533 747 2336 63 2152
611 239 156 481 2433 208 137 1698 1200 2275 2269 1363 145 170 235
1843 915 95 415 1423 1760 52 24 158 192 1205 1724 123 154 113
1953 2165 48 147 46 1487 154 11 83 2300 25 20 954 1083 2650
2212 1041 63 736 73 192 191 30 71 433 642 93 154 120 113
2983 63 201 1686 123 1983 2146 278 2450 139 2490 52 53 1247 71
3470 721 1921 73 29 161 208 2255 228 229 167 1936 2506 63 1881
3684 48 2785 52 154 2848 806 2925 155 63 138 1959 69 2577 2009
4055 260 314 275 52 1724 580 1024 436 2246 276 2018 299 1813 290
21 9 16 2163 1381 48 2287 81 21 2497 5 2615 549 177 83
993 17 40 2378 623 679 24 9 123 21 1216 1896 103 13 1840
1440 1612 2570 78 14 63 73 15 480 2098 1 1339 2594 51 189
1472 2107 154 845 1319 171 2753 100 56 1736 247 195 1827 123 16
2916 169 629 2652 1389 243 124 208 45 235 147 181 2509 2269 792
126 59 1232 995 455 2382 52 1279 16 63 208 455 46 256 2568
737 77 31 2922 137 1153 48 71 2613 2130 1455 59 492 190 1531
2616 1754 206 1593 154 37 2252 2893 811 67 123 56 32 1893 115
2042 173 182 266 1738 235 93 179 2810 68 59 2161 2542 124 1465
3468 2261 1526 2259 1998 167 31 179 1525 48 295 235 201 2170 743