8 0 1 0 0 0 1 1 0 1 1 1 0 0 1
228 1 0 1 0 1 0 1 0 0 0 0 1 1 1
407 0 0 0 0 0 1 1 1 1 1 1 0 0 1
594 1 0 0 0 1 1 1 0 0 1 1 1 0 0
243 1 1 0 1 0 1 1 0 1 0 0 0 1 0
1272 1 0 1 0 0 1 1 0 0 1 0 0 1 1
281 1 1 0 0 1 1 1 0 0 0 0 1 1 0
504 0 1 0 0 0 0 1 1 1 1 0 1 1 0
64 0 0 0 1 1 1 0 0 0 0 1 1 1 1
1289 1 1 0 1 0 1 1 0 1 0 0 0 0 1
202 1 0 1 0 1 1 0 0 1 1 0 1 0 0
388 1 1 0 1 0 1 1 1 0 0 1 0 0 0
1018 1 1 1 0 0 1 0 1 1 1 0 0 0 0
643 1 0 0 0 1 1 1 0 0 1 1 0 1 0
1136 0 1 1 1 1 1 0 1 0 0 0 0 1 0
32 0 0 1 1 1 1 0 0 0 0 1 1 0 1
900 1 0 1 0 1 0 1 0 1 0 1 1 0 0
1315 1 0 0 0 0 1 0 0 1 1 1 1 0 1
2332 1 0 1 0 0 0 0 0 1 0 1 1 1 1
799 0 1 0 1 0 0 1 1 0 1 1 1 0 0
177 0 0 1 0 1 0 1 0 0 0 1 1 1 1
2156 1 0 0 0 1 0 1 0 0 1 1 1 1 0
297 0 1 1 0 0 1 1 0 0 1 1 0 1 0
74 1 1 0 0 1 0 1 0 0 0 1 1 1 0
1640 1 0 0 1 1 1 0 0 0 1 0 1 0 1
595 0 0 0 0 1 1 1 0 1 1 1 0 0 1
3453 0 1 1 0 1 0 0 1 1 1 0 1 0 0
259 0 1 1 0 1 0 1 0 0 0 1 0 1 1
132 1 1 0 1 1 1 0 0 0 0 0 0 1 1
734 1 0 1 0 1 1 0 0 1 1 0 0 1 0
1888 1 1 0 0 0 1 1 0 1 0 0 1 1 0
1519 0 1 1 1 1 0 1 0 0 1 0 0 0 1
2610 0 0 1 0 1 1 1 0 0 1 0 1 0 1
289 1 0 1 1 0 0 1 0 1 1 1 0 0 0
753 0 1 0 1 0 1 0 0 0 1 1 0 1 1
56 0 1 0 1 1 1 1 0 1 0 0 0 0 1
536 1 1 0 1 1 1 0 1 0 0 0 0 0 1
2597 1 0 1 1 1 0 0 0 0 0 1 1 0 1
329 0 1 1 0 1 0 1 1 0 1 1 0 0 0
4 0 1 0 0 1 0 0 1 0 0 1 1 1 1
14 0 0 0 0 0 1 1 0 0 1 1 1 1 1
707 0 1 0 0 1 0 1 0 1 1 1 0 1 0
744 1 1 1 1 0 0 1 0 1 0 0 0 1 0
997 0 1 0 1 1 1 1 1 0 0 0 0 1 0
642 0 1 1 1 0 1 0 0 0 1 0 0 1 1
727 1 1 0 1 0 1 1 0 0 0 0 1 0 1
1199 1 0 1 0 1 1 0 1 0 1 1 0 0 0
389 1 1 0 0 1 0 1 0 1 1 1 0 0 0
1657 1 1 0 0 0 0 0 0 0 1 1 1 1 1
2046 0 0 1 0 0 1 0 1 1 1 1 0 1 0
1269 1 0 1 1 0 1 0 0 0 1 0 1 1 0
44 0 1 0 0 1 1 0 1 0 0 1 0 1 1
227 0 0 1 0 0 1 0 1 0 1 1 1 1 0
967 0 1 1 0 1 0 1 1 0 1 0 0 0 1
1268 1 0 1 1 0 0 0 1 1 0 1 1 0 0
25 0 0 1 1 1 1 0 0 0 1 0 1 0 1
2470 0 0 1 0 1 1 1 0 0 0 1 1 1 0
2658 1 0 1 0 1 0 1 0 0 1 1 0 1 0
144 0 1 0 0 0 1 1 0 1 1 0 1 1 0
455 1 1 0 0 1 1 0 1 0 1 0 0 1 0
575 1 0 1 1 0 0 1 1 0 0 1 0 0 1
1932 1 0 0 0 1 0 0 1 0 1 1 1 1 0
912 0 0 0 1 0 1 1 1 1 1 1 0 0 0
1630 0 1 1 0 1 1 1 0 0 1 0 0 1 0
374 0 1 1 0 1 1 1 1 0 0 0 0 0 1
1714 1 0 0 0 0 1 0 1 1 0 1 1 0 1
1867 1 0 0 1 0 0 0 1 1 0 1 1 1 0
1169 0 0 1 1 1 0 0 0 1 1 0 1 0 1
2087 0 1 0 1 0 1 0 0 1 0 0 1 1 1
631 0 1 0 1 1 0 0 0 0 1 1 1 1 0
229 1 0 1 0 1 0 1 1 0 0 0 0 1 1
765 1 0 1 0 1 1 0 1 0 1 0 0 1 0
1290 1 1 0 1 0 1 0 1 1 0 0 1 0 0
1295 0 1 1 1 0 0 0 1 1 0 0 1 0 1
3632 1 1 1 1 1 1 0 0 0 0 0 0 1 0
948 1 1 1 1 0 0 0 0 0 0 1 1 1 0
2755 1 1 1 1 1 0 1 0 0 0 1 0 0 0
1052 0 1 1 0 1 0 1 0 1 0 1 1 0 0
1457 0 1 1 0 1 0 0 0 1 1 1 0 0 1
10 0 1 1 1 1 0 1 0 1 0 1 0 0 0
2491 0 1 1 0 1 1 0 1 1 0 0 0 1 0
938 0 0 1 1 0 0 1 1 0 0 1 0 1 1
2438 0 1 0 1 0 0 0 1 1 0 1 1 0 1
2519 0 1 1 0 1 1 0 1 0 0 0 1 1 0
994 1 0 0 0 0 0 1 1 1 1 1 0 1 0
949 0 0 0 1 1 0 1 0 1 1 0 0 1 1
2022 1 0 1 1 0 1 0 0 0 1 0 1 1 0
360 0 0 0 0 1 1 0 0 0 1 1 1 1 1
790 1 1 0 1 1 0 1 1 0 0 0 1 0 0
2640 0 1 1 1 0 0 0 0 0 1 0 1 1 1
1239 1 1 0 1 0 0 1 0 1 0 1 0 0 1
2218 0 1 0 1 0 0 0 1 1 1 0 1 0 1
1426 0 1 1 1 0 0 0 1 1 0 1 1 0 0
1504 1 0 0 0 1 0 1 1 1 0 0 1 1 0
109 1 1 0 1 0 0 0 1 0 1 0 1 0 1
192 1 1 1 0 1 1 0 1 0 1 0 0 0 0
256 0 0 1 0 1 1 1 1 1 1 0 0 0 0
1965 1 0 1 1 1 0 1 1 0 0 0 0 0 1
266 1 0 1 0 1 1 0 1 1 0 0 1 0 0
446 0 0 0 1 1 1 0 1 1 0 1 0 0 1
2184 1 1 0 1 0 0 1 0 0 0 1 1 1 0
2233 1 1 0 0 1 0 1 0 1 1 1 0 0 0
1011 1 0 0 1 0 0 1 0 1 0 0 1 1 1
2217 1 1 0 0 1 0 1 0 1 0 1 1 0 0
2746 1 1 0 1 1 1 1 0 0 1 0 0 0 0
819 0 0 0 1 1 0 1 1 0 0 1 0 1 1
1034 1 0 0 1 0 0 1 0 0 1 1 0 1 1
1570 0 1 0 0 1 1 0 0 0 1 1 0 1 1
2534 1 1 0 1 1 1 0 0 0 0 0 0 1 1
3640 0 0 0 0 0 1 1 1 1 0 1 0 1 1
648 1 1 0 0 0 0 0 1 0 1 1 0 1 1
1439 1 1 1 0 1 0 0 1 0 0 1 1 0 0
610 1 1 1 0 1 0 1 0 1 0 0 0 0 1
1464 0 1 1 0 0 0 1 1 1 0 0 1 1 0
253 0 1 1 0 0 0 1 0 1 0 1 1 0 1
1065 1 0 0 0 1 0 1 0 1 1 0 1 0 1
1595 0 1 0 1 1 1 1 1 0 0 0 1 0 0
2094 1 0 0 1 1 0 1 1 0 1 0 0 1 0
3052 1 0 1 0 0 1 0 1 1 0 1 0 0 1
369 0 1 0 0 1 1 1 1 1 0 1 0 0 0
556 1 0 0 1 1 0 1 0 0 1 0 0 1 1
2280 0 1 1 0 1 1 0 0 0 1 1 0 0 1
1564 1 0 0 0 1 1 1 1 0 0 1 0 1 0
391 1 1 0 0 1 1 1 0 0 1 0 0 0 1
608 0 1 0 0 0 0 1 1 1 1 1 0 0 1
820 0 0 0 1 0 1 1 0 1 0 0 1 1 1
2700 0 1 0 0 0 1 0 1 0 1 1 1 1 0
978 1 0 0 0 0 0 1 1 0 1 1 1 1 0
1587 0 0 1 1 1 0 0 0 1 1 1 0 1 0
6046 0 1 0 1 1 1 0 0 0 1 1 0 0 1
60 1 0 1 0 1 1 0 0 0 0 1 0 1 1
2035 0 1 1 0 0 1 0 1 0 0 1 1 1 0
2741 0 0 1 1 1 0 1 0 0 0 1 1 0 1
569 1 1 0 1 0 0 1 1 0 1 0 0 0 1
1667 0 1 1 0 0 0 1 1 0 1 0 0 1 1
48 1 0 0 1 0 1 1 1 0 0 1 0 1 0
261 0 0 1 0 1 0 1 0 1 0 0 1 1 1
1130 0 1 1 0 1 0 0 1 1 0 1 0 1 0
1613 1 0 1 0 0 1 0 1 0 0 0 1 1 1
1473 1 0 0 0 0 1 1 1 0 1 0 1 1 0
1538 0 0 0 1 0 0 1 1 1 0 0 1 1 1
2808 1 1 0 0 1 0 0 1 1 0 0 1 1 0
1463 0 1 0 1 0 0 1 1 0 1 1 1 0 0
840 1 0 0 1 1 0 1 1 0 0 0 1 1 0
1281 0 0 0 0 1 1 1 0 1 1 0 0 1 1
1238 1 0 0 0 0 0 1 1 1 0 1 0 1 1
1832 0 1 1 1 0 0 1 0 1 1 1 0 0 0
1893 1 0 0 1 0 0 1 0 0 1 0 1 1 1
2955 1 1 0 0 0 1 0 0 1 1 0 1 1 0
706 0 1 0 0 0 0 1 1 0 1 1 1 1 0
1481 1 1 1 0 1 0 0 1 1 0 0 1 0 0
4693 1 1 1 0 1 0 0 0 1 1 0 1 0 0
137 1 1 0 1 1 0 1 0 1 0 0 0 0 1
1830 0 0 1 0 1 1 0 0 1 0 0 1 1 1
3633 0 0 1 0 0 1 0 1 1 1 0 0 1 1
1489 1 1 0 0 0 0 1 1 0 1 0 0 1 1
1032 1 0 0 1 0 0 1 0 1 1 1 0 1 0
1131 0 0 1 1 1 0 0 1 0 1 1 1 0 0
2902 0 1 0 1 1 1 0 0 0 1 0 0 1 1
54 1 0 0 1 1 0 0 1 0 1 1 0 1 0
351 0 1 0 1 1 0 0 0 0 1 1 1 0 1
854 1 0 0 0 0 1 0 1 1 0 1 1 0 1
2186 1 1 1 1 1 0 0 1 0 0 0 1 0 0
2623 1 1 0 1 0 1 0 1 0 0 1 1 0 0
115 1 0 1 0 0 1 1 0 1 0 0 0 1 1
770 1 0 1 0 1 1 0 1 0 0 1 0 1 0
2564 0 0 0 0 0 0 1 1 1 1 1 1 0 1
2565 1 1 1 1 1 0 0 0 0 0 0 0 1 1
2566 1 1 0 0 1 0 0 0 0 1 1 1 1 0
2995 0 0 1 0 0 1 1 1 1 0 1 0 0 1
2915 0 0 1 0 0 0 0 1 1 1 0 1 1 1
4587 0 1 0 1 0 1 0 1 0 1 0 1 0 1
647 0 1 0 1 1 1 0 0 1 0 0 1 1 0
1635 1 0 1 0 0 0 0 1 1 1 0 1 1 0
1562 0 0 0 1 1 0 1 1 0 0 1 1 1 0
276 1 1 0 0 0 1 0 1 1 0 0 1 1 0
2583 1 0 1 0 1 0 1 0 1 1 0 1 0 0
3164 1 0 1 0 1 1 1 0 1 0 0 0 0 1
3190 0 1 1 0 0 1 0 0 0 1 1 1 1 0
3826 0 1 0 0 1 1 1 1 1 1 0 0 0 0
4338 1 1 0 0 1 0 0 1 1 1 1 0 0 0
120 0 1 0 1 1 0 1 1 1 0 0 0 1 0
611 1 1 0 0 1 1 0 0 0 0 0 1 1 1
1843 0 1 0 0 0 0 1 1 1 0 0 1 1 1
1953 0 1 1 1 0 1 0 1 0 1 1 0 0 0
2212 0 0 0 1 0 1 1 1 0 0 0 1 1 1
2983 1 1 0 1 0 0 0 0 1 0 1 1 0 1
3470 0 0 1 1 1 1 0 0 1 1 0 0 1 0
3684 1 0 1 1 0 0 0 1 1 1 0 1 0 0
4055 1 1 1 1 0 0 0 0 0 1 0 1 0 1
21 1 1 0 0 1 0 1 1 0 0 0 0 1 1
993 1 1 0 0 0 1 1 1 1 0 0 1 0 0
1440 0 0 1 1 1 1 1 0 0 1 0 0 1 0
1472 0 1 0 0 1 0 0 1 0 1 1 0 1 1
2916 1 0 0 0 0 1 1 1 1 1 1 0 0 0
126 1 0 0 0 0 1 0 1 1 1 0 1 1 0
737 1 1 0 1 0 1 1 0 0 0 1 0 1 0
2616 0 0 0 1 1 0 0 0 1 1 1 1 0 1
2042 1 1 0 0 1 1 1 0 0 1 0 0 1 0
3468 0 0 0 0 1 1 1 0 1 1 1 1 0 0