8 32 43 48 51 52 57 59 61 78 91
228 52 53 59 60 63 73 78 80 87 93
407 60 73 81 99 103 120 123 127 138 140
594 61 63 73 78 86 109 110 115 123 137
243 73 76 83 90 95 113 120 123 141 149
1272 67 90 93 95 110 115 123 124 129 132
281 60 66 71 73 78 86 95 99 104 109
504 76 93 95 104 110 113 115 121 123 124
64 96 99 112 120 123 140 145 154 159 169
1289 63 93 98 113 124 150 178 180 208 209
202 60 76 78 81 110 140 145 153 154 167
388 59 63 77 93 107 120 130 133 137 154
1018 63 73 77 84 100 107 111 120 130 152
643 67 93 95 115 118 123 149 154 155 171
1136 87 92 93 94 95 99 110 112 115 179
32 73 106 110 114 134 137 143 154 162 170
900 152 154 165 169 170 183 188 192 195 201
1315 167 170 173 175 210 211 234 235 241 243
2332 123 154 178 187 201 208 211 234 253 268
799 60 63 73 99 104 110 123 140 153 154
177 123 154 179 182 208 235 246 259 279 282
2156 71 78 80 104 113 120 130 137 152 154
297 78 89 101 109 123 145 151 187 195 208
74 109 118 119 120 123 143 154 167 175 179
1640 66 93 118 123 124 154 170 203 221 231
595 106 120 123 133 149 183 193 266 279 290
3453 143 149 154 155 178 179 230 253 256 259
259 100 104 113 148 154 155 167 168 172 179
132 127 137 149 154 160 180 200 221 229 235
734 130 152 154 167 175 181 188 190 192 195
1888 95 110 115 123 130 133 137 149 152 154
1519 207 208 217 241 247 254 274 293 317 322
2610 133 137 154 155 203 208 221 224 235 259
289 76 117 141 145 183 208 218 229 256 266
753 193 233 276 282 299 330 341 345 346 369
56 63 71 79 96 104 123 125 144 153 154
536 110 113 114 122 123 124 137 154 166 171
2597 99 112 169 193 201 205 210 222 237 240
329 134 150 152 182 191 209 217 231 235 266
4 154 203 208 235 279 295 299 309 340 345
14 113 125 152 167 193 198 208 211 230 235
707 153 154 158 175 176 178 191 208 217 222
744 167 208 209 213 217 220 253 285 321 332
997 178 183 208 235 239 243 244 276 290 295
642 145 155 167 169 182 186 192 201 210 217
727 149 154 157 167 175 179 192 195 208 209
1199 120 123 125 147 154 167 193 201 203 205
389 69 101 133 139 150 158 167 175 215 266
1657 154 156 181 185 193 195 201 232 235 266
2046 150 154 158 167 169 171 175 188 192 195
1269 157 169 254 280 299 314 322 325 392 405
44 131 154 160 167 169 200 201 208 243 257
227 171 175 179 195 203 240 245 252 253 256
967 153 165 179 208 217 290 299 388 392 403
1268 235 243 275 299 314 323 332 339 345 351
25 186 195 210 217 235 254 279 280 332 383
2470 120 145 154 167 180 190 193 195 201 202
2658 208 235 265 279 290 309 332 336 385 391
144 80 144 145 155 192 203 205 235 252 256
455 140 154 170 194 208 217 240 276 279 295
575 167 186 191 193 201 229 235 274 276 340
1932 113 120 123 133 145 154 157 247 253 274
912 120 133 145 154 194 208 252 264 269 290
1630 195 201 208 211 235 299 303 323 340 346
374 169 170 173 183 188 208 235 252 266 282
1714 93 99 112 115 137 138 140 164 171 250
1867 154 155 167 190 195 208 209 293 303 345
1169 133 137 154 190 192 193 200 208 209 253
2087 123 130 133 140 152 155 168 176 201 207
631 213 258 267 330 394 416 425 465 490 533
229 186 195 208 217 235 259 290 295 314 351
765 80 134 137 167 192 208 293 303 320 338
1290 113 114 124 140 150 178 182 208 235 297
1295 180 203 208 240 268 279 320 340 351 384
3632 282 299 323 345 351 369 388 391 403 405
948 124 138 141 154 177 235 254 279 280 299
2755 123 137 154 157 203 204 208 271 295 307
1052 123 137 152 178 211 249 332 345 351 371
1457 119 140 143 154 175 187 191 193 195 222
10 173 179 196 256 290 292 295 363 369 392
2491 142 201 208 282 286 295 315 323 341 346
938 178 211 254 302 310 311 314 332 336 340
2438 175 181 208 211 217 227 238 253 259 281
2519 120 123 137 152 154 170 205 256 288 299
994 102 152 154 203 320 322 332 369 384 425
949 208 235 253 295 303 314 351 425 427 475
2022 194 217 243 266 290 332 336 338 340 366
360 225 230 247 273 274 279 283 291 320 343
790 275 345 358 366 381 384 392 415 425 428
2640 192 259 281 370 380 392 394 403 424 425
1239 297 314 325 339 346 351 366 374 392 397
2218 182 235 255 256 269 283 284 292 339 340
1426 154 155 182 199 235 255 269 284 290 299
1504 140 154 208 230 256 274 285 300 321 340
109 152 154 157 245 295 304 321 340 392 405
192 154 167 195 201 208 235 273 288 325 340
256 243 259 266 295 307 340 347 349 396 400
1965 73 110 123 151 154 158 178 208 215 217
266 161 176 208 217 235 239 244 249 256 269
446 145 154 164 167 169 275 299 301 314 332
2184 217 249 259 303 305 314 348 369 392 426
2233 234 259 312 346 366 403 425 428 430 438
1011 148 154 203 208 283 293 299 345 403 425
2217 255 294 308 340 389 400 415 434 465 469
2746 204 208 271 290 295 314 354 405 406 416
819 189 190 195 234 252 290 341 373 396 400
1034 171 178 179 198 235 282 314 325 332 383
1570 154 203 204 208 246 271 295 314 323 416
2534 208 217 233 235 312 323 340 346 392 400
3640 235 239 290 295 385 425 428 437 450 460
648 287 295 301 332 340 345 400 405 415 444
1439 116 133 137 152 175 205 208 210 282 299
610 154 243 295 303 323 403 422 504 514 528
1464 137 145 177 191 235 290 298 321 333 392
253 188 208 297 303 323 325 346 366 390 392
1065 123 147 152 154 169 175 178 208 254 267
1595 154 195 203 204 208 231 235 246 253 271
2094 133 144 152 180 217 249 256 264 332 345
3052 123 137 149 154 201 207 208 235 307 314
369 103 120 123 154 202 208 235 271 276 305
556 107 123 154 158 167 175 208 213 253 268
2280 266 299 314 332 340 369 392 419 421 468
1564 181 235 249 252 261 279 314 321 336 340
391 203 250 253 266 274 295 303 305 340 341
608 290 296 304 412 447 503 504 510 516 535
820 154 167 175 181 188 190 192 253 279 293
2700 165 169 170 201 208 243 266 299 322 325
978 179 208 271 277 290 299 307 392 485 495
1587 154 178 192 223 235 282 299 314 323 332
6046 134 136 154 170 176 189 208 256 275 304
60 181 188 208 339 384 385 396 415 460 468
2035 294 308 340 342 345 370 400 403 425 469
2741 253 266 299 307 323 351 367 373 426 447
569 197 201 208 235 266 297 313 340 341 353
1667 266 279 299 332 339 394 400 403 430 519
48 154 202 203 213 221 245 279 287 314 345
261 79 81 101 120 129 138 145 148 196 208
1130 204 208 246 271 279 314 323 345 354 404
1613 252 282 295 299 306 323 340 342 361 392
1473 178 182 191 209 429 468 504 539 540 542
1538 245 250 295 297 332 341 346 353 355 384
2808 68 110 134 137 152 160 192 282 295 340
1463 165 167 191 208 299 351 390 396 405 495
840 140 142 152 154 156 347 379 384 423 439
1281 146 167 181 187 211 232 283 314 341 351
1238 165 266 268 290 299 391 392 425 430 468
1832 290 308 378 425 436 460 468 498 510 535
1893 131 145 205 209 267 301 341 345 353 384
2955 94 99 115 137 140 193 250 269 283 293
706 144 153 154 158 170 229 256 282 295 306
1481 123 155 208 256 266 290 299 307 332 345
4693 190 208 231 307 351 353 392 396 425 428
137 235 253 262 283 289 295 298 318 332 366
1830 165 188 208 332 428 447 504 540 548 554
3633 235 253 299 306 320 323 332 351 437 447
1489 220 259 266 268 271 299 307 323 332 367
1032 235 276 279 340 384 400 403 420 425 428
1131 254 257 274 283 295 323 345 379 392 401
2902 154 162 208 253 267 271 283 303 313 354
54 178 201 253 266 369 372 425 458 460 499
351 123 152 167 178 207 208 235 259 276 351
854 197 202 207 209 235 239 320 342 394 428
2186 338 340 345 405 496 505 519 540 551 576
2623 233 282 313 330 346 384 425 429 448 508
115 165 169 203 208 266 268 299 391 392 419
770 175 280 295 340 347 351 384 392 425 427
2564 154 167 181 235 252 259 310 311 314 339
2565 120 131 141 205 209 222 267 286 287 301
2566 201 205 209 256 267 282 301 341 354 372
2995 266 268 271 290 299 323 367 392 418 428
2915 253 266 299 323 345 373 391 411 443 447
4587 154 155 191 206 217 241 279 295 340 392
647 140 152 173 261 346 365 425 519 541 551
1635 155 161 173 235 239 244 249 256 283 306
1562 217 223 224 235 243 266 314 332 403 426
276 59 61 71 73 86 113 149 187 207 208
2583 263 290 332 345 369 391 396 400 403 447
3164 208 229 235 279 299 336 340 341 344 351
3190 228 250 279 299 342 412 415 490 494 502
3826 208 253 299 323 345 391 411 468 499 508
4338 361 392 400 436 453 488 554 573 591 614
120 208 235 246 275 304 321 363 384 387 394
611 268 384 404 468 504 505 510 540 543 554
1843 211 234 253 283 301 405 425 437 495 504
1953 169 181 208 235 253 322 345 354 369 391
2212 201 208 235 323 340 351 425 428 431 504
2983 208 266 295 332 345 401 403 425 437 469
3470 345 347 366 369 398 429 448 545 558 586
3684 203 208 222 235 268 271 279 314 323 354
4055 366 375 391 425 431 439 469 507 509 531
21 195 259 271 295 332 369 377 392 404 418
993 165 195 211 256 266 295 299 309 313 391
1440 131 203 205 229 256 267 299 301 318 341
1472 259 271 280 392 400 423 426 428 489 491
2916 253 266 345 347 373 437 447 468 495 510
126 276 290 313 332 367 392 412 419 450 504
737 195 201 207 290 295 305 340 345 346 349
2616 301 315 321 323 350 366 468 504 533 539
2042 295 301 316 345 347 377 415 466 491 504
3468 321 351 353 366 392 456 475 536 571 609