8 1036 20 41 1307 2161 18 9 771 27 13 11 1441 909 24
228 18 2068 31 151 17 379 2 1429 1761 1610 2536 24 46 23
407 2737 47 2101 1471 1084 52 2 27 24 8 15 915 1212 5
594 53 2637 1421 720 42 4 31 1679 2894 39 24 25 2614 1868
243 66 21 226 45 505 48 71 1211 20 832 1967 219 13 1819
1272 47 1569 40 810 1037 38 63 57 186 25 913 1480 18 53
281 5 33 1532 1094 45 52 46 2917 1766 521 2213 4 48 664
504 2605 12 764 766 1966 1560 66 53 47 6 2728 9 38 2202
64 1089 2033 1242 17 12 32 1902 1535 2043 1042 78 27 26 80
1289 22 14 973 48 104 49 24 673 29 1652 1675 170 1452 45
202 1 2371 42 813 52 31 2564 1110 46 18 2759 50 419 2364
388 7 53 2676 39 2081 24 48 56 500 2413 9 121 583 220
1018 25 48 18 923 903 1 1819 54 31 5 1138 1689 385 1983
643 43 1690 878 1851 63 66 20 1862 2458 48 22 1977 9 605
1136 556 53 11 31 19 32 2576 56 366 2626 2240 1350 48 30
32 2826 1922 49 1 31 48 2381 609 2279 1428 46 63 472 68
900 25 2261 38 2327 148 1031 5 1261 123 2884 53 47 1872 1368
1315 1 2093 1480 1534 1001 154 1220 1289 153 5 46 59 1621 63
2332 33 1168 120 1935 264 587 598 481 70 2417 97 73 72 76
799 807 7 2324 59 1695 38 46 24 40 48 53 57 1853 1139
177 459 1908 57 1084 93 2591 54 1860 1989 1219 56 60 22 9
2156 26 277 129 914 56 2114 63 2559 1287 48 44 1 57 194
297 2738 12 60 2429 2531 71 35 1617 1413 57 4 532 31 2831
74 24 57 2289 1778 7 1170 39 967 1984 2328 59 48 53 2569
1640 34 1638 2514 16 38 48 603 680 1280 14 1695 63 2544 62
595 825 2452 1884 1086 60 101 76 951 57 24 4 707 2881 59
3453 2095 113 123 653 65 2939 190 63 48 104 174 71 835 605
259 673 77 73 1081 17 2171 53 1041 729 1931 20 1956 48 1
132 78 4 2465 20 1 119 1028 55 773 1428 1936 2661 71 120
734 63 1353 120 1133 46 48 2720 2127 57 73 1672 1799 1 2711
1888 38 90 1534 670 151 53 77 2479 49 2343 1835 93 14 2847
1519 227 63 24 120 201 2370 203 2248 2770 154 518 1755 2039 73
2610 2380 1635 120 1855 103 14 123 672 397 37 16 76 2311 113
289 73 768 60 53 484 2476 24 1088 52 48 25 2392 1647 1883
753 948 169 2785 120 2809 57 538 23 148 48 145 156 130 139
56 1931 12 2392 53 34 31 60 1082 48 961 1036 560 449 57
536 79 3 1185 63 93 14 2536 66 2342 228 996 2175 1130 91
2597 53 1341 48 51 14 2580 300 2172 1938 1687 68 94 2471 1
329 135 49 93 2559 37 1681 131 45 2210 113 124 870 387 2917
4 2355 103 634 1975 20 1323 1759 123 2800 159 24 63 93 124
14 1944 511 2148 2524 1654 96 31 492 1128 73 18 76 90 63
707 335 63 962 2071 53 1238 143 1352 140 123 24 310 146 965
744 56 120 93 147 2049 1526 154 1752 130 609 84 742 63 2629
997 2612 52 1776 90 156 94 83 154 1819 2581 1926 1993 73 461
642 2459 132 33 115 800 110 2446 2420 470 48 2907 1867 118 24
727 114 88 2565 24 593 69 18 1497 19 2339 1143 5 1342 123
1199 107 1762 48 453 96 33 2518 79 2691 53 109 718 2660 985
389 57 36 1555 332 24 23 44 2452 48 39 63 2408 630 847
1657 134 24 1479 887 1228 1061 2149 435 2761 5 113 125 40 70
2046 2053 960 123 2061 926 56 1168 137 44 147 27 2343 70 803
1269 113 1198 126 154 2871 93 2275 79 730 12 755 148 132 1964
44 1341 114 219 764 63 125 236 80 1408 2441 119 1471 2 1
227 202 1369 48 1354 2165 37 56 36 949 167 65 63 137 636
967 1864 89 16 425 63 2416 24 87 2489 18 2872 1833 744 129
1268 21 2449 224 56 2373 2082 919 208 18 684 73 152 698 284
25 1295 1809 113 154 123 55 2620 766 737 93 299 103 1818 63
2470 285 2784 31 2029 76 59 84 2931 448 1386 54 71 73 491
2658 177 829 93 1622 77 2300 80 2346 263 137 63 1651 186 1695
144 2543 63 1738 2642 1226 52 78 2874 60 53 6 24 48 2484
455 133 57 1406 931 18 53 1704 2 1619 1 1377 1409 139 430
575 152 676 46 154 2503 2565 120 133 1677 2782 31 1707 2091 147
1932 24 2617 2377 370 31 1889 382 59 1614 49 53 46 63 300
912 1244 340 1846 59 83 78 100 60 31 119 5 1581 2261 2512
1630 758 115 117 1826 152 154 71 161 2634 42 1204 481 167 1824
374 1389 156 138 1846 63 40 154 76 970 2893 90 999 1233 104
1714 19 1796 1511 245 1839 32 1087 53 92 1512 48 1 959 71
1867 71 1030 1675 123 700 1501 823 63 31 1068 120 66 73 899
1169 1301 767 23 12 39 48 2595 672 61 68 615 52 320 125
2087 1266 24 432 117 1611 18 1329 1230 56 1406 1722 42 31 48
631 1670 44 2795 63 48 2572 2865 391 822 168 23 152 1 1124
229 115 2404 185 1699 154 1754 78 24 396 242 1378 649 137 48
765 68 65 76 2123 1 9 2712 48 1062 63 2625 665 46 2192
1290 73 48 1717 45 1215 93 2900 14 49 1711 1291 29 936 1075
1295 902 154 81 14 2603 2459 2050 167 31 1410 1288 130 354 148
3632 235 181 256 208 56 73 1495 1738 887 26 813 1671 253 1020
948 114 93 123 103 1468 2217 1980 1679 1610 632 71 48 74 800
2755 103 63 48 122 39 2892 52 2136 1787 2661 69 461 2764 2910
1052 655 101 48 2622 5 2092 16 2560 73 2028 113 46 2419 2119
1457 2706 31 48 240 114 1909 1110 338 110 26 63 1093 2338 36
10 347 63 87 48 12 419 154 112 24 2055 79 2224 2754 1385
2491 2644 71 61 1071 60 68 1693 137 20 1310 2878 1863 52 31
938 536 2703 167 61 1057 2637 113 152 1672 2128 93 1911 137 1
2438 1816 69 1169 31 2756 1178 971 52 60 1525 1 44 2410 78
2519 1259 48 95 1006 113 110 1899 24 436 2589 489 35 22 1542
994 24 2231 1898 635 2808 2694 66 45 63 49 9 167 60 940
949 210 215 2290 154 189 1425 90 62 48 165 1849 1389 78 5
2022 152 129 63 188 1249 124 465 2097 1573 113 2081 71 154 1350
360 838 61 2800 455 208 48 2370 2537 900 66 101 79 162 39
790 208 60 2318 7 247 131 63 154 1966 621 2622 266 1415 1968
2640 337 124 38 167 1383 366 781 824 21 53 1386 59 154 40
1239 283 152 1206 81 499 521 75 967 48 1172 225 1570 2676 217
2218 2135 178 343 71 2617 1968 2660 153 63 154 2347 24 175 30
1426 2283 15 1 24 2642 1609 272 54 30 1609 11 63 869 2912
1504 1 2501 1427 460 48 2211 35 59 56 2928 2472 104 18 1499
109 68 59 315 93 2064 1859 1443 123 901 18 2382 9 799 77
192 71 59 48 302 31 152 1929 77 2530 150 2457 2939 191 2370
256 747 2843 154 1328 76 59 120 235 102 167 248 1386 2499 39
1965 53 306 1 25 49 956 40 18 103 1951 1305 1350 1403 59
266 136 127 139 79 154 141 1166 152 27 60 1899 155 862 2068
446 1635 2632 2136 50 48 137 1209 63 21 1120 53 980 2696 73
2184 67 155 1283 138 915 1920 154 2937 364 1738 81 63 209 1468
2233 1 192 2941 193 53 2818 213 1160 133 63 67 72 577 1772
1011 13 2269 918 48 512 437 63 2506 5 260 1572 37 71 79
2217 182 248 2707 467 178 1735 235 593 71 2530 152 30 164 1561
2746 48 52 1312 203 69 123 154 2469 2109 39 1283 2261 1836 2158
819 2219 1469 926 90 139 360 143 63 1361 2530 187 2678 175 7
1034 133 753 1023 35 2728 1410 9 1423 1743 48 12 1650 155 22
1570 2216 123 128 863 69 44 2519 119 1963 52 46 1675 63 62
2534 167 76 72 178 65 63 1344 1321 1658 2464 977 57 144 25
3640 1757 619 2684 115 843 74 208 134 170 1668 154 573 203 16
648 11 5 1701 2501 578 430 2679 113 1399 207 152 291 110 249
1439 15 18 13 1395 20 642 2521 33 1708 2462 79 48 1686 2047
610 123 1 115 2725 83 1458 99 2186 10 1708 2064 1339 47 124
1464 2707 134 76 2595 2239 2576 59 63 52 2510 62 126 46 921
253 2881 63 24 311 1358 2782 159 1030 73 876 128 154 2792 46
1065 20 2828 2173 1195 1 418 48 1920 24 46 352 73 2621 49
1595 1439 11 714 44 69 149 3 46 459 1829 2149 52 1504 2375
2094 57 2467 2163 90 24 2465 123 48 1087 63 1496 737 53 2321
3052 48 2426 76 2535 836 1 1148 63 65 1654 72 2930 1947 9
369 2624 94 85 508 69 48 63 46 52 2507 22 1726 371 2574
556 12 1993 2546 84 18 1545 59 1822 1153 48 2918 2778 31 63
2280 844 259 63 1612 113 124 821 399 1915 126 123 1381 2627 16
1564 2 1588 2867 657 83 154 133 120 638 1678 59 344 113 184
391 59 154 2060 1943 137 152 201 43 217 195 678 1089 845 52
608 873 154 97 255 10 1646 208 74 173 49 156 2928 2027 63
820 1103 43 2166 24 1070 25 5 1246 83 606 1443 123 149 7
2700 2065 83 696 2572 291 40 143 162 2122 147 123 88 63 262
978 24 2601 521 2705 1279 2295 147 78 166 123 155 16 83 1077
1587 2366 1884 32 81 152 542 1133 1556 47 113 16 462 53 1522
6046 2054 1 1167 19 6 68 1793 591 565 73 5 1896 232 63
60 154 719 59 1573 177 114 1437 67 956 897 125 1080 145 38
2035 2430 208 114 2776 1817 174 359 222 1750 1300 18 5 123 2570
2741 1011 2547 39 81 147 2584 208 2273 8 177 157 235 1243 181
569 54 123 2011 117 1439 2216 73 154 363 187 2691 478 2594 133
1667 1362 256 235 2753 1470 1588 27 265 1780 137 1401 214 201 42
48 5 2863 1063 16 2277 131 10 149 2069 1768 137 2650 139 2467
261 2049 404 48 282 72 1511 16 2006 57 836 2040 24 63 39
1130 190 71 63 2836 138 1723 1121 52 44 2540 154 65 69 2744
1613 209 2353 67 2339 1856 167 2542 211 272 2899 2867 113 154 63
1473 61 218 1823 520 1383 16 115 49 652 48 1966 150 29 263
1538 4 1889 75 178 1767 520 183 175 201 511 313 133 152 106
2808 42 66 2553 1122 5 283 2290 48 40 1425 288 29 63 1459
1463 1549 107 273 5 506 1314 71 18 441 154 42 1 1705 1964
840 60 2315 105 10 81 715 20 53 2071 1406 2721 48 52 464
1281 2201 2475 1407 472 129 53 138 1915 123 140 666 2643 1 36
1238 126 442 2403 241 1716 2449 147 152 83 1659 46 870 25 63
1832 1428 126 21 143 2504 487 102 1520 16 203 52 2934 2305 1246
1893 92 175 2048 78 1622 705 13 945 2716 48 1020 51 1 14
2955 1 53 2790 728 2325 76 977 95 32 19 2722 63 93 690
706 72 139 1497 2086 474 2044 140 53 640 63 123 60 24 1324
1481 9 65 121 2167 70 2641 596 40 83 2800 1762 48 383 2394
4693 167 73 162 1058 48 1923 1922 2008 134 68 1292 78 154 697
137 123 215 644 12 19 268 26 1842 145 1237 1111 1757 341 42
1830 705 1834 25 2052 63 21 2470 2078 90 1188 666 152 76 83
3633 547 2195 181 1119 1085 73 2519 208 124 138 318 2230 56 147
1489 137 155 533 1262 335 295 123 147 1811 63 1093 2809 208 83
1032 201 480 1886 46 1800 785 175 2016 195 148 229 210 133 1540
1131 1902 2000 154 184 46 2750 1249 217 2859 123 24 153 488 1647
2902 1854 79 1703 120 74 69 314 788 2391 146 1053 1300 48 113
54 105 2480 1495 28 152 1076 1537 131 417 155 124 1858 154 2116
351 374 110 500 84 31 2404 678 396 1764 54 61 9 637 48
854 98 485 949 1393 1725 115 426 13 123 1155 154 27 1485 124
2186 67 63 295 48 154 2405 1209 45 483 1629 1880 266 1846 1465
2623 48 52 1007 223 584 57 1951 120 837 81 208 193 518 463
115 70 1224 147 858 794 155 162 444 83 1761 396 1057 40 152
770 48 345 145 2916 53 76 943 31 2932 1528 154 1979 71 135
2564 2840 2518 2868 261 846 2219 52 13 83 45 138 113 1905 63
2565 78 48 13 14 1 2363 1677 1578 2834 0 2009 58 92 51
2566 131 51 231 740 1 1147 790 1586 2616 78 14 13 120 232
2995 1933 1834 235 633 2689 83 165 259 55 761 9 607 648 247
2915 2639 2102 49 2630 1032 1550 1463 147 208 45 548 63 138 181
4587 1347 137 2150 24 611 120 1500 2 706 125 2746 123 329 148
647 1647 115 2261 120 78 5 1576 399 62 1754 1955 36 1 737
1635 63 2184 94 1145 2305 2927 1148 136 24 141 1012 154 139 1572
1562 2120 971 916 18 8 2028 93 63 2346 1432 149 182 17 2578
276 9 35 2703 2708 2282 39 1238 53 5 1595 848 48 31 416
2583 235 398 54 2606 222 2570 249 1370 73 195 241 208 2487 2120
3164 76 205 154 974 137 48 78 1876 201 1092 1738 476 2517 175
3190 1919 193 19 2353 1246 53 474 2716 521 134 48 99 94 2811
3826 2775 181 2079 450 62 63 154 12 147 83 608 624 770 1538
4338 154 173 1568 1762 243 2722 1822 77 301 93 249 2823 729 1733
120 519 89 830 27 53 2302 30 120 45 533 747 2336 63 2152
611 239 156 481 2433 208 137 1698 1200 2275 2269 1363 145 170 235
1843 915 95 415 1423 1760 52 24 158 192 1205 1724 123 154 113
1953 2165 48 147 46 1487 154 11 83 2300 25 20 954 1083 2650
2212 1041 63 736 73 192 191 30 71 433 642 93 154 120 113
2983 63 201 1686 123 1983 2146 278 2450 139 2490 52 53 1247 71
3470 721 1921 73 29 161 208 2255 228 229 167 1936 2506 63 1881
3684 48 2785 52 154 2848 806 2925 155 63 138 1959 69 2577 2009
4055 260 314 275 52 1724 580 1024 436 2246 276 2018 299 1813 290
21 9 16 2163 1381 48 2287 81 21 2497 5 2615 549 177 83
993 17 40 2378 623 679 24 9 123 21 1216 1896 103 13 1840
1440 1612 2570 78 14 63 73 15 480 2098 1 1339 2594 51 189
1472 2107 154 845 1319 171 2753 100 56 1736 247 195 1827 123 16
2916 169 629 2652 1389 243 124 208 45 235 147 181 2509 2269 792
126 59 1232 995 455 2382 52 1279 16 63 208 455 46 256 2568
737 77 31 2922 137 1153 48 71 2613 2130 1455 59 492 190 1531
2616 1754 206 1593 154 37 2252 2893 811 67 123 56 32 1893 115
2042 173 182 266 1738 235 93 179 2810 68 59 2161 2542 124 1465
3468 2261 1526 2259 1998 167 31 179 1525 48 295 235 201 2170 743
433 27 481 46 683 2829 532 2083 2 207 13 98 123 1976 124
1443 205 1326 213 637 33 2870 2214 1481 144 411 48 15 278 133
2232 53 131 57 2053 133 195 720 107 167 1061 3 175 1270 123
2695 317 1551 2376 1992 2675 93 2046 2740 133 323 273 864 208 236
3611 134 337 372 170 1961 1635 1354 16 2021 193 55 339 123 253
212 122 1448 235 2910 214 1351 1950 644 123 248 40 19 2522 2526
1127 1145 78 505 1595 652 87 124 190 1 2476 138 913 152 2610
1416 1479 1607 123 69 2160 177 172 694 763 5 685 57 2510 65
1551 1356 17 145 31 2814 53 1654 1540 153 2761 24 79 325 2364
2036 384 581 35 904 123 534 2548 53 2698 63 146 144 2731 140
2058 124 27 112 1238 2099 1149 98 861 123 1408 235 13 1909 543
3131 286 181 208 235 154 2152 2484 896 1713 307 1468 2754 266 2708
6459 2464 1298 1189 185 70 2536 154 1466 651 123 19 94 14 233
809 1775 161 747 2120 7 73 77 2395 816 154 59 1803 141 900
1119 1581 1 962 2196 1795 133 137 2372 94 154 113 1938 15 136
1754 414 42 49 2705 154 217 1184 284 336 289 98 166 2401 115
3245 1529 2585 208 167 101 744 80 113 937 201 50 2445 2204 2419
4833 312 2552 2686 295 1227 83 1643 381 115 2762 235 245 314 98
105 163 1537 2025 130 167 2144 470 73 1709 63 201 213 1952 1081
148 73 1624 46 622 1341 1294 1414 120 194 1496 118 143 926 147
3139 147 253 186 63 313 46 1057 1011 1657 208 1812 377 924 1744
4557 2664 383 1525 1615 310 894 115 729 301 169 727 235 219 314
68 2884 135 173 45 1512 57 1266 154 168 178 237 152 1368 796
2692 88 753 153 77 132 1627 586 881 589 178 123 65 1650 79
2984 82 46 2833 168 2055 206 181 2393 84 187 154 1555 2376 201
203 313 145 2937 123 2687 1712 707 152 262 26 318 14 2427 2778
311 2398 208 387 175 120 2811 7 159 56 1995 1419 907 154 1991
1203 2421 143 208 604 63 559 154 1458 253 26 2752 2823 217 800
1602 2888 1617 2197 1658 314 212 54 266 175 67 63 208 340 295
2609 123 98 145 1040 16 2762 48 476 12 115 148 37 2580 1736
3847 1520 739 249 2674 123 69 875 919 2281 149 63 71 2172 31
4946 2815 74 614 25 2496 471 560 623 290 83 155 422 122 271
298 1862 847 140 1513 59 159 208 52 154 201 2593 69 1666 2041
1264 181 256 46 143 2333 208 1826 235 1552 147 165 226 171 2742
2399 2537 9 190 18 48 186 1602 1601 109 123 2641 617 1640 2779
4083 3 188 152 340 1777 120 631 113 1297 2758 2342 332 263 2409
7550 1145 113 93 57 185 2183 965 153 1491 154 276 123 248 1983
9 160 97 2725 866 124 154 114 133 102 2911 184 2632 1893 2314
49 182 2111 256 154 235 1510 239 137 1270 587 208 2908 1030 279
127 2361 59 5 154 217 866 2522 88 1596 2688 208 733 136 48
1181 2488 268 2547 696 121 118 83 344 12 768 154 84 1554 186
1732 361 63 149 2182 52 133 202 1326 1786 269 201 2227 265 1197
1845 2286 2746 235 222 175 2468 145 542 256 48 249 2882 1429 1087
2555 385 1817 1232 137 266 286 702 143 392 254 56 626 2543 1499
927 1164 39 373 429 1289 495 936 959 1561 406 1112 105 314 204
1292 65 26 2487 614 83 1398 14 1606 233 954 570 208 2862 63
2003 558 470 70 81 987 734 133 54 1728 113 144 13 132 59
2085 53 247 2009 1474 313 104 121 177 145 222 1469 2756 2652 245
2315 180 2558 29 2943 253 175 23 2270 415 1646 208 227 2601 624
2884 164 2311 1124 70 1730 195 1932 123 672 69 233 820 44 286
4764 284 199 1542 266 1351 314 235 2884 2285 276 1484 2040 123 248
5385 46 366 1609 2733 814 2660 77 53 154 266 695 234 252 2535
6456 2175 123 185 19 2532 154 233 2891 276 1216 743 14 2336 1897
143 9 1825 2762 63 1831 1395 95 697 1790 59 109 24 103 1523
416 120 12 239 147 2611 79 189 533 63 16 2 110 1008 2628
1483 9 193 1854 180 198 1716 232 1888 46 138 152 22 1981 84
2592 295 154 152 286 1877 205 240 757 966 201 591 2652 1331 1683
2613 123 104 59 2658 77 190 1979 173 10 154 121 252 37 2632
4763 217 2180 1480 1446 433 268 332 63 252 2559 1922 363 238 33
6455 2788 2680 14 837 233 185 1107 254 1494 1710 154 1155 19 123
19 120 2609 289 1590 155 95 154 208 1786 907 727 1409 118 235
324 476 984 208 138 154 2626 1714 152 123 2422 911 165 2335 60
349 235 1946 759 208 147 24 154 201 241 53 2241 1384 1432 2640
789 57 2534 2516 120 2505 1941 52 1471 63 154 178 2247 148 1934
798 1178 1547 397 145 6 154 76 1137 1591 235 7 810 177 664
829 2561 46 1900 269 787 1257 1039 266 1559 208 340 59 2566 347
4184 103 72 123 145 2774 1067 48 1925 120 1252 70 1600 450 1946
31 1944 149 208 725 111 431 1994 753 175 533 194 59 2363 217
37 100 145 152 1300 2076 334 53 1955 202 252 225 217 48 2556
1171 2285 113 1765 2227 22 48 252 13 1222 368 12 1668 224 1841
1179 2690 208 95 266 131 49 1195 1622 2565 950 186 12 155 305
3285 222 74 722 39 1579 62 1042 253 268 1222 1242 171 138 2860
3555 89 203 75 123 1158 233 192 53 232 1804 1935 2047 1925 1022
4069 140 2944 2767 1153 195 1346 192 222 68 2441 717 2899 243 154
7294 114 1269 221 168 2341 52 912 960 59 1762 868 345 170 862
76 95 2837 70 154 1711 2549 2733 165 2236 25 132 120 2190 2488
299 252 167 1692 2487 178 208 1634 774 295 7 2193 279 2416 1381
791 276 874 2591 2237 266 659 2079 7 175 122 2726 49 70 76
1054 86 2548 2441 1649 154 73 301 297 1724 21 222 1570 225 2136
2006 123 711 154 98 113 26 158 2101 168 71 83 213 1669 457
2183 2829 1526 107 1166 73 38 78 190 44 71 731 167 2813 187
3704 175 8 1461 2136 39 159 1332 57 360 73 2113 71 1980 137
4161 235 71 2884 1995 75 1417 2657 676 109 203 208 2466 1263 259
4475 81 53 48 2014 154 195 63 517 1257 639 537 2714 175 1312
5518 1440 2389 16 113 1763 1358 287 2000 83 76 154 45 59 1788
6288 482 48 207 728 201 173 1851 151 2762 933 266 53 2146 167
15 24 798 592 195 198 1819 181 2740 96 2110 73 42 2908 18
36 369 2029 1740 188 240 314 76 24 2697 2651 48 1157 68 1027
735 1700 530 186 98 187 203 2146 893 2183 627 201 1368 167 35
1079 2751 123 2115 253 208 2621 768 37 2611 301 1376 154 2178 93
1082 4 2480 9 1474 2856 102 1605 115 113 173 2417 1215 208 134
1988 179 2427 2695 169 51 2302 2586 1471 1683 154 2497 188 76 104
3417 1942 2056 568 295 870 904 69 162 271 222 1223 74 330 39
4642 869 278 957 88 63 1110 208 188 139 222 123 1456 146 599
7770 2561 63 209 1658 347 369 1011 253 299 147 208 235 138 470
330 124 2407 2431 137 93 391 154 115 189 118 2757 1211 958 2431
704 134 2548 2028 1789 2180 12 554 235 718 6 197 25 181 1372
793 11 2845 1735 1921 1174 158 1875 154 120 123 145 2561 7 234
980 695 321 46 154 135 681 169 333 558 1571 131 293 1663 990
1260 142 154 808 2404 126 80 90 188 281 51 152 2784 2169 77
2428 1510 254 268 328 797 113 59 1586 63 2131 1352 2239 178 95
2707 1484 208 2376 1631 2459 54 217 1429 822 137 162 46 1937 154
2864 74 990 2021 123 238 2242 1 1420 124 56 2598 16 697 43
4498 1053 77 83 59 1824 1482 349 123 253 1040 1490 265 979 154
5175 46 53 303 2866 913 217 2058 372 367 1775 2792 270 163 154
5666 136 767 115 139 2689 63 323 117 24 1307 1466 113 1287 2934
295 1503 1116 136 208 253 24 266 1854 1885 1586 1349 65 299 155
962 2220 1331 24 189 317 384 297 129 2318 1844 18 351 31 1597
1298 189 366 2164 1574 290 300 1747 154 253 120 21 895 208 428
1966 25 229 252 1562 123 541 2708 217 182 1050 658 2119 48 286
2743 201 152 1552 39 2912 1865 341 128 2261 75 1883 124 2492 120
3033 2244 154 1615 2659 46 309 2430 2358 299 48 1355 235 1569 195
3503 2178 233 2366 217 1922 290 1581 784 566 123 269 155 203 2530
3525 53 1857 1847 86 1713 137 152 120 2135 2302 59 1846 84 1867
3954 123 69 193 1522 71 152 2780 1291 154 25 66 2936 939 2119
4852 2250 1701 167 507 63 187 1663 1750 67 282 1817 209 123 2712
6606 1983 822 282 2865 101 18 2713 1836 359 243 48 253 2641 208
78 151 169 1844 313 346 78 1955 82 73 622 208 864 2330 1914
114 49 63 1153 2483 147 1834 60 208 83 2243 137 141 2635 48
323 1640 1537 502 436 1759 245 235 295 240 972 182 165 707 400
532 978 74 78 209 1877 1439 3 2416 177 1827 115 174 854 2400
1271 53 1368 147 150 56 17 209 31 18 2697 2143 2748 728 1467
1421 1581 2013 2462 208 314 211 18 821 229 123 190 865 335 134
1848 2416 256 1225 1827 211 48 1339 2082 2723 101 273 2021 325 235
2158 153 615 154 1837 208 203 123 2402 2467 152 2641 2408 65 1330
4318 88 155 1221 77 1123 53 235 11 1610 232 148 154 2189 687
6255 1865 2117 154 53 2901 480 2131 68 1346 156 63 1 18 2943
547 2767 24 678 1702 63 29 2372 505 192 103 256 106 756 2400
561 1464 183 101 1655 1489 2859 678 124 2338 152 113 93 2612 6
760 103 24 31 20 130 2640 1287 17 2164 805 210 2774 1429 71
1088 203 424 271 42 1309 407 1892 152 233 2381 154 2592 1134 188
1419 26 1846 1123 40 1818 5 1315 129 123 731 262 166 19 919
2423 2186 140 2335 1037 282 306 48 119 153 295 2027 2213 46 2855
3532 2625 92 193 1927 137 1948 177 154 90 1094 63 1487 1330 2108
5 201 26 315 330 369 755 2312 353 2296 76 208 797 946 1659
167 1 1426 251 2050 137 128 133 2436 1625 683 311 63 194 113
750 457 149 1214 1758 1 201 2522 751 2295 2386 38 53 266 235
909 63 1322 2506 253 381 1875 154 1253 1676 266 52 175 305 1520
3112 88 154 49 1444 384 132 2320 48 451 2357 47 282 2910 266
3637 2796 301 123 32 1343 2405 2219 56 2609 121 2800 217 1999 83
3638 202 418 2386 314 165 256 1609 729 48 268 2019 266 56 347
4047 94 169 2203 2714 1213 136 171 63 152 125 999 362 2849 1232
4286 84 2612 489 139 77 179 167 1399 1845 76 1249 154 1995 2470
291 1007 1614 2792 49 1615 123 198 1138 357 147 2765 170 259 290
696 110 2108 6 2363 30 18 120 2313 52 1703 63 31 1026 1319
807 394 2269 7 2307 208 996 1852 233 154 2664 301 321 2711 412
3650 2719 2760 261 224 152 2623 1783 2366 243 1946 1 210 106 1361
3837 52 1247 256 63 155 181 2904 2148 1669 2378 1150 250 144 191
4139 125 557 86 123 1395 48 1276 137 2801 1672 45 143 14 2155
223 228 208 49 73 1052 155 267 38 296 2368 138 2280 1991 70
410 227 1221 1681 175 1075 1768 1996 103 63 31 1016 2 2767 21
459 1813 132 113 565 576 301 189 208 2317 268 1506 220 123 109
1952 113 209 25 299 235 2365 266 967 301 2046 1350 1890 2725 1692
2173 2180 2173 2777 621 73 118 2936 1536 120 154 208 191 967 341
2687 152 1726 104 199 2170 290 1262 368 2203 2121 1738 154 71 202
5075 2374 2008 108 1233 1559 2846 1661 154 630 165 120 137 209 113
20 1994 319 588 1010 269 59 1493 154 1190 2299 1260 301 124 295
147 13 218 2053 144 78 421 1945 212 205 152 48 1737 2032 2678
683 235 313 446 589 1058 48 2549 225 52 142 236 2801 58 154
699 1982 154 557 167 113 100 2342 2193 1006 245 1682 101 6 755
1221 807 2518 2132 135 392 90 384 259 2335 1118 2595 501 491 2464
1303 224 6 2652 178 1441 63 18 379 783 928 2702 198 110 1222
1799 1490 201 2093 594 896 224 268 422 170 90 134 532 410 136
1975 26 2616 164 2168 277 63 53 177 346 341 867 154 908 1019
2141 281 166 669 123 1320 1297 299 176 220 2057 332 248 750 828
2151 2421 48 2015 1591 103 208 1676 80 69 1422 76 154 137 2799
2264 314 301 1627 2707 120 1024 48 144 154 2768 167 2941 2252 306
2382 380 369 126 1733 2780 759 337 125 1223 120 73 1524 1635 2377
3305 172 2627 73 170 166 320 2028 235 154 720 1964 168 51 1901
4660 213 1831 195 253 208 2932 198 1846 279 73 1783 268 107 674
6186 217 151 728 1536 123 340 233 527 1472 940 208 253 437 1167
123 1250 114 46 2576 2700 68 59 52 53 1270 109 63 110 57
352 718 154 1690 400 2001 385 361 459 1675 137 425 193 117 2047
591 47 76 4 2431 323 63 747 799 1305 710 1779 314 1306 129
599 1940 2085 54 2292 120 260 64 275 1251 4 314 71 364 1371
725 1388 359 73 1473 2292 1683 312 48 1477 1 2116 2582 200 332
1160 137 123 2856 36 377 2071 5 132 71 7 154 254 1580 647
3137 86 713 2771 208 90 274 2061 48 233 247 52 193 57 1350
3152 128 63 200 2663 22 874 154 2324 2131 266 865 1509 48 228
3251 1336 192 113 373 50 1337 221 120 56 1414 217 215 1848 671
3448 674 154 54 25 179 569 5 18 2867 218 2943 949 53 2795
3579 2436 389 123 2876 646 1504 960 276 152 257 2528 275 391 2325
3639 56 154 181 427 32 1022 72 137 123 2093 128 113 53 828
4113 233 496 288 1698 337 282 1011 69 808 1272 183 350 123 71
4183 123 167 646 2381 70 246 650 52 130 715 266 1864 1224 485
138 2264 2274 320 1946 2816 2814 831 33 28 171 75 314 137 9
1178 113 1010 265 2695 154 155 132 312 2019 2119 67 85 12 93
1503 259 696 2173 2368 2645 154 1719 77 295 168 2368 90 182 645
1618 1144 57 2825 507 2853 510 268 2806 2371 154 284 1895 259 2439
1906 113 271 145 1597 295 889 95 63 486 1874 2920 2081 122 2456
2434 2168 2219 490 137 229 2163 64 250 2070 915 148 283 213 208
2520 2352 1659 190 146 81 1784 187 154 1446 2921 59 1749 35 743
3773 463 73 369 124 1346 1322 200 561 2874 468 9 1679 348 152
4171 686 775 177 120 182 611 344 301 684 268 332 145 444 51
7388 253 230 379 1999 208 999 1356 63 290 151 1134 53 875 1254
122 196 45 120 59 1150 673 1853 981 208 41 1378 188 2061 143
539 429 473 1802 645 844 73 813 288 137 2030 1063 145 630 63
869 177 2545 63 222 2058 1891 1100 145 9 137 2050 154 93 765
976 188 143 154 863 264 177 48 2189 510 968 59 5 120 555
1195 263 1771 63 2067 1831 1084 152 73 1466 320 184 90 1174 1200