8 32 43 48 51 52 57 59 61 78 91 94 96 100 101 102 103 109 110 112 116 119 127 130 136 138 143 147 152 154 159 162 163 167 173 177
228 52 53 59 60 63 73 78 80 87 93 99 103 113 120 124 133 138 140 154 160 167 168 186 187 195 197 201 203 207 208 210 213 227 238 243
407 60 73 81 99 103 120 123 127 138 140 143 144 154 169 173 180 196 201 205 217 234 240 262 266 274 276 286 295 301 323 337 342 346 347 353
594 61 63 73 78 86 109 110 115 123 137 147 152 154 167 179 181 183 188 191 193 195 198 203 208 217 228 230 243 250 256 276 280 288 290 295
243 73 76 83 90 95 113 120 123 141 149 154 157 166 171 177 182 193 195 208 221 225 235 243 259 266 268 274 276 280 286 290 304 314 381 385
1272 67 90 93 95 110 115 123 124 129 132 133 134 152 154 155 157 166 167 179 182 195 221 225 235 259 266 268 271 286 290 295 299 322 332 351
281 60 66 71 73 78 86 95 99 104 109 113 133 149 152 154 158 161 181 201 202 205 208 235 236 266 267 279 282 299 307 320 323 364 366 371
504 76 93 95 104 110 113 115 121 123 124 132 154 155 165 166 167 182 195 209 235 253 254 259 280 290 309 314 321 327 332 339 340 342 385 392
64 96 99 112 120 123 140 145 154 159 169 188 194 225 235 253 262 266 283 309 313 318 345 346 347 363 366 389 392 394 403 421 425 429 430 435
1289 63 93 98 113 124 150 178 180 208 209 217 231 235 245 266 295 299 314 323 325 332 339 346 351 369 403 405 412 421 422 429 444 447 468 477
202 60 76 78 81 110 140 145 153 154 167 169 179 180 181 187 189 195 201 207 266 274 295 299 323 345 353 366 381 390 391 403 408 424 429 447
388 59 63 77 93 107 120 130 133 137 154 159 167 178 181 195 201 203 208 211 235 253 282 288 290 293 298 306 318 323 340 345 351 384 390 392
1018 63 73 77 84 100 107 111 120 130 152 154 157 164 167 169 171 195 201 228 235 243 252 266 290 295 323 339 340 341 351 358 366 392 394 401
643 67 93 95 115 118 123 149 154 155 171 182 205 229 256 259 261 266 282 314 332 339 340 346 366 403 405 417 425 426 429 444 447 449 451 457
1136 87 92 93 94 95 99 110 112 115 179 192 201 202 208 209 223 230 235 247 256 258 264 266 283 299 314 332 386 390 391 392 400 425 473 490
32 73 106 110 114 134 137 143 154 162 170 171 179 201 208 253 276 286 289 293 295 303 314 317 332 351 353 373 378 385 392 394 411 428 430 444
900 152 154 165 169 170 183 188 192 195 201 208 217 232 249 271 274 286 294 303 309 340 341 345 346 347 387 428 437 442 451 456 460 492 495 496
1315 167 170 173 175 210 211 234 235 241 243 266 276 288 295 317 340 345 384 392 400 425 438 447 463 470 471 480 504 507 509 515 540 551 552 560
2332 123 154 178 187 201 208 211 234 253 268 276 288 290 295 321 323 340 349 351 353 366 390 392 393 400 437 439 440 484 504 509 529 531 537 543
799 60 63 73 99 104 110 123 140 153 154 164 208 222 247 274 279 283 297 332 340 351 379 401 403 417 425 431 444 465 490 495 498 504 522 526
177 123 154 179 182 208 235 246 259 279 282 290 292 299 309 317 320 332 388 400 404 415 428 460 465 478 489 504 507 520 525 530 542 569 586 613
2156 71 78 80 104 113 120 130 137 152 154 167 190 193 201 208 217 229 252 257 266 273 295 297 323 325 340 341 345 351 366 384 403 425 444 447
297 78 89 101 109 123 145 151 187 195 208 213 223 252 282 285 340 345 346 353 366 373 388 408 425 437 447 490 504 512 542 548 561 575 581 586
74 109 118 119 120 123 143 154 167 175 179 181 191 208 232 238 250 252 256 303 305 307 313 317 345 350 351 381 390 396 401 425 463 465 495 507
1640 66 93 118 123 124 154 170 203 221 231 235 253 259 279 290 299 319 340 367 385 387 392 395 428 488 504 507 514 515 520 540 545 554 556 569
595 106 120 123 133 149 183 193 266 279 290 293 295 297 321 325 326 332 341 351 373 391 401 403 425 427 431 442 444 447 451 485 504 509 551 562
3453 143 149 154 155 178 179 230 253 256 259 290 299 314 345 351 366 391 392 394 424 427 430 447 451 457 473 475 495 504 507 508 509 514 540 545
259 100 104 113 148 154 155 167 168 172 179 190 191 192 195 208 217 230 253 266 268 299 321 350 351 353 355 382 400 417 424 425 429 483 536 542
132 127 137 149 154 160 180 200 221 229 235 266 279 282 285 293 295 299 315 345 351 366 384 390 392 425 437 447 490 499 531 540 586 613 616 656
734 130 152 154 167 175 181 188 190 192 195 201 207 213 224 252 283 295 317 332 345 351 353 368 373 392 403 420 425 428 431 439 447 465 469 504
1888 95 110 115 123 130 133 137 149 152 154 155 167 169 179 203 208 221 235 279 280 290 304 314 322 332 339 340 350 400 403 430 460 468 471 486
1519 207 208 217 241 247 254 274 293 317 322 323 325 340 345 349 351 364 390 392 403 424 425 428 439 447 495 504 520 529 541 564 616 630 636 648
2610 133 137 154 155 203 208 221 224 235 259 279 280 287 290 321 332 340 345 385 400 405 418 426 428 430 433 435 451 460 468 495 518 543 554 575
289 76 117 141 145 183 208 218 229 256 266 279 282 293 340 425 437 453 470 508 518 541 544 551 562 568 584 586 588 589 613 630 659 673 699 711
753 193 233 276 282 299 330 341 345 346 369 381 384 391 392 406 408 415 429 465 471 473 520 525 548 555 586 613 616 636 659 661 692 696 727 736
56 63 71 79 96 104 123 125 144 153 154 193 196 201 208 233 260 262 274 276 295 320 325 345 353 384 394 400 415 425 430 431 440 487 501 530
536 110 113 114 122 123 124 137 154 166 171 208 235 279 290 295 299 314 320 339 340 351 385 388 394 411 462 465 471 490 504 515 518 540 542 544
2597 99 112 169 193 201 205 210 222 237 240 279 282 301 306 341 372 391 394 396 403 430 462 495 499 502 525 540 619 652 674 675 677 681 729 733
329 134 150 152 182 191 209 217 231 235 266 295 303 323 325 369 421 429 447 468 477 504 509 533 539 540 542 550 573 581 582 599 615 688 689 749
4 154 203 208 235 279 295 299 309 340 345 367 385 392 400 415 447 459 463 478 504 521 527 530 540 558 573 591 614 666 675 697 743 760 770 783
14 113 125 152 167 193 198 208 211 230 235 243 245 253 299 332 338 341 358 366 373 392 405 425 448 459 463 529 534 540 560 573 575 576 586 591
707 153 154 158 175 176 178 191 208 217 222 224 235 273 282 295 306 345 366 378 401 403 424 425 489 522 536 541 542 575 577 579 613 681 687 699
744 167 208 209 213 217 220 253 285 321 332 336 340 345 355 357 359 361 366 392 425 447 468 512 517 519 537 540 541 550 575 594 630 663 672 680
997 178 183 208 235 239 243 244 276 290 295 314 323 332 367 369 394 415 425 489 491 498 507 509 510 518 534 538 540 542 543 576 577 610 619 625
642 145 155 167 169 182 186 192 201 210 217 259 295 303 304 311 320 332 342 348 369 390 392 393 437 445 490 502 507 509 543 554 589 599 605 615
727 149 154 157 167 175 179 192 195 208 209 252 270 290 340 345 392 393 400 403 425 428 437 465 469 470 504 506 531 540 541 551 552 576 586 614
1199 120 123 125 147 154 167 193 201 203 205 208 213 229 250 252 268 282 285 295 323 345 351 353 392 400 403 425 431 437 447 456 508 540 544 551
389 69 101 133 139 150 158 167 175 215 266 273 276 295 299 317 341 351 373 384 401 415 417 425 437 447 458 465 489 504 511 522 535 541 552 577
1657 154 156 181 185 193 195 201 232 235 266 276 282 317 321 325 346 378 387 403 425 428 477 484 489 509 524 535 540 542 560 586 592 608 614 625
2046 150 154 158 167 169 171 175 188 192 195 205 208 211 215 216 259 268 295 299 324 329 340 351 357 384 394 400 421 428 437 447 451 466 524 540
1269 157 169 254 280 299 314 322 325 392 405 445 451 504 509 510 519 534 554 576 587 591 600 615 640 652 670 672 680 690 697 705 760 775 790 805
44 131 154 160 167 169 200 201 208 243 257 273 295 299 315 341 358 364 439 464 490 554 575 586 609 697 708 735 748 766 768 783 804 823 826 833
227 171 175 179 195 203 240 245 252 253 256 276 299 306 309 312 317 332 340 346 351 392 400 425 428 430 434 447 468 488 504 540 554 555 560 586
967 153 165 179 208 217 290 299 388 392 403 405 428 429 451 465 478 488 504 507 510 518 554 569 591 612 614 619 628 647 666 668 697 760 770 787
1268 235 243 275 299 314 323 332 339 345 351 366 388 391 395 403 437 440 445 447 468 495 504 509 526 540 548 577 586 608 619 651 674 677 817 830
25 186 195 210 217 235 254 279 280 332 383 394 400 403 428 429 442 444 543 556 573 575 576 581 613 616 623 675 697 707 760 775 803 805 832 895
2470 120 145 154 167 180 190 193 195 201 202 208 249 290 295 297 340 347 403 485 540 578 586 588 605 619 630 642 648 658 678 687 735 762 782 804
2658 208 235 265 279 290 309 332 336 385 391 394 400 415 428 451 459 465 489 504 505 508 510 526 534 540 613 623 629 630 748 757 760 775 778 819
144 80 144 145 155 192 203 205 235 252 256 266 282 285 297 314 317 324 339 345 350 366 369 379 403 405 416 425 437 447 551 579 580 582 586 619
455 140 154 170 194 208 217 240 276 279 295 340 345 391 405 425 431 445 473 485 547 551 555 558 562 582 586 594 619 645 666 673 676 748 766 768
575 167 186 191 193 201 229 235 274 276 340 351 352 384 392 424 425 428 444 495 504 542 554 563 575 613 630 681 687 735 752 760 772 782 816 817
1932 113 120 123 133 145 154 157 247 253 274 278 304 323 325 346 350 379 392 394 401 403 410 425 433 489 540 584 586 588 630 687 727 731 738 782
912 120 133 145 154 194 208 252 264 269 290 303 307 325 345 349 351 392 424 425 435 437 440 447 463 509 531 567 571 586 613 616 630 656 727 735
1630 195 201 208 211 235 299 303 323 340 346 351 353 366 368 420 439 444 447 514 554 564 571 586 608 648 725 735 753 756 760 762 768 777 778 779
374 169 170 173 183 188 208 235 252 266 282 290 304 321 340 400 403 405 425 483 504 509 510 516 540 554 573 576 599 640 648 662 672 687 760 767
1714 93 99 112 115 137 138 140 164 171 250 256 293 317 342 400 403 466 490 494 517 533 551 560 582 586 643 648 652 654 666 684 705 722 735 760
1867 154 155 167 190 195 208 209 293 303 345 351 366 379 410 420 425 427 439 448 465 491 504 534 535 558 586 615 640 662 673 687 770 782 821 848
1169 133 137 154 190 192 193 200 208 209 253 283 288 311 314 332 336 351 358 368 369 403 425 429 499 540 554 582 586 587 596 614 640 662 667 673
2087 123 130 133 140 152 155 168 176 201 207 235 243 266 303 351 387 428 439 444 447 477 516 529 536 542 576 586 589 616 619 638 664 666 681 766
631 213 258 267 330 394 416 425 465 490 533 539 541 551 554 575 582 595 619 732 753 766 777 783 808 815 860 868 872 911 917 949 959 974 982 1006
229 186 195 208 217 235 259 290 295 314 351 369 391 392 447 490 504 518 540 543 554 614 615 619 639 652 668 706 708 760 762 770 781 785 804 815
765 80 134 137 167 192 208 293 303 320 338 351 379 392 425 428 444 465 477 504 508 540 575 578 652 686 687 719 725 758 761 770 782 805 808 812
1290 113 114 124 140 150 178 182 208 235 297 299 303 314 323 345 369 403 421 425 429 477 504 509 518 533 540 542 550 573 580 581 582 599 616 619
1295 180 203 208 240 268 279 320 340 351 384 425 427 428 437 483 485 504 520 531 540 554 558 586 652 676 698 708 712 725 782 784 817 864 868 875
3632 282 299 323 345 351 369 388 391 403 405 425 433 447 468 483 495 504 509 510 540 586 599 608 674 677 678 681 720 727 728 782 830 841 860 898
948 124 138 141 154 177 235 254 279 280 299 351 391 392 400 428 430 450 495 498 503 504 511 518 527 534 540 554 623 675 707 760 787 812 823 856
2755 123 137 154 157 203 204 208 271 295 307 314 401 405 406 416 425 429 432 444 450 507 534 540 549 555 577 586 592 593 608 623 677 681 718 760
1052 123 137 152 178 211 249 332 345 351 371 447 451 469 508 540 544 545 551 582 619 675 687 721 782 811 819 821 826 860 872 876 895 937 938 946
1457 119 140 143 154 175 187 191 193 195 222 247 252 295 345 377 394 403 433 447 509 512 530 552 608 663 676 681 714 727 746 760 762 796 819 821
10 173 179 196 256 290 292 295 363 369 392 400 426 429 449 451 465 490 509 515 550 554 573 576 610 629 653 673 675 686 760 761 770 787 801 815
2491 142 201 208 282 286 295 315 323 341 346 384 425 463 490 507 548 551 555 615 620 630 643 651 658 686 729 746 751 770 786 801 809 818 850 860
938 178 211 254 302 310 311 314 332 336 340 388 390 405 408 502 504 534 546 550 554 579 586 602 614 619 647 652 729 769 783 787 801 804 848 872
2438 175 181 208 211 217 227 238 253 259 281 283 295 314 340 366 369 392 403 425 495 504 522 615 630 662 666 783 801 815 817 930 942 973 1011 1035
2519 120 123 137 152 154 170 205 256 288 299 303 314 323 351 374 384 399 425 432 449 465 504 516 551 575 579 586 671 697 753 760 765 768 822 826
994 102 152 154 203 320 322 332 369 384 425 504 508 540 543 551 554 589 597 615 629 633 672 675 697 728 743 758 760 768 807 825 827 832 844 854
949 208 235 253 295 303 314 351 425 427 475 508 542 554 576 652 656 664 665 695 721 760 771 782 783 802 860 876 892 937 965 979 1012 1014 1035 1036
2022 194 217 243 266 290 332 336 338 340 366 392 403 425 430 437 444 447 489 504 508 509 540 575 672 675 725 753 756 760 767 768 799 815 819 851
360 225 230 247 273 274 279 283 291 320 343 358 366 401 495 512 524 533 551 562 582 602 630 652 673 704 727 745 751 766 782 802 814 821 844 848
790 275 345 358 366 381 384 392 415 425 428 437 490 531 540 555 558 630 636 662 692 742 748 760 770 772 778 782 801 818 821 844 850 855 860 927
2640 192 259 281 370 380 392 394 403 424 425 428 463 483 498 504 507 525 540 573 576 583 608 614 619 621 700 705 744 750 782 803 804 812 815 871
1239 297 314 325 339 346 351 366 374 392 397 406 407 418 425 438 460 474 490 510 516 518 540 554 652 659 661 664 672 673 727 760 782 786 814 829
2218 182 235 255 256 269 283 284 292 339 340 400 435 464 465 469 475 489 507 540 557 559 576 583 640 678 681 744 760 782 792 825 909 965 1003 1011
1426 154 155 182 199 235 255 269 284 290 299 308 340 346 369 400 465 489 504 507 540 542 560 576 630 657 672 675 678 681 713 744 759 760 782 792
1504 140 154 208 230 256 274 285 300 321 340 345 390 392 425 437 502 518 540 554 557 564 568 586 613 619 631 677 687 742 753 758 761 801 818 855
109 152 154 157 245 295 304 321 340 392 405 430 444 456 495 499 504 507 515 542 560 564 612 615 672 675 686 697 705 724 729 760 798 804 815 827
192 154 167 195 201 208 235 273 288 325 340 345 351 368 384 400 420 424 425 428 447 451 475 528 540 558 563 586 619 648 662 687 735 770 782 783
256 243 259 266 295 307 340 347 349 396 400 425 464 504 543 575 619 712 725 727 760 781 782 844 846 848 875 876 919 947 974 995 1010 1038 1086 1093
1965 73 110 123 151 154 158 178 208 215 217 235 290 299 314 340 345 392 437 444 447 495 504 507 515 542 560 575 576 586 591 615 644 671 675 693
266 161 176 208 217 235 239 244 249 256 269 283 290 306 307 332 342 345 351 403 415 457 461 485 499 533 537 540 545 551 573 586 619 706 760 770
446 145 154 164 167 169 275 299 301 314 332 349 400 403 416 447 473 494 512 532 540 544 665 682 727 766 777 778 821 844 848 937 965 1053 1073 1083
2184 217 249 259 303 305 314 348 369 392 426 460 466 502 504 509 543 554 555 582 615 643 652 675 689 730 760 766 782 786 801 827 848 872 876 938
2233 234 259 312 346 366 403 425 428 430 438 456 478 480 490 504 509 512 542 575 586 598 610 681 740 782 783 805 812 818 840 844 848 850 872 873
1011 148 154 203 208 283 293 299 345 403 425 465 475 481 504 534 554 586 633 661 680 690 702 777 783 787 804 830 850 872 876 892 896 924 965 974
2217 255 294 308 340 389 400 415 434 465 469 489 504 507 540 560 565 640 678 681 725 760 767 782 787 792 815 919 924 1024 1038 1049 1051 1061 1074 1125
2746 204 208 271 290 295 314 354 405 406 416 425 429 489 586 608 616 622 623 674 677 753 768 782 816 817 830 840 876 894 905 921 966 976 1011 1027
819 189 190 195 234 252 290 341 373 396 400 408 534 549 586 590 659 661 662 673 752 754 783 848 860 872 873 876 892 923 943 946 1011 1014 1027 1046
1034 171 178 179 198 235 282 314 325 332 383 415 429 444 447 449 451 468 492 495 499 515 520 540 550 582 675 678 697 760 768 775 783 794 848 854
1570 154 203 204 208 246 271 295 314 323 416 425 432 465 540 586 592 608 616 622 623 661 677 753 760 768 782 816 817 840 876 905 921 938 955 966
2534 208 217 233 235 312 323 340 346 392 400 428 460 475 495 503 504 509 535 540 554 569 573 576 586 613 658 686 770 782 783 796 817 837 854 919
3640 235 239 290 295 385 425 428 437 450 460 489 504 507 519 539 542 554 576 599 614 640 687 727 757 760 782 783 840 846 942 965 974 977 1035 1048
648 287 295 301 332 340 345 400 405 415 444 465 486 504 507 509 531 537 540 550 554 579 596 628 675 716 760 786 803 840 854 864 883 946 947 974
1439 116 133 137 152 175 205 208 210 282 299 303 337 345 353 372 495 508 536 551 554 562 566 582 586 588 618 624 644 666 671 701 751 763 766 772
610 154 243 295 303 323 403 422 504 514 528 539 550 560 582 643 654 687 689 735 760 769 782 794 837 848 872 905 965 974 976 983 1013 1018 1044 1053
1464 137 145 177 191 235 290 298 321 333 392 425 428 495 498 504 507 518 526 539 540 543 576 586 592 711 775 783 786 787 840 869 965 970 1050 1053
253 188 208 297 303 323 325 346 366 390 392 416 425 427 437 439 586 588 630 682 727 777 782 817 818 850 872 883 892 909 920 929 936 952 965 995
1065 123 147 152 154 169 175 178 208 254 267 268 279 295 314 317 341 345 349 351 378 403 425 447 473 481 496 540 573 615 658 677 693 735 742 746
1595 154 195 203 204 208 231 235 246 253 271 314 323 354 416 425 540 555 586 597 608 622 623 677 768 782 817 840 876 905 921 937 966 976 1010 1035
2094 133 144 152 180 217 249 256 264 332 345 346 350 364 379 384 403 425 448 473 507 541 708 727 782 783 815 860 885 894 901 955 965 974 980 1028
3052 123 137 149 154 201 207 208 235 307 314 320 373 387 392 400 437 504 508 576 615 619 652 684 690 725 727 740 760 777 782 783 801 803 804 844
369 103 120 123 154 202 208 235 271 276 305 323 401 405 416 418 425 448 549 588 608 630 653 674 693 753 782 817 823 840 853 894 921 942 965 966
556 107 123 154 158 167 175 208 213 253 268 278 279 324 345 351 366 371 403 425 430 431 447 496 504 534 555 589 642 664 674 676 711 712 751 804
2280 266 299 314 332 340 369 392 419 421 468 504 524 554 615 640 661 672 675 681 743 760 768 782 807 815 827 854 861 875 881 926 942 1014 1016 1023
1564 181 235 249 252 261 279 314 321 336 340 381 392 403 422 431 445 450 509 533 558 568 586 615 630 736 751 754 777 779 804 812 815 878 893 895
391 203 250 253 266 274 295 303 305 340 341 349 351 384 392 427 447 480 542 554 608 638 687 712 727 730 735 782 783 796 834 872 887 909 939 1011
608 290 296 304 412 447 503 504 510 516 535 539 540 542 554 579 586 675 681 745 760 770 838 840 942 965 974 977 985 1011 1016 1027 1050 1078 1093 1131
820 154 167 175 181 188 190 192 253 279 293 305 314 351 357 366 390 403 437 444 447 483 495 496 499 504 508 515 540 554 555 561 586 591 653 682
2700 165 169 170 201 208 243 266 299 322 325 332 392 428 471 484 495 503 527 554 576 599 614 681 688 729 760 770 787 874 875 913 957 977 978 1028
978 179 208 271 277 290 299 307 392 485 495 503 535 555 590 599 629 678 681 729 760 786 827 840 905 942 978 1001 1016 1028 1034 1038 1053 1146 1169 1190
1587 154 178 192 223 235 282 299 314 323 332 353 359 364 428 440 447 504 540 605 643 682 725 749 766 768 772 783 784 815 848 857 872 923 945 958
6046 134 136 154 170 176 189 208 256 275 304 356 414 425 429 430 438 457 493 534 540 541 546 549 550 554 612 640 652 672 675 682 687 688 729 758
60 181 188 208 339 384 385 396 415 460 468 509 510 559 586 640 648 649 651 687 739 760 775 782 814 844 876 1011 1012 1021 1027 1035 1050 1053 1061 1084
2035 294 308 340 342 345 370 400 403 425 469 504 551 576 586 648 681 727 760 778 782 786 787 813 815 874 876 937 939 976 1025 1035 1065 1091 1132 1144
2741 253 266 299 307 323 351 367 373 426 447 468 495 510 540 552 576 586 590 608 612 677 727 728 782 895 924 998 1010 1014 1030 1100 1101 1107 1131 1143
569 197 201 208 235 266 297 313 340 341 353 384 392 415 425 429 504 535 586 588 614 664 734 735 749 750 760 777 782 787 796 817 855 872 876 908
1667 266 279 299 332 339 394 400 403 430 519 528 540 579 586 600 624 632 638 654 671 727 758 768 819 848 872 880 883 923 937 975 984 1011 1028 1074
48 154 202 203 213 221 245 279 287 314 345 349 366 381 394 405 431 443 447 466 527 554 558 568 573 586 588 631 640 648 651 652 673 731 736 751
261 79 81 101 120 129 138 145 148 196 208 222 279 323 337 345 369 392 403 410 437 468 473 549 551 582 630 659 737 763 782 821 868 920 924 937
1130 204 208 246 271 279 314 323 345 354 404 416 425 540 586 608 622 677 696 753 768 782 817 840 876 905 921 934 938 955 966 976 1027 1035 1048 1099
1613 252 282 295 299 306 323 340 342 361 392 401 403 447 483 489 517 540 541 586 588 615 645 651 652 687 716 752 761 766 782 787 805 866 880 883
1473 178 182 191 209 429 468 504 539 540 542 551 557 580 581 587 619 672 728 740 769 780 781 837 872 883 906 1000 1006 1013 1038 1043 1053 1074 1113 1134
1538 245 250 295 297 332 341 346 353 355 384 410 420 512 542 566 610 652 734 760 782 815 817 875 924 939 1011 1053 1078 1081 1090 1121 1145 1154 1165 1168
2808 68 110 134 137 152 160 192 282 295 340 346 353 378 425 445 465 469 504 540 575 586 652 658 681 687 692 694 753 777 782 872 876 911 965 1000
1463 165 167 191 208 299 351 390 396 405 495 528 554 562 583 588 598 615 673 693 699 722 814 817 821 826 834 872 999 1036 1041 1056 1074 1076 1113 1122
840 140 142 152 154 156 347 379 384 423 439 440 447 586 602 640 662 752 844 855 876 882 892 894 927 965 980 1058 1088 1090 1102 1138 1146 1174 1209 1250
1281 146 167 181 187 211 232 283 314 341 351 353 361 390 403 522 533 540 542 555 586 615 619 736 758 766 783 786 813 833 885 920 937 1011 1018 1036
1238 165 266 268 290 299 391 392 425 430 468 495 518 554 560 576 596 599 648 653 688 708 757 770 805 840 860 874 966 972 1031 1038 1046 1061 1169 1181
1832 290 308 378 425 436 460 468 498 510 535 556 576 584 586 610 637 672 687 703 708 725 783 786 817 840 869 880 915 934 942 944 985 1030 1048 1061
1893 131 145 205 209 267 301 341 345 353 384 464 502 517 540 555 593 652 666 677 717 729 733 758 781 843 847 856 883 923 937 1011 1026 1036 1038 1045
2955 94 99 115 137 140 193 250 269 283 293 317 342 362 372 494 533 582 586 681 705 711 722 787 805 826 848 879 888 922 937 976 1067 1074 1095 1153
706 144 153 154 158 170 229 256 282 295 306 307 373 392 401 403 425 489 522 586 613 681 733 760 782 786 817 826 855 860 879 885 912 1011 1014 1028
1481 123 155 208 256 266 290 299 307 332 345 364 384 385 392 405 425 475 495 503 509 510 540 550 573 576 599 613 672 675 678 688 727 760 782 786
4693 190 208 231 307 351 353 392 396 425 428 429 444 504 515 540 554 575 586 652 672 678 681 686 760 762 770 782 801 804 811 850 853 887 924 963
137 235 253 262 283 289 295 298 318 332 366 429 431 465 479 487 525 573 587 600 605 606 611 618 639 649 793 799 807 833 858 861 872 876 892 923
1830 165 188 208 332 428 447 504 540 548 554 575 603 615 625 637 672 675 760 768 775 803 924 942 946 960 974 985 1028 1030 1050 1053 1074 1093 1144 1165
3633 235 253 299 306 320 323 332 351 437 447 495 504 508 509 510 540 551 561 586 592 599 674 677 728 782 830 942 1014 1030 1046 1088 1101 1107 1131 1146
1489 220 259 266 268 271 299 307 323 332 367 392 405 419 459 460 495 503 540 550 560 576 583 599 753 760 782 854 856 942 946 1009 1028 1034 1048 1062
1032 235 276 279 340 384 400 403 420 425 428 430 431 444 447 455 463 468 511 537 578 584 586 591 631 648 692 762 777 782 821 954 965 1011 1021 1035
1131 254 257 274 283 295 323 345 379 392 401 424 431 437 489 499 511 522 552 577 586 608 613 630 634 693 727 813 815 817 819 881 911 920 923 936
2902 154 162 208 253 267 271 283 303 313 354 384 400 489 507 555 586 593 608 610 635 661 681 693 725 733 753 760 767 782 814 815 817 854 876 899
54 178 201 253 266 369 372 425 458 460 499 509 519 531 540 548 554 586 628 640 657 663 664 760 770 782 794 802 826 858 958 961 1035 1074 1093 1135
351 123 152 167 178 207 208 235 259 276 351 361 392 437 447 490 518 527 555 584 586 591 642 652 675 766 777 804 809 815 850 852 860 875 876 889
854 197 202 207 209 235 239 320 342 394 428 444 464 472 488 509 528 530 554 560 582 586 619 632 654 666 725 789 815 819 895 984 1011 1013 1036 1042
2186 338 340 345 405 496 505 519 540 551 576 615 648 652 656 663 725 751 768 790 815 872 892 965 973 974 996 1009 1023 1036 1086 1146 1182 1233 1273 1283
2623 233 282 313 330 346 384 425 429 448 508 555 586 610 613 616 630 649 686 692 696 748 754 764 783 860 890 892 894 900 917 965 975 1014 1046 1053
115 165 169 203 208 266 268 299 391 392 419 425 450 495 510 550 555 576 608 613 614 681 688 708 729 770 787 853 856 908 926 942 1028 1053 1061 1097
770 175 280 295 340 347 351 384 392 425 427 437 509 517 531 542 569 586 613 735 760 777 782 783 799 900 919 939 954 976 1010 1011 1016 1046 1053 1090
2564 154 167 181 235 252 259 310 311 314 339 425 430 516 543 550 551 554 573 576 579 615 652 663 672 708 717 783 812 817 860 872 885 919 972 1014
2565 120 131 141 205 209 222 267 286 287 301 341 391 430 499 540 593 652 677 681 722 733 781 843 847 856 872 883 937 1011 1026 1045 1051 1075 1083 1095
2566 201 205 209 256 267 282 301 341 354 372 391 433 502 540 550 593 665 677 729 751 758 781 787 826 834 843 847 856 883 922 937 1026 1036 1045 1050
2995 266 268 271 290 299 323 367 392 418 428 467 475 495 498 507 529 540 542 576 577 596 608 629 657 663 672 675 687 725 727 729 760 770 783 786
2915 253 266 299 323 345 373 391 411 443 447 468 540 552 586 677 681 760 782 784 814 817 860 975 1014 1030 1088 1090 1101 1107 1131 1143 1155 1190 1273 1277
4587 154 155 191 206 217 241 279 295 340 392 437 438 473 489 504 554 555 578 586 693 710 750 760 770 782 784 787 804 817 840 854 889 890 900 942
647 140 152 173 261 346 365 425 519 541 551 552 568 586 587 603 652 661 664 686 755 766 783 801 862 872 882 930 950 952 959 965 973 982 997 1030
1635 155 161 173 235 239 244 249 256 283 306 318 332 351 364 394 400 415 425 461 489 537 540 551 554 573 586 652 671 675 760 777 782 812 844 880
1562 217 223 224 235 243 266 314 332 403 426 430 437 504 511 519 540 586 760 770 790 812 827 830 898 931 965 988 1098 1108 1146 1171 1191 1206 1277 1279
276 59 61 71 73 86 113 149 187 207 208 213 229 235 278 340 344 345 369 437 448 456 673 713 760 782 787 822 876 895 931 965 988 1011 1014 1059
2583 263 290 332 345 369 391 396 400 403 447 468 489 535 540 551 568 586 629 760 808 816 830 854 965 978 1001 1048 1053 1088 1107 1116 1168 1181 1249 1266
3164 208 229 235 279 299 336 340 341 344 351 357 369 385 391 400 403 428 447 490 504 509 534 540 543 586 615 619 682 711 729 782 864 872 876 895
3190 228 250 279 299 342 412 415 490 494 502 522 533 565 582 586 666 729 758 786 848 873 879 882 888 922 938 976 1036 1074 1086 1185 1195 1309 1327 1332
3826 208 253 299 323 345 391 411 468 499 508 510 540 561 586 612 728 767 782 860 958 975 1014 1023 1038 1088 1090 1101 1107 1155 1190 1285 1301 1323 1351 1362
4338 361 392 400 436 453 488 554 573 591 614 722 760 762 783 787 846 854 858 861 870 874 876 919 954 955 956 965 985 1019 1093 1114 1129 1144 1174 1181
120 208 235 246 275 304 321 363 384 387 394 401 425 468 487 530 538 540 543 552 573 616 659 661 675 696 759 760 796 852 893 900 944 1010 1021 1040
611 268 384 404 468 504 505 510 540 543 554 573 576 608 614 616 731 760 786 805 807 840 860 942 1012 1046 1074 1088 1107 1136 1193 1294 1299 1344 1403 1485
1843 211 234 253 283 301 405 425 437 495 504 531 586 591 708 777 801 808 826 900 1081 1145 1153 1155 1168 1194 1235 1237 1313 1343 1345 1362 1420 1571 1584 1605
1953 169 181 208 235 253 322 345 354 369 391 414 425 468 486 508 540 583 586 605 681 687 688 694 782 817 830 841 858 860 1030 1053 1088 1090 1107 1146
2212 201 208 235 323 340 351 425 428 431 504 506 557 571 586 619 673 712 731 735 751 771 777 782 794 815 875 919 952 1011 1028 1070 1081 1090 1120 1146
2983 208 266 295 332 345 401 403 425 437 469 495 501 504 576 586 613 661 687 693 725 750 751 772 782 796 819 860 865 917 965 974 989 1008 1011 1042
3470 345 347 366 369 398 429 448 545 558 586 613 640 720 727 733 742 751 766 801 848 894 973 995 1011 1046 1053 1088 1093 1108 1140 1144 1146 1165 1181 1184
3684 203 208 222 235 268 271 279 314 323 354 396 405 415 416 418 425 440 507 540 592 657 756 767 768 817 840 905 921 990 1048 1091 1099 1121 1145 1148
4055 366 375 391 425 431 439 469 507 509 531 540 546 549 560 575 576 681 686 694 726 748 760 819 823 834 837 937 964 1010 1054 1128 1142 1156 1169 1235
21 195 259 271 295 332 369 377 392 404 418 428 510 526 534 555 596 640 672 678 688 727 760 767 786 825 830 851 854 876 895 934 938 958 972 1011
993 165 195 211 256 266 295 299 309 313 391 392 428 495 503 526 529 540 555 560 576 590 599 608 653 672 687 702 760 782 827 856 942 978 1053 1097
1440 131 203 205 229 256 267 299 301 318 341 342 345 354 391 502 504 584 593 605 665 666 677 717 729 748 758 781 843 862 875 883 922 937 1028 1036
1472 259 271 280 392 400 423 426 428 489 491 510 525 535 596 622 649 668 753 770 784 807 823 825 828 831 915 919 942 968 984 993 1048 1050 1116 1138
2916 253 266 345 347 373 437 447 468 495 510 540 552 555 586 608 677 782 895 1008 1014 1030 1046 1053 1088 1101 1107 1155 1190 1273 1277 1285 1303 1323 1362 1416
126 276 290 313 332 367 392 412 419 450 504 507 510 518 539 540 576 605 629 675 687 760 786 840 846 944 965 1027 1051 1061 1088 1114 1146 1299 1385 1396
737 195 201 207 290 295 305 340 345 346 349 351 366 392 439 504 542 543 586 664 736 760 777 818 844 850 952 973 1011 1016 1028 1038 1046 1056 1059 1088
2616 301 315 321 323 350 366 468 504 533 539 554 576 579 582 647 648 689 725 749 768 786 853 867 902 1016 1024 1051 1053 1086 1105 1111 1129 1196 1222 1240
2042 295 301 316 345 347 377 415 466 491 504 542 576 606 727 760 783 786 789 815 920 944 965 994 1011 1046 1061 1093 1154 1174 1228 1240 1308 1309 1315 1344
3468 321 351 353 366 392 456 475 536 571 609 648 681 687 735 753 779 816 854 876 1028 1052 1082 1090 1093 1118 1120 1165 1181 1184 1209 1213 1264 1275 1277 1281
433 235 239 245 265 342 428 456 464 465 502 509 528 540 554 557 586 632 654 666 667 682 760 765 789 876 980 984 1011 1024 1029 1036 1046 1051 1076 1083
1443 303 321 343 353 366 396 410 433 468 511 540 544 562 582 588 615 616 686 696 749 751 783 794 799 850 855 860 863 872 885 939 976 1014 1068 1079
2232 208 211 217 229 268 283 297 340 368 384 425 437 486 489 504 583 586 613 638 639 648 734 777 782 798 848 904 1005 1014 1016 1028 1090 1170 1181 1184
2695 345 365 425 512 541 580 586 594 615 619 647 673 687 727 751 782 872 920 965 974 995 1032 1120 1137 1165 1168 1184 1192 1264 1266 1294 1329 1343 1357 1483
3611 259 266 295 391 392 425 466 495 507 509 533 569 588 605 625 629 640 725 757 760 782 794 819 876 895 908 993 1014 1035 1046 1143 1148 1155 1181 1358
212 281 345 369 400 403 465 475 540 557 583 678 681 760 782 909 928 943 981 1053 1061 1074 1096 1099 1154 1163 1180 1218 1247 1276 1279 1290 1305 1338 1345 1350
1127 201 279 286 287 291 314 346 364 378 403 425 447 477 502 504 509 528 529 550 624 673 736 758 821 837 848 860 868 920 961 1011 1030 1036 1056 1098
1416 233 248 262 266 269 281 283 332 336 391 400 465 504 537 540 554 576 630 638 671 693 753 760 781 782 819 854 1035 1038 1049 1114 1125 1151 1180 1218
1551 154 208 234 283 295 323 351 369 391 425 447 467 473 483 504 540 543 586 666 694 848 850 855 932 939 946 957 964 965 1011 1056 1084 1107 1117 1131
2036 153 295 373 392 401 489 532 577 586 613 639 681 687 727 760 766 782 786 817 826 835 855 875 876 879 885 920 940 1052 1093 1155 1162 1165 1168 1185
2058 239 282 291 299 314 488 502 525 528 554 560 586 632 654 667 682 789 876 958 984 1011 1024 1036 1076 1083 1109 1124 1129 1176 1181 1195 1309 1372 1375 1392
3131 323 373 391 403 483 499 504 526 576 586 599 605 693 728 767 770 830 876 925 975 1012 1016 1030 1038 1053 1088 1101 1107 1130 1131 1155 1189 1190 1194 1273
6459 389 391 437 474 489 540 610 620 672 675 681 694 713 760 782 892 917 924 930 1003 1121 1180 1184 1208 1276 1303 1345 1350 1353 1362 1428 1445 1452 1490 1512
809 167 201 208 217 252 269 340 345 384 403 428 437 456 489 490 648 712 727 777 783 817 872 876 952 1014 1090 1146 1155 1168 1187 1192 1208 1236 1259 1304
1119 208 209 273 311 366 391 432 440 451 473 477 502 539 554 586 600 602 652 658 673 749 769 797 801 804 872 876 922 942 965 1014 1084 1128 1152 1156
1754 317 332 339 347 400 415 425 434 485 507 510 542 554 561 568 581 672 681 707 727 805 815 840 856 934 965 1048 1053 1074 1168 1277 1280 1311 1339 1348
3245 209 211 213 231 276 314 340 345 387 410 425 437 447 504 551 575 616 619 664 735 762 770 777 872 939 952 1011 1053 1090 1135 1154 1155 1175 1183 1234
4833 321 332 445 453 539 570 579 617 672 697 760 769 789 804 862 903 965 1006 1016 1053 1074 1079 1091 1095 1105 1128 1146 1153 1182 1345 1377 1391 1407 1411 1429
105 229 252 282 340 351 353 430 502 550 555 673 729 762 821 826 848 872 879 892 925 927 952 965 974 991 1036 1041 1090 1118 1148 1189 1192 1241 1265 1357
148 199 208 269 287 366 420 425 512 558 586 613 652 658 678 727 745 751 772 782 794 815 826 872 965 979 1036 1114 1155 1165 1190 1270 1304 1308 1316 1343
3139 332 345 354 369 391 425 457 468 504 507 510 561 586 592 599 605 681 727 760 782 840 892 1016 1030 1046 1087 1101 1107 1115 1190 1273 1277 1323 1343 1471
4557 317 421 453 456 466 468 484 495 504 509 523 554 573 576 582 629 652 672 681 760 827 861 874 972 986 1012 1016 1024 1050 1053 1074 1078 1093 1105 1129
68 270 299 301 304 311 321 323 345 356 369 419 518 551 554 576 608 614 645 648 729 740 783 804 812 872 947 955 965 982 1014 1016 1050 1067 1129 1155
2692 257 290 295 326 369 391 458 465 504 540 551 554 577 681 781 787 792 815 840 904 915 1048 1049 1104 1141 1208 1284 1290 1303 1314 1316 1327 1335 1348 1350
2984 268 345 351 400 425 507 517 531 551 560 575 619 687 735 819 871 875 929 939 944 974 999 1010 1019 1041 1052 1073 1107 1144 1146 1168 1200 1259 1275 1277
203 324 328 380 389 394 420 425 429 434 479 505 520 525 587 604 605 675 696 714 776 782 785 790 819 820 828 861 892 931 968 1035 1037 1138 1144 1146
311 273 279 290 303 340 345 351 425 428 520 542 551 575 586 662 668 673 708 751 782 799 834 895 965 1011 1041 1046 1053 1107 1145 1168 1190 1209 1264 1277
1203 305 345 369 383 396 400 419 439 460 507 544 586 608 687 696 727 743 783 840 872 892 895 937 951 965 982 1070 1088 1131 1140 1155 1161 1170 1182 1188
1602 381 391 425 504 519 551 560 608 770 777 782 794 876 882 949 965 973 983 1035 1041 1053 1059 1144 1165 1181 1187 1189 1277 1301 1313 1325 1343 1370 1411 1471
2609 154 235 301 310 321 366 425 495 504 507 511 543 554 576 619 685 702 749 760 786 938 1004 1006 1012 1016 1028 1046 1095 1098 1126 1129 1152 1240 1283 1372
3847 303 314 351 447 473 481 509 512 540 542 575 589 673 675 701 729 751 753 760 766 778 782 819 861 872 892 903 938 946 965 976 979 1053 1086 1144
4946 319 327 332 385 392 419 425 428 495 503 507 509 529 579 583 608 728 760 766 782 819 840 856 921 1028 1053 1061 1097 1146 1181 1190 1235 1277 1396 1440
298 247 273 321 340 366 384 400 406 425 431 523 525 540 558 571 586 610 612 613 647 673 742 761 782 850 855 884 894 913 920 1041 1107 1168 1188 1189
1264 253 282 299 345 373 437 468 499 540 586 599 605 608 616 693 760 782 787 830 975 1008 1030 1101 1107 1131 1155 1190 1210 1235 1393 1450 1457 1471 1493 1519
2399 214 504 554 672 675 678 697 705 760 867 906 960 1035 1046 1054 1074 1190 1201 1260 1353 1362 1403 1442 1469 1512 1527 1562 1568 1641 1654 1676 1793 1817 1828 1829
4083 383 391 392 411 426 468 490 504 554 579 647 701 760 787 796 798 827 829 964 975 978 985 1053 1146 1177 1275 1301 1311 1353 1372 1448 1456 1526 1577 1582
7550 294 295 394 400 465 469 504 509 534 540 560 638 657 669 678 681 760 770 782 909 924 1061 1074 1099 1125 1180 1208 1276 1279 1290 1303 1350 1362 1421 1445
9 235 271 295 332 405 418 421 504 509 544 608 614 637 672 696 697 760 782 812 827 854 867 937 1014 1053 1080 1085 1087 1100 1113 1258 1270 1275 1308 1339
49 281 290 301 340 351 384 428 447 468 488 504 507 540 576 629 675 681 760 792 793 823 826 959 1007 1010 1053 1086 1096 1146 1190 1277 1299 1305 1362 1384
127 218 253 274 280 345 428 463 470 498 504 525 531 576 613 619 727 760 770 782 786 787 897 934 952 976 1053 1121 1144 1146 1154 1155 1181 1190 1276 1311
1181 301 311 323 325 363 366 383 405 421 460 490 495 504 514 518 539 540 542 584 616 675 687 752 760 786 823 827 878 974 1016 1024 1053 1067 1079 1090
1732 282 341 358 425 438 463 518 540 541 551 615 664 673 760 783 821 850 860 895 922 1011 1090 1144 1145 1164 1168 1181 1192 1216 1254 1293 1345 1411 1442 1454
1845 266 275 295 314 332 346 361 437 473 495 522 544 681 746 762 782 792 1014 1090 1148 1162 1224 1235 1246 1277 1301 1327 1496 1511 1528 1562 1576 1591 1614 1633
2555 396 425 428 437 457 510 518 554 555 653 672 687 688 757 760 856 942 965 1009 1038 1053 1074 1111 1164 1175 1181 1190 1235 1242 1277 1291 1326 1327 1345 1432
927 450 555 575 586 608 681 760 768 807 937 946 955 1050 1061 1090 1099 1145 1153 1174 1283 1310 1332 1372 1487 1508 1519 1528 1581 1588 1604 1615 1664 1720 1733 1738
1292 299 345 373 428 499 507 508 531 540 760 775 782 840 860 870 923 1006 1010 1016 1027 1035 1101 1107 1131 1190 1296 1323 1339 1345 1457 1471 1483 1519 1520 1610
2003 154 178 235 243 244 290 299 301 323 380 425 428 437 460 468 491 504 505 544 687 699 705 724 727 760 874 965 1012 1080 1105 1126 1155 1175 1177 1184
2085 346 356 369 384 467 504 510 540 544 576 577 615 625 637 681 766 770 787 792 815 830 942 958 965 1023 1051 1053 1130 1291 1327 1329 1403 1418 1536 1539
2315 256 332 343 345 351 359 366 507 551 577 586 616 678 680 686 713 727 767 783 800 810 821 849 876 892 910 958 980 998 1177 1178 1287 1288 1291 1343
2884 274 276 284 295 363 370 437 438 465 489 541 614 661 681 699 744 760 782 815 857 920 1011 1093 1099 1144 1148 1154 1155 1180 1181 1182 1190 1198 1253 1277
4764 290 295 430 465 507 540 557 597 669 681 727 760 767 770 782 909 924 965 1026 1061 1074 1091 1099 1154 1180 1198 1208 1247 1276 1279 1303 1338 1350 1362 1372
5385 370 437 504 537 543 569 586 613 629 675 681 727 753 760 779 782 854 886 895 921 965 1011 1048 1052 1093 1146 1159 1184 1190 1298 1326 1329 1334 1382 1411
6456 375 389 400 437 504 525 540 565 610 620 675 681 694 713 724 760 782 892 917 924 930 1003 1141 1153 1180 1276 1290 1353 1362 1428 1445 1452 1490 1535 1544
143 153 189 208 217 266 276 332 340 345 351 392 400 438 465 466 573 586 628 706 760 790 815 817 847 881 924 957 960 1011 1074 1090 1093 1101 1146 1165
416 154 157 168 208 218 267 296 454 473 584 586 591 608 630 639 648 756 815 917 919 946 973 1012 1050 1107 1144 1154 1180 1218 1243 1252 1311 1326 1469 1476
1483 247 251 275 366 378 426 473 581 598 658 763 766 777 801 848 872 965 980 982 1008 1018 1026 1029 1041 1145 1170 1182 1199 1209 1265 1283 1291 1303 1323 1328
2592 323 345 346 351 384 410 447 475 483 519 534 578 586 604 619 624 656 694 708 749 834 886 893 917 939 963 998 1028 1055 1084 1108 1287 1402 1427 1457
2613 226 253 268 290 301 369 397 405 436 460 467 504 554 576 697 702 727 728 786 832 854 958 965 1022 1046 1053 1074 1088 1146 1153 1181 1182 1190 1218 1301
4763 450 505 519 540 554 576 586 640 675 732 760 775 783 786 807 854 876 985 1053 1086 1190 1260 1283 1297 1316 1322 1344 1362 1372 1392 1403 1409 1503 1514 1532
6455 389 437 489 509 525 540 565 610 620 675 681 694 713 760 782 892 917 924 930 1003 1180 1208 1276 1303 1353 1428 1445 1485 1490 1535 1544 1578 1614 1694 1719
19 266 268 299 301 309 332 340 393 414 430 496 504 540 576 584 596 614 672 675 760 784 786 816 840 854 869 985 996 1041 1053 1074 1086 1090 1096 1190
324 214 220 233 290 332 412 454 554 556 563 591 648 672 681 702 727 755 760 786 854 875 962 1153 1168 1181 1190 1193 1240 1277 1316 1326 1339 1403 1444 1561
349 253 299 305 340 349 351 355 384 435 454 495 540 575 586 630 651 770 782 812 817 822 834 836 854 908 946 965 1011 1060 1168 1297 1329 1370 1382 1394
789 253 266 294 307 314 340 355 381 400 425 540 577 586 601 638 703 727 737 762 782 783 784 812 817 857 903 934 942 965 1011 1048 1053 1078 1107 1140
798 247 295 345 396 437 463 475 504 534 554 616 770 840 874 876 878 919 949 979 1011 1046 1065 1074 1132 1181 1182 1218 1242 1255 1277 1335 1337 1401 1411 1465
829 351 370 373 384 425 444 541 586 596 610 613 782 876 880 894 976 1028 1046 1056 1073 1090 1114 1129 1146 1168 1184 1190 1211 1250 1264 1277 1287 1293 1323 1360
4184 153 167 190 195 201 208 295 318 323 366 387 392 394 400 509 510 518 588 613 630 756 759 830 876 976 1011 1035 1090 1121 1180 1189 1192 1211 1289 1299
31 249 293 323 346 403 428 437 486 495 496 504 583 586 661 695 711 760 799 811 844 872 1035 1038 1053 1086 1090 1144 1168 1175 1182 1184 1332 1350 1362 1528
37 266 295 304 306 309 314 332 369 425 437 450 488 495 540 542 558 586 609 629 662 672 676 686 725 772 789 818 876 938 946 958 974 981 1011 1018
1171 310 339 372 448 534 540 551 576 582 586 621 638 641 656 680 768 777 800 803 843 848 866 895 896 920 946 972 1037 1073 1146 1155 1192 1234 1309 1404
1179 301 319 332 340 387 425 504 543 554 576 614 675 677 760 782 786 790 793 819 823 840 1050 1053 1098 1164 1182 1190 1223 1316 1321 1403 1534 1535 1539 1551
3285 271 323 404 425 540 608 661 681 768 782 817 920 921 966 976 1027 1048 1099 1145 1164 1301 1350 1372 1498 1561 1562 1588 1614 1720 1733 1745 1777 1823 1831 1850
3555 235 341 351 390 391 424 425 447 504 508 533 559 577 586 727 782 787 804 872 943 952 960 978 1059 1073 1090 1099 1165 1175 1182 1190 1192 1260 1265 1287
4069 273 276 280 288 353 366 401 431 554 564 614 701 748 782 783 793 801 804 854 872 931 969 979 1015 1050 1059 1094 1112 1145 1165 1240 1302 1343 1355 1434
7294 347 392 415 433 437 504 509 516 525 540 576 727 731 767 813 836 854 944 1027 1053 1065 1100 1114 1144 1146 1154 1155 1190 1194 1211 1264 1275 1454 1536 1644
76 208 290 301 340 345 392 397 414 430 450 509 540 543 560 653 678 760 786 816 823 876 1035 1053 1141 1146 1155 1181 1187 1190 1299 1311 1324 1331 1414 1429
299 306 345 349 396 425 489 542 554 688 727 735 782 783 875 1010 1014 1069 1107 1165 1168 1184 1209 1264 1314 1329 1332 1339 1395 1443 1518 1528 1562 1573 1585 1590
791 277 301 412 430 468 504 545 551 591 669 675 693 760 782 784 786 836 853 876 908 915 985 1046 1050 1053 1061 1094 1162 1190 1213 1299 1310 1314 1367 1528
1054 332 338 356 404 407 450 507 540 541 555 568 637 639 642 760 786 815 830 846 854 924 942 1009 1048 1053 1181 1337 1403 1562 1614 1643 1644 1731 1803 1806
2006 245 301 309 428 437 495 587 697 729 769 783 827 853 887 938 958 974 993 1067 1097 1098 1105 1126 1146 1151 1169 1186 1233 1240 1283 1309 1311 1314 1345 1407
2183 197 241 274 328 329 341 345 351 379 408 421 508 543 550 574 586 588 590 630 664 695 721 804 848 872 876 1011 1078 1168 1181 1187 1190 1278 1314 1355
3704 208 236 252 279 340 341 351 366 373 384 400 425 447 563 586 662 736 751 762 770 848 872 895 946 963 965 1011 1035 1036 1046 1053 1093 1101 1184 1190
4161 400 412 418 433 439 509 510 516 540 554 573 576 579 640 711 760 767 787 840 856 869 942 1008 1027 1028 1050 1061 1084 1087 1090 1277 1344 1362 1403 1426
4475 201 208 274 303 314 340 425 447 746 865 876 878 882 885 965 976 1011 1039 1052 1053 1090 1093 1145 1194 1275 1314 1339 1340 1345 1357 1411 1415 1426 1427 1466
5518 156 208 218 259 332 418 428 468 504 510 518 537 540 541 576 613 619 672 732 786 787 827 828 915 934 1008 1027 1046 1053 1061 1080 1154 1181 1190 1235
6288 282 312 313 314 330 400 425 435 437 471 540 586 593 594 615 661 764 766 783 898 916 967 980 1011 1022 1043 1083 1188 1234 1287 1294 1317 1352 1397 1444
15 208 247 264 279 369 394 400 415 513 544 564 581 586 642 661 662 664 673 692 703 726 738 777 784 814 855 872 945 968 970 974 1027 1036 1041 1074
36 405 424 437 483 490 534 540 550 551 555 568 586 624 633 745 783 815 848 853 892 946 1012 1045 1046 1122 1187 1188 1265 1268 1299 1327 1343 1450 1465 1480
735 208 252 340 345 366 439 447 520 551 555 571 586 644 652 662 872 923 966 1019 1090 1108 1168 1175 1192 1264 1312 1339 1340 1426 1457 1490 1493 1518 1534 1547
1079 356 369 436 437 445 459 460 495 504 556 584 597 664 705 760 762 832 955 972 986 1019 1120 1146 1165 1182 1190 1240 1316 1372 1395 1397 1411 1418 1438 1485
1082 240 252 259 269 287 301 350 351 361 391 392 400 425 456 468 510 518 570 672 708 727 760 768 818 853 872 900 903 971 974 1012 1016 1079 1081 1091
1988 235 287 392 411 426 473 540 551 554 556 579 612 615 647 678 697 724 745 760 796 827 838 883 964 965 1051 1053 1074 1096 1160 1183 1222 1294 1301 1311
3417 313 328 354 384 418 450 468 489 540 543 555 586 593 619 681 693 733 760 767 814 817 899 1003 1010 1011 1014 1027 1048 1053 1188 1208 1241 1301 1327 1350
4642 231 247 274 295 331 345 346 379 438 447 451 465 522 542 552 610 613 725 782 786 885 894 896 1005 1081 1090 1093 1165 1185 1190 1275 1294 1299 1327 1411
7770 345 351 404 411 429 457 468 508 510 540 550 561 586 681 730 767 782 817 975 1008 1088 1101 1107 1189 1190 1277 1285 1332 1416 1457 1471 1562 1570 1643 1656
330 235 314 339 351 367 369 403 425 489 603 689 740 801 837 872 882 891 906 950 965 1038 1093 1144 1146 1277 1394 1411 1449 1454 1562 1573 1614 1642 1675 1692
704 280 299 355 359 382 428 433 516 540 550 552 576 586 614 632 661 666 730 902 1016 1053 1074 1086 1093 1129 1146 1148 1154 1175 1188 1250 1260 1261 1301 1311
793 195 275 295 346 350 403 437 438 591 616 639 645 681 726 727 768 777 781 782 783 836 868 920 983 1008 1019 1093 1099 1115 1180 1182 1190 1235 1303 1350
980 345 366 392 425 456 534 586 621 628 640 659 690 727 794 804 850 872 882 895 922 923 980 983 1024 1160 1164 1188 1189 1194 1308 1317 1323 1327 1340 1343
1260 208 211 292 297 301 400 466 606 639 675 683 702 714 722 786 787 792 830 965 1053 1084 1120 1144 1153 1154 1277 1344 1411 1526 1538 1562 1578 1707 1743 1788
2428 290 295 301 332 387 430 504 507 518 543 576 613 616 639 648 653 672 675 708 727 760 782 787 910 949 972 993 1021 1046 1053 1139 1190 1214 1218 1277
2707 235 247 253 270 295 403 425 442 540 542 586 675 705 727 753 768 782 813 851 1027 1048 1053 1099 1190 1208 1284 1316 1432 1445 1452 1489 1490 1512 1547 1572
2864 217 235 301 345 392 504 554 573 576 648 652 663 686 695 699 727 729 760 768 781 786 803 1024 1079 1086 1105 1111 1128 1129 1146 1202 1222 1233 1240 1260
4498 301 356 405 460 489 495 504 505 552 586 591 853 859 901 954 956 1012 1021 1028 1050 1093 1103 1106 1111 1134 1159 1181 1277 1345 1349 1369 1395 1411 1432 1498
5175 401 489 504 542 576 640 675 678 739 760 782 817 909 916 1011 1053 1090 1100 1107 1178 1181 1185 1314 1326 1345 1362 1442 1469 1495 1507 1511 1528 1538 1553 1562
5666 154 155 161 173 235 239 243 244 249 254 283 306 332 345 351 364 369 394 415 425 489 540 551 573 601 671 675 677 782 812 931 944 1043 1146 1168
295 301 304 340 350 387 397 400 403 412 430 488 539 672 675 760 770 786 840 870 906 974 985 1074 1079 1090 1156 1164 1165 1181 1190 1292 1299 1316 1490 1512
962 400 437 447 531 551 558 586 642 686 755 768 777 805 850 872 896 921 937 965 1011 1030 1036 1088 1096 1112 1168 1190 1265 1296 1302 1326 1329 1346 1398 1493
1298 490 586 647 652 661 687 695 766 783 819 855 860 872 892 920 948 957 965 968 1043 1101 1134 1138 1145 1187 1250 1326 1343 1377 1398 1514 1528 1553 1562 1605
1966 339 403 498 509 515 554 560 605 621 759 792 793 794 807 827 872 892 895 937 941 943 985 1025 1086 1090 1146 1237 1243 1250 1311 1345 1395 1411 1529 1582
2743 425 429 484 516 518 555 586 616 647 729 783 860 895 927 965 980 983 1043 1088 1090 1144 1146 1189 1201 1285 1304 1326 1343 1345 1366 1394 1405 1447 1449 1480
3033 369 391 414 504 509 510 514 540 586 605 614 656 681 694 760 782 817 830 924 1016 1037 1107 1155 1189 1190 1277 1323 1370 1377 1398 1416 1457 1471 1529 1532
3503 294 299 340 347 400 465 469 514 540 565 638 739 760 782 792 1061 1114 1151 1180 1208 1276 1303 1348 1350 1362 1456 1528 1535 1562 1569 1585 1614 1615 1674 1737
3525 201 203 268 295 340 345 396 490 531 586 601 640 673 751 794 882 952 974 1011 1053 1107 1139 1146 1168 1181 1189 1262 1287 1323 1326 1357 1411 1485 1502 1534
3954 208 234 256 275 276 345 370 401 403 505 524 578 591 681 744 782 815 931 1003 1011 1099 1121 1146 1155 1163 1165 1180 1326 1350 1395 1411 1418 1445 1511 1562
4852 340 400 401 403 430 432 447 483 540 554 569 615 644 657 762 782 783 790 830 866 875 880 939 976 1007 1011 1144 1155 1165 1184 1193 1224 1247 1293 1301
6606 364 448 452 511 536 545 551 555 579 586 621 686 760 765 766 837 876 943 946 954 965 974 1055 1082 1086 1144 1176 1195 1283 1442 1498 1528 1562 1581 1605
78 353 469 517 540 545 613 661 696 766 777 794 808 894 909 920 1145 1150 1168 1184 1188 1260 1287 1311 1343 1382 1398 1418 1489 1518 1562 1576 1597 1598 1600 1662
114 235 287 292 299 332 387 392 425 457 486 539 555 576 599 760 770 853 856 921 938 942 1028 1074 1093 1097 1105 1146 1181 1235 1326 1345 1393 1457 1494 1562
323 454 468 481 529 542 544 681 725 727 755 786 853 874 881 965 1009 1019 1046 1053 1151 1168 1181 1187 1190 1277 1316 1327 1329 1339 1361 1418 1527 1534 1561 1584
532 257 266 284 290 295 436 437 460 544 554 577 583 681 687 693 727 755 786 856 876 895 971 972 1048 1096 1099 1146 1168 1181 1190 1277 1326 1342 1362 1519
1271 152 167 169 188 195 208 221 266 268 274 332 351 385 425 437 447 450 473 598 599 648 770 865 891 903 919 976 1011 1070 1086 1090 1329 1339 1493 1535
1421 332 340 425 440 534 542 553 587 621 638 672 727 729 760 778 826 835 872 876 982 1012 1093 1131 1144 1165 1224 1264 1291 1308 1327 1332 1381 1392 1411 1449
1848 403 429 437 465 485 504 540 554 586 663 687 746 751 803 832 848 872 923 939 1014 1036 1073 1090 1093 1126 1148 1155 1190 1192 1218 1264 1299 1329 1330 1343
2158 211 256 340 389 407 415 425 436 540 556 661 675 697 752 760 770 783 835 840 906 934 938 1035 1046 1048 1053 1074 1093 1100 1177 1181 1182 1256 1277 1315
4318 242 286 322 345 369 392 420 428 486 504 543 554 559 626 630 760 783 942 946 975 1053 1100 1144 1146 1159 1188 1262 1277 1301 1362 1426 1584 1614 1641 1687
6255 235 279 281 290 341 364 366 425 428 447 554 668 782 783 884 965 982 1014 1019 1099 1101 1187 1236 1251 1275 1355 1398 1414 1491 1518 1547 1575 1597 1627 1631
547 258 279 366 447 448 512 545 588 593 630 666 680 686 783 803 937 946 976 997 1075 1091 1108 1128 1160 1189 1195 1201 1269 1303 1326 1345 1389 1401 1482 1520
561 253 287 299 351 352 365 366 369 403 421 469 504 519 532 540 586 677 716 801 804 810 853 931 965 1011 1014 1035 1036 1038 1093 1144 1171 1262 1263 1345
760 137 147 167 208 252 256 297 340 349 351 366 369 384 425 427 428 437 464 571 586 731 855 872 880 884 930 965 1028 1046 1090 1124 1187 1190 1192 1327
1088 290 332 345 425 496 504 510 540 554 586 608 614 680 697 760 880 892 904 905 1011 1035 1050 1053 1091 1093 1151 1177 1181 1182 1242 1292 1299 1362 1367 1403
1419 290 295 400 415 425 465 504 560 569 573 760 819 836 854 920 924 1061 1074 1099 1181 1208 1213 1361 1365 1372 1392 1418 1456 1468 1511 1547 1562 1572 1583 1585
2423 346 373 396 401 403 489 552 612 673 731 777 783 792 796 876 923 965 993 1010 1031 1155 1168 1246 1259 1279 1326 1372 1385 1411 1415 1432 1498 1549 1565 1614
3532 235 321 325 369 468 490 504 534 554 578 586 589 614 616 629 678 686 696 760 789 943 1019 1038 1046 1080 1154 1182 1256 1275 1280 1309 1427 1503 1514 1594
5 398 428 477 557 624 676 772 804 853 876 927 934 948 974 1028 1045 1082 1086 1107 1155 1190 1205 1238 1281 1287 1303 1329 1351 1357 1390 1426 1522 1536 1546 1562
167 349 425 432 473 507 540 554 579 609 614 619 717 735 766 783 812 826 851 872 876 922 923 1046 1086 1152 1156 1166 1238 1276 1277 1345 1448 1454 1562 1612
750 269 309 317 321 351 403 425 504 541 551 624 648 719 727 760 828 860 876 919 927 939 965 974 1035 1039 1046 1053 1074 1093 1144 1146 1165 1187 1264 1275
909 340 345 366 437 442 473 531 586 630 727 751 753 770 782 817 876 892 965 980 1056 1107 1122 1168 1189 1190 1213 1277 1287 1311 1326 1346 1382 1398 1410 1490
3112 425 428 449 504 508 519 652 664 668 675 680 700 740 760 783 785 846 876 892 939 979 1014 1043 1053 1146 1181 1268 1313 1326 1345 1412 1429 1465 1480 1487
3637 321 363 421 468 484 495 518 540 552 554 619 672 729 760 786 835 893 1012 1016 1067 1074 1078 1090 1105 1128 1129 1146 1181 1240 1277 1301 1311 1344 1358 1450
3638 381 400 433 447 488 648 676 702 760 771 783 815 975 1002 1011 1050 1053 1093 1096 1165 1181 1273 1301 1356 1370 1444 1456 1473 1578 1595 1656 1695 1720 1783 1870
4047 191 208 242 249 299 340 347 351 369 384 387 405 437 447 540 542 575 591 650 746 817 827 848 942 980 1001 1005 1024 1215 1275 1430 1433 1473 1489 1527
4286 189 203 208 211 235 294 340 345 384 398 427 439 447 648 681 735 760 782 783 817 821 872 886 952 1011 1028 1035 1140 1168 1236 1339 1382 1457 1473 1518
291 307 322 392 425 437 535 539 576 599 614 688 727 760 782 853 1036 1053 1118 1146 1155 1260 1277 1348 1411 1456 1529 1578 1721 1745 1753 1793 1799 1806 1823 1850
696 181 194 247 358 361 369 382 392 431 447 471 475 512 516 613 687 782 783 855 872 923 946 1014 1068 1101 1107 1144 1168 1194 1294 1301 1327 1444 1545 1562
807 430 504 540 576 584 669 672 688 693 760 782 816 832 952 1046 1053 1140 1181 1182 1190 1277 1310 1316 1362 1372 1382 1528 1535 1539 1543 1576 1600 1610 1686 1754
3650 310 315 337 345 425 457 533 710 760 815 872 883 959 1000 1002 1016 1036 1124 1153 1182 1192 1311 1337 1343 1394 1418 1467 1477 1546 1551 1562 1601 1619 1667 1671
3837 275 314 341 345 346 351 373 425 437 438 473 544 545 552 557 766 780 855 916 973 1146 1149 1189 1194 1211 1308 1326 1340 1355 1432 1444 1493 1498 1506 1514
4139 154 208 245 274 307 323 395 405 468 540 542 554 575 579 614 656 782 798 818 823 826 876 965 1011 1030 1073 1086 1126 1187 1213 1218 1259 1287 1301 1327
223 211 295 301 319 340 400 430 469 507 729 760 781 786 816 823 937 1050 1053 1086 1148 1151 1187 1190 1191 1235 1299 1310 1314 1384 1385 1414 1506 1534 1535 1568
410 229 240 267 295 345 392 425 473 522 666 699 727 750 751 817 872 876 947 954 972 1046 1093 1122 1155 1187 1266 1291 1327 1329 1339 1368 1502 1528 1598 1783
459 385 405 425 428 437 483 504 552 577 584 612 727 728 832 926 954 956 965 994 1016 1053 1058 1097 1165 1181 1218 1264 1275 1277 1349 1411 1448 1539 1579 1654
1952 341 412 414 504 524 576 584 675 686 760 770 815 1010 1034 1038 1046 1062 1090 1093 1094 1155 1190 1208 1223 1299 1301 1358 1490 1506 1535 1641 1656 1745 1783 1856
2173 358 361 388 425 517 586 658 673 766 787 801 872 952 965 1014 1028 1082 1101 1140 1179 1259 1275 1297 1308 1319 1339 1357 1404 1418 1444 1477 1490 1499 1518 1537
2687 340 345 425 509 540 554 555 560 688 697 718 753 760 770 787 880 923 938 946 1035 1046 1053 1142 1169 1177 1190 1277 1362 1418 1446 1469 1483 1512 1547 1556
5075 243 268 340 412 427 504 509 576 614 681 718 760 782 786 869 876 906 965 1027 1053 1086 1090 1165 1190 1299 1370 1478 1535 1641 1721 1745 1764 1794 1843 1892
20 475 490 509 554 584 686 702 722 760 775 786 815 870 878 958 972 986 1023 1053 1067 1097 1114 1146 1155 1240 1308 1344 1349 1372 1394 1407 1427 1429 1460 1479
147 314 343 345 366 384 396 467 473 540 558 562 571 659 686 696 766 772 783 855 872 965 1041 1068 1146 1213 1216 1226 1230 1259 1357 1438 1443 1444 1553 1604
683 346 405 425 445 447 508 551 568 586 630 682 696 698 783 818 827 855 868 894 937 945 965 1036 1074 1081 1087 1148 1188 1228 1252 1299 1303 1483 1502 1518
699 293 299 314 317 340 403 444 448 461 470 540 545 551 555 576 586 616 681 697 777 781 786 872 877 965 1024 1084 1086 1112 1126 1144 1155 1165 1343 1442
1221 504 509 534 554 589 675 728 760 787 826 832 900 975 1038 1053 1074 1090 1100 1135 1146 1262 1270 1280 1353 1372 1400 1456 1460 1511 1671 1695 1721 1778 1793 1818
1303 235 243 249 266 314 345 429 504 518 529 562 755 760 826 947 965 976 1011 1022 1035 1053 1093 1115 1146 1184 1216 1262 1291 1386 1433 1434 1450 1465 1473 1550
1799 287 303 332 356 415 457 493 540 550 555 672 675 729 760 770 787 907 938 972 1074 1101 1144 1146 1168 1190 1208 1222 1288 1332 1362 1395 1419 1430 1438 1449
1975 357 391 425 433 480 516 517 558 586 630 645 651 693 782 850 864 894 983 1011 1041 1056 1090 1144 1185 1187 1282 1295 1326 1329 1339 1343 1358 1405 1444 1492
2141 340 400 444 475 489 540 577 597 630 681 727 760 782 1004 1123 1141 1153 1180 1208 1276 1290 1303 1314 1331 1342 1345 1350 1362 1372 1386 1462 1512 1535 1541 1572
2151 227 279 295 346 369 517 531 558 576 586 661 687 699 712 751 775 786 872 965 980 1053 1093 1187 1190 1222 1224 1303 1473 1511 1582 1584 1593 1603 1658 1685
2264 349 403 447 494 544 682 727 766 848 986 1053 1073 1083 1127 1145 1187 1219 1231 1291 1311 1313 1326 1327 1372 1411 1414 1419 1444 1454 1502 1511 1512 1518 1521 1547
2382 394 405 473 490 531 540 554 586 606 608 640 702 758 807 872 892 957 965 1003 1066 1095 1114 1146 1196 1251 1324 1326 1329 1362 1400 1426 1578 1624 1638 1746
3305 426 504 675 757 760 827 876 964 975 984 1053 1090 1117 1156 1187 1270 1275 1276 1362 1372 1379 1400 1456 1500 1565 1577 1714 1720 1745 1764 1768 1823 1828 1853 1877
4660 345 425 431 447 541 544 613 619 677 687 735 762 779 876 892 952 954 1011 1016 1046 1053 1073 1084 1107 1143 1146 1190 1287 1313 1386 1489 1522 1568 1658 1685
6186 540 675 693 725 782 817 835 995 1047 1048 1090 1093 1094 1107 1108 1131 1140 1154 1190 1332 1378 1442 1457 1507 1512 1534 1562 1614 1634 1723 1748 1760 1786 1801 1804
123 145 161 232 275 331 345 403 448 470 540 542 552 727 751 801 840 860 894 921 952 1008 1011 1014 1073 1090 1093 1139 1155 1187 1218 1414 1464 1465 1480 1584
352 507 532 538 543 556 576 681 687 727 782 816 869 934 978 1009 1046 1188 1190 1217 1235 1283 1324 1327 1353 1393 1514 1614 1716 1718 1754 1788 1804 1850 1865 1884
591 341 394 429 502 504 545 558 575 604 652 686 766 775 786 821 872 946 1011 1028 1041 1046 1053 1056 1101 1168 1184 1291 1362 1384 1398 1411 1415 1457 1466 1481
599 317 332 345 366 369 375 379 391 439 468 509 528 529 540 549 576 754 760 782 837 920 964 983 1038 1142 1175 1262 1300 1312 1418 1497 1502 1512 1614 1641
725 405 425 447 464 532 551 582 586 602 614 753 783 815 872 900 937 952 965 973 980 1030 1036 1075 1078 1081 1090 1161 1174 1182 1272 1287 1326 1327 1452 1571
1160 178 208 307 340 369 391 392 396 400 416 425 522 524 599 633 770 817 826 827 850 911 923 931 1011 1025 1087 1096 1099 1113 1124 1126 1144 1146 1167 1177
3137 282 314 330 345 429 550 555 586 616 630 636 696 727 748 754 764 766 860 890 892 894 917 965 975 1014 1144 1145 1150 1181 1188 1239 1340 1414 1420 1457
3152 299 345 425 555 557 586 805 815 872 876 937 965 1000 1004 1036 1053 1083 1093 1112 1128 1153 1169 1212 1259 1269 1329 1349 1352 1357 1370 1398 1584 1594 1619 1629
3251 235 266 314 332 351 400 420 451 465 504 540 647 675 697 707 730 805 826 827 829 975 1002 1022 1051 1053 1055 1074 1093 1146 1210 1275 1301 1326 1372 1488
3448 208 345 437 473 504 584 592 675 686 760 782 809 819 1011 1035 1048 1090 1107 1129 1146 1154 1184 1185 1215 1315 1326 1345 1442 1470 1683 1751 1753 1760 1793 1801
3579 397 425 450 465 540 560 630 640 675 681 743 760 782 930 942 1053 1064 1099 1131 1155 1163 1180 1181 1208 1214 1235 1276 1284 1303 1314 1350 1362 1412 1535 1583
3639 287 301 315 317 321 453 473 484 554 597 614 648 688 729 760 783 848 876 938 1012 1016 1078 1105 1111 1126 1146 1161 1240 1301 1315 1332 1405 1477 1614 1644
4113 359 437 555 591 681 781 782 853 868 891 920 942 1019 1093 1154 1155 1180 1208 1335 1372 1418 1490 1494 1511 1542 1562 1576 1673 1685 1794 1829 1838 1850 1873 1895
4183 270 351 392 403 428 469 540 544 554 586 652 675 760 762 782 863 868 872 932 933 937 1011 1073 1126 1129 1131 1168 1190 1267 1480 1528 1583 1617 1641 1678
138 345 385 392 447 527 562 598 699 740 779 804 814 817 850 934 961 1036 1086 1090 1093 1122 1168 1303 1308 1329 1369 1411 1412 1425 1465 1469 1480 1535 1536 1568
1178 405 449 554 560 578 581 596 600 615 638 640 667 672 688 697 724 730 787 790 800 854 861 872 906 942 979 1004 1036 1053 1090 1093 1226 1301 1309 1385
1503 339 405 475 483 504 518 542 544 576 591 612 648 664 687 693 760 786 792 853 891 901 994 1048 1132 1154 1181 1182 1218 1248 1272 1316 1534 1539 1540 1562
1618 556 577 586 592 601 605 681 727 778 787 805 850 895 911 951 1046 1048 1065 1093 1117 1187 1260 1275 1306 1316 1327 1338 1353 1362 1426 1485 1542 1545 1614 1615
1906 301 319 345 392 395 398 405 412 504 540 591 597 614 675 760 782 784 786 840 871 965 1019 1093 1162 1190 1277 1331 1490 1519 1535 1614 1665 1667 1692 1721
2434 366 390 392 420 425 448 504 536 770 772 818 851 920 1008 1052 1056 1090 1107 1144 1146 1149 1165 1265 1329 1332 1348 1380 1390 1417 1465 1469 1490 1493 1511 1602
2520 217 247 278 303 312 321 366 379 415 424 504 571 731 751 772 782 783 814 821 826 882 903 965 1011 1088 1092 1093 1144 1150 1154 1168 1332 1464 1498 1502
3773 490 509 551 554 602 667 686 723 758 768 780 787 837 854 872 895 1004 1015 1023 1045 1071 1124 1201 1212 1219 1243 1329 1348 1379 1406 1438 1467 1551 1641 1730
4171 340 345 457 505 507 540 551 556 675 739 760 815 870 1038 1048 1053 1146 1190 1208 1277 1285 1301 1362 1386 1395 1501 1511 1535 1562 1576 1673 1695 1745 1768 1815
7388 424 428 541 586 616 727 770 779 782 908 1011 1025 1079 1090 1107 1131 1140 1154 1155 1184 1185 1300 1327 1345 1362 1372 1433 1442 1478 1562 1641 1711 1723 1778 1793
122 259 335 345 363 384 385 468 510 518 530 540 552 576 592 610 622 630 696 767 903 966 1093 1132 1159 1168 1180 1257 1274 1311 1324 1326 1362 1434 1512 1538
539 490 496 504 586 631 673 748 763 770 775 776 783 892 937 952 965 1012 1091 1145 1150 1168 1188 1204 1220 1288 1315 1343 1404 1454 1498 1502 1514 1517 1638 1641
869 190 256 339 392 507 540 555 584 687 729 760 783 786 807 819 934 1030 1060 1086 1145 1204 1270 1272 1315 1326 1331 1337 1394 1403 1500 1502 1571 1614 1739 1745
976 235 290 345 392 394 422 505 507 686 688 734 743 748 760 770 787 814 876 921 995 1011 1053 1070 1074 1090 1099 1168 1190 1208 1343 1361 1392 1411 1457 1490
1195 340 425 488 540 554 579 675 760 768 782 798 827 829 860 984 1050 1053 1090 1184 1191 1197 1229 1262 1270 1332 1353 1372 1460 1609 1710 1714 1716 1778 1800 1818