8 1 1 0 1 0 1 0 0 0 0 1 0 0 1 1 1 0 0 0 0 0 1 1 1 0 1 1 0 0 0 1 0 1 0 1 1 0 1 0 1 0 1 1 0 1 1 1 0 1 1 0 1 1 1 0 0 1 0 1 1 0 0 0 0 0 1 1 0 0 1
228 0 0 1 1 0 0 1 0 1 1 0 0 0 1 1 1 1 1 0 0 0 1 1 0 0 0 1 0 0 0 1 0 0 1 1 1 0 0 1 0 1 1 1 1 0 0 1 1 1 1 1 0 1 0 1 0 1 0 0 1 0 0 1 1 0 0 1 1 0 0
407 0 1 1 1 1 0 1 1 1 0 1 0 1 0 0 0 0 1 0 1 0 0 1 0 1 0 1 0 1 1 1 0 0 1 0 0 0 0 0 1 1 0 1 0 1 0 1 0 1 0 1 0 1 1 1 1 0 1 0 1 0 1 1 0 0 0 0 1 0 1
594 1 1 1 1 0 0 0 1 0 0 1 0 1 1 0 0 1 1 1 0 0 1 1 0 1 0 0 1 1 1 1 0 0 0 1 0 0 1 0 1 1 1 1 1 1 0 0 1 0 0 0 1 1 1 0 1 1 0 0 1 0 0 0 0 0 0 1 0 1 0
243 0 1 1 0 1 1 0 0 0 0 1 1 1 0 0 1 1 1 1 1 1 1 1 0 1 0 1 1 1 0 1 0 1 0 1 1 1 1 0 1 1 0 0 1 0 0 0 0 0 1 0 0 0 0 1 0 1 0 0 1 0 0 0 1 1 0 0 0 1 0
1272 0 0 0 1 0 0 1 0 1 0 0 1 1 1 1 0 1 1 0 0 0 1 0 0 0 0 0 1 1 0 1 1 1 1 0 0 1 1 1 1 0 1 0 1 0 1 0 0 0 1 1 1 0 0 1 0 1 0 0 1 1 1 1 1 1 0 0 1 0 0
281 0 0 0 0 1 0 0 0 1 1 0 0 1 0 0 1 0 1 1 1 0 0 1 0 1 1 1 1 0 1 0 0 0 0 1 0 0 0 0 1 0 0 1 1 0 0 0 1 0 1 1 1 1 0 0 1 1 1 1 0 1 1 1 1 1 1 1 0 1 0
504 0 1 0 1 1 0 0 1 0 0 0 1 0 1 0 1 0 1 0 0 0 0 0 0 1 0 0 0 0 0 1 1 1 1 1 1 1 1 1 1 0 1 1 1 0 0 1 0 0 0 1 1 0 0 1 0 1 0 0 0 1 1 1 1 1 1 1 0 1 0
64 1 0 0 0 1 1 0 0 0 0 1 1 1 1 1 1 1 1 1 1 0 1 1 1 1 1 1 0 1 1 0 0 0 1 1 0 0 0 0 0 0 0 1 0 0 1 1 1 1 0 0 1 0 1 0 1 0 0 0 1 0 1 0 0 0 0 1 0 1 0
1289 0 0 0 1 0 1 0 1 1 1 1 0 1 0 1 1 1 0 0 1 1 1 0 1 1 1 1 0 1 0 1 0 0 1 0 0 0 0 1 1 0 1 0 1 1 1 0 0 0 0 0 0 1 1 0 1 1 0 0 1 0 0 0 0 0 1 1 1 1 0
202 1 0 0 0 0 1 1 1 1 0 1 1 0 0 1 0 1 1 1 1 1 1 1 0 0 1 0 1 0 1 0 1 1 1 0 0 1 0 0 0 0 0 1 0 1 1 0 1 0 0 0 0 0 0 0 1 1 0 1 0 0 1 0 1 1 0 1 0 1 1
388 1 1 1 0 0 0 1 0 0 0 0 0 0 1 0 1 0 1 1 1 0 0 1 1 0 1 0 0 1 0 1 0 0 1 1 1 0 0 0 1 0 1 0 0 0 1 0 1 1 1 0 0 1 0 1 1 1 1 1 0 1 0 1 0 1 0 1 1 0 1
1018 0 0 0 1 0 1 0 0 1 1 1 1 0 0 1 0 1 1 0 0 0 0 0 1 1 0 1 0 1 0 1 1 1 0 0 1 0 0 1 0 1 1 1 0 1 1 0 1 0 0 0 0 1 0 1 0 1 1 0 1 1 1 0 0 1 0 1 0 1 1
643 0 0 0 0 1 1 0 1 0 1 0 0 0 1 1 1 0 1 0 1 0 0 1 1 1 1 0 0 1 0 0 1 0 1 1 0 1 0 0 0 1 1 0 0 0 1 1 0 0 1 0 0 0 0 1 1 0 1 1 0 1 1 1 1 1 1 1 0 1 0
1136 0 0 1 0 1 1 0 0 1 1 0 0 1 0 1 0 1 0 0 0 1 1 0 0 0 1 1 0 0 1 0 0 1 1 1 1 1 0 0 0 0 0 1 0 1 0 1 1 1 0 1 1 1 0 0 0 1 0 1 1 0 1 0 1 0 1 1 1 0 1
32 0 0 1 0 1 1 1 0 1 1 0 1 1 0 0 0 1 1 1 0 1 0 1 1 0 1 0 1 0 0 0 1 1 0 0 0 1 1 0 1 0 0 0 1 1 0 1 1 0 1 1 0 1 0 0 1 1 0 0 1 1 0 0 1 0 1 1 0 0 0
900 0 0 0 1 1 1 0 0 1 1 0 1 1 0 0 1 1 1 1 0 1 0 0 0 0 0 0 1 1 0 1 0 1 1 1 1 1 0 0 1 1 0 0 0 0 1 0 0 1 0 1 1 1 1 0 1 0 1 0 0 0 0 1 1 0 0 1 1 0 1
1315 0 1 0 1 0 1 1 1 0 1 0 1 0 1 0 1 1 0 1 0 0 0 0 0 1 1 0 0 0 1 1 0 1 0 1 1 1 0 1 1 1 1 0 0 0 0 0 1 0 1 1 0 0 1 1 0 0 1 1 1 1 0 1 1 0 0 0 1 0 0
2332 0 1 1 1 1 1 0 0 0 1 1 0 1 0 0 1 0 1 0 1 0 0 0 0 1 1 1 0 0 0 1 1 0 1 0 1 1 0 1 0 1 1 0 1 0 1 1 0 0 1 1 1 0 0 1 1 1 0 1 1 1 0 0 0 0 1 0 0 0 0
799 0 1 0 1 0 0 0 0 1 1 1 0 0 1 0 0 1 0 0 1 1 1 0 1 0 1 1 0 1 1 0 1 0 1 1 0 0 1 1 1 0 1 0 1 0 1 0 0 0 1 1 1 1 1 0 0 1 0 0 1 0 0 0 0 0 0 1 1 1 1
177 0 1 0 1 1 1 0 0 0 1 1 0 0 0 1 1 1 0 1 0 1 0 0 0 1 1 0 1 0 0 0 1 0 1 1 1 0 1 1 0 0 1 1 0 1 1 1 0 0 0 0 1 0 1 0 1 0 1 0 1 0 0 0 1 0 1 1 0 1 1
2156 0 1 0 0 1 1 0 0 1 1 0 1 1 0 1 0 0 0 1 0 0 1 1 0 1 1 0 1 0 0 1 1 1 0 1 1 1 0 0 0 0 1 1 1 1 0 0 0 0 0 0 1 1 1 0 0 1 1 0 0 0 1 0 1 1 0 1 1 1 0
297 0 0 0 1 0 1 1 1 0 1 0 1 0 0 0 0 1 1 0 1 1 1 0 1 1 0 0 0 1 0 0 1 1 0 0 0 1 1 0 0 1 0 1 1 0 1 0 1 1 0 1 1 1 0 1 1 1 0 0 0 0 0 0 0 0 1 1 1 1 1
74 0 1 0 1 1 1 0 1 0 1 0 0 0 1 0 1 0 1 0 0 0 1 0 0 1 0 1 1 0 1 1 0 1 1 0 0 1 0 1 0 1 1 0 1 1 0 0 1 1 1 0 1 1 1 1 0 1 0 1 0 0 0 1 0 1 0 1 0 0 0
1640 0 0 0 0 1 0 0 0 1 0 0 0 0 0 1 0 0 1 0 0 1 1 1 0 1 1 0 1 0 1 0 1 1 1 1 1 1 1 0 0 1 0 1 1 1 1 0 1 0 0 0 0 1 1 0 1 1 1 1 1 0 1 0 1 1 0 0 1 0 0
595 1 1 1 0 1 0 1 0 0 1 0 1 0 1 1 0 0 0 0 1 1 1 1 1 0 1 1 0 0 0 1 0 0 0 1 0 1 0 1 0 0 0 1 0 0 1 1 1 0 1 1 0 0 0 1 0 1 0 0 1 0 0 1 1 1 1 1 1 0 0
3453 1 0 1 0 1 1 1 1 0 1 1 0 0 1 1 0 0 0 1 0 0 1 0 0 0 0 1 1 0 1 0 0 1 0 1 1 1 0 1 0 1 0 0 0 1 1 0 0 1 1 0 1 0 1 1 1 0 1 1 0 1 1 0 0 0 0 1 0 0 1
259 1 0 1 1 1 1 0 1 1 0 0 1 1 0 1 0 0 1 0 0 0 0 0 0 1 1 1 1 0 0 1 1 1 1 0 0 0 1 0 0 0 1 1 1 0 1 0 1 1 1 1 0 0 0 1 1 0 0 0 0 0 0 0 0 0 1 1 1 1 1
132 1 1 0 0 0 1 1 1 1 1 0 1 1 0 0 0 0 1 1 1 1 0 1 1 0 1 0 1 1 0 0 1 0 0 1 0 1 0 0 1 0 0 0 0 0 1 1 1 1 1 1 0 1 0 0 0 0 1 0 0 1 1 0 1 1 1 0 0 0 0
734 0 1 1 1 0 1 1 1 1 0 0 1 0 1 0 1 1 1 1 0 1 1 1 1 1 1 0 1 0 1 1 1 0 0 0 0 0 1 1 1 0 1 1 0 0 0 0 0 1 0 0 1 1 0 0 0 1 0 0 0 1 0 0 0 0 0 1 0 0 1
1888 0 0 1 1 0 1 1 1 0 0 0 0 0 0 0 0 1 1 1 0 1 1 1 1 0 0 0 0 1 1 1 1 0 0 1 1 0 0 1 1 1 0 1 0 1 1 1 0 1 0 1 1 0 1 0 1 1 1 1 0 0 1 1 0 0 0 0 0 0 0
1519 1 1 0 1 1 1 1 1 0 1 1 0 0 1 0 0 1 1 0 1 0 0 0 1 1 1 1 1 1 1 0 1 1 0 1 0 1 0 0 0 0 1 1 0 0 0 1 0 1 0 0 1 0 1 0 1 0 1 0 0 1 0 0 0 1 0 0 0 1 0
2610 1 0 0 1 1 0 1 0 0 0 0 0 0 0 0 1 0 0 1 0 1 1 1 0 0 0 0 0 1 1 1 0 1 1 1 1 1 0 1 1 1 1 0 1 1 1 1 1 0 0 0 0 0 0 1 0 0 0 1 1 1 1 1 0 1 0 1 0 1 0
289 0 1 0 0 0 1 1 0 0 0 0 1 1 0 0 0 0 1 0 0 1 0 0 1 1 0 0 0 0 0 1 0 1 1 0 0 1 1 0 1 1 1 1 1 0 0 1 0 1 1 0 0 1 0 1 0 0 1 1 1 1 1 1 1 1 1 0 0 1 1
753 1 0 1 0 0 1 0 0 1 0 1 1 1 1 0 0 0 1 1 1 1 1 0 0 1 1 1 0 0 0 0 1 1 0 1 0 0 0 0 1 0 1 1 0 1 0 0 0 0 0 0 1 1 0 0 0 0 1 1 0 1 1 1 0 1 1 1 1 1 0
56 0 1 0 1 1 0 1 1 1 1 1 0 1 1 1 1 1 0 0 0 0 0 0 1 0 0 1 1 0 0 1 1 0 1 0 1 1 0 1 1 0 0 0 1 0 0 0 0 0 0 1 0 1 0 1 0 1 0 1 0 1 0 1 1 0 1 1 0 1 0
536 0 1 0 1 1 0 0 0 0 1 1 0 1 1 0 0 1 0 0 0 0 0 0 1 0 1 1 0 0 0 1 1 1 0 1 1 1 0 1 0 0 1 1 1 0 1 1 0 1 1 0 1 0 1 0 0 0 1 1 1 1 0 1 1 1 0 0 1 0 0
2597 0 1 1 0 0 0 0 1 0 1 0 1 1 1 0 0 1 0 1 0 0 0 1 1 0 1 1 0 1 0 0 1 0 1 1 1 1 0 1 1 1 0 1 0 0 0 1 0 0 1 1 1 0 1 1 1 0 0 0 1 0 1 0 1 0 0 1 0 0 1
329 0 1 0 1 0 0 0 1 0 1 0 1 1 1 1 1 1 1 1 1 1 1 0 0 1 1 0 0 0 1 1 0 0 0 1 1 0 0 1 1 0 1 1 0 0 1 1 1 0 0 0 0 1 1 0 0 0 0 1 1 0 1 0 1 0 0 0 0 1 0
4 1 1 1 0 1 0 1 0 1 1 1 1 0 0 0 0 0 0 0 0 0 1 0 0 1 1 0 0 0 1 0 1 1 0 0 1 1 0 0 0 1 0 1 1 1 1 0 1 0 1 1 1 1 1 1 0 1 0 1 0 0 0 0 0 1 0 1 1 1 0
14 0 0 1 0 0 1 1 0 1 1 1 1 1 1 0 0 0 1 1 0 0 1 1 0 1 1 1 1 1 1 0 1 0 0 1 0 0 0 1 0 0 0 1 0 0 1 1 1 1 1 0 1 1 0 1 0 0 0 0 0 1 0 0 0 1 0 0 1 0 1
707 1 0 1 1 1 1 1 1 1 1 1 1 1 0 0 0 0 1 0 0 0 0 0 0 1 1 1 1 1 0 1 1 1 1 0 0 1 0 0 0 0 1 0 0 0 0 0 0 0 1 0 1 0 0 1 1 0 1 1 1 0 1 1 0 1 0 1 0 0 0
744 1 1 1 0 0 0 1 1 1 0 0 1 1 1 0 1 0 0 0 1 0 1 1 0 1 0 0 0 0 0 1 1 0 1 0 1 1 0 1 1 0 0 0 1 0 0 1 1 0 0 0 0 1 1 1 1 0 0 1 1 1 1 0 1 0 1 1 0 0 0
997 1 0 1 0 0 0 0 1 1 1 0 0 1 0 1 0 1 1 0 1 1 0 1 0 1 0 0 0 1 1 1 1 1 1 1 0 1 0 0 0 1 0 1 1 0 1 1 0 1 1 0 0 0 1 1 1 1 0 0 0 0 0 0 0 1 0 0 1 1 0
642 1 1 0 0 1 1 0 0 0 0 1 1 1 1 0 0 1 1 0 1 1 1 0 0 1 0 0 1 1 1 1 0 1 0 0 0 1 1 0 0 0 1 0 0 0 1 0 1 1 0 1 0 1 0 0 0 0 1 0 0 0 1 0 1 0 1 1 1 1 1
727 1 1 1 0 1 1 1 1 0 0 1 0 1 1 1 0 0 1 0 1 0 0 0 0 0 1 1 1 0 0 0 1 0 1 0 0 0 0 0 1 0 0 0 1 1 1 0 1 1 0 1 1 0 1 1 0 0 1 0 1 1 1 0 1 0 0 1 0 1 0
1199 0 0 0 0 1 1 0 0 1 1 0 0 1 1 0 1 0 0 0 1 1 1 1 1 0 1 1 1 0 0 0 1 1 0 1 0 1 0 1 1 0 0 1 1 1 0 0 0 0 0 1 0 1 1 0 0 0 1 1 1 0 0 1 1 1 1 0 1 0 0
389 0 1 1 1 0 1 0 0 0 0 0 0 0 1 1 0 1 0 1 1 1 0 0 1 0 0 1 0 1 1 1 1 0 1 1 0 0 1 1 1 1 0 0 0 1 0 1 0 0 1 1 1 0 0 1 1 1 1 0 0 1 0 0 1 0 0 1 0 0 1
1657 1 0 1 0 1 0 1 0 1 0 0 0 1 0 1 0 1 1 0 1 1 1 1 0 1 0 1 0 0 1 0 1 1 0 0 0 1 1 0 0 1 0 0 0 1 0 1 1 1 0 0 1 0 0 0 0 0 1 1 0 1 1 1 1 1 1 0 0 1 0
2046 0 1 0 1 1 0 0 0 0 0 1 0 1 0 0 0 1 1 0 1 1 0 1 0 0 1 1 1 0 0 1 0 1 0 0 1 1 0 0 1 1 0 1 1 0 0 1 1 1 0 0 0 1 1 0 1 0 1 1 0 1 1 0 1 1 0 0 1 1 0
1269 1 0 1 0 1 0 0 0 1 1 1 1 0 0 1 0 1 1 0 0 0 1 1 1 0 1 0 0 1 0 1 0 0 1 1 1 0 0 0 1 0 1 1 1 0 1 0 0 0 1 0 1 0 0 1 1 1 0 0 1 1 1 0 1 1 0 1 0 0 0
44 1 0 0 0 1 0 1 0 1 0 1 0 0 0 0 0 1 1 1 0 1 1 0 1 0 0 0 1 1 1 0 0 1 1 1 0 0 1 0 1 0 0 1 0 0 0 1 1 1 1 1 1 1 0 1 1 1 0 0 0 0 1 0 1 0 0 1 0 1 1
227 1 0 0 0 0 1 1 0 0 1 1 0 0 1 1 1 1 0 1 1 0 1 1 1 1 1 1 0 0 0 0 0 0 0 1 1 0 1 1 1 1 0 0 0 1 0 1 0 1 0 0 0 1 0 1 1 0 0 0 1 0 0 1 1 0 0 0 1 1 1
967 0 0 1 1 0 0 1 1 1 1 1 0 1 0 1 0 0 0 0 1 1 0 1 0 0 1 0 0 1 0 0 1 0 0 0 1 1 0 1 0 0 1 1 1 0 0 1 0 0 1 1 0 1 1 0 1 1 0 1 0 0 1 1 1 1 0 0 0 1 1
1268 0 0 0 1 0 1 1 1 1 1 0 1 0 0 0 0 0 0 1 0 0 1 0 0 1 1 0 0 1 1 0 1 1 0 0 1 0 0 1 0 0 1 1 1 0 0 1 0 1 0 1 0 1 0 1 1 0 1 0 1 1 1 1 0 1 1 1 0 1 0
25 1 1 0 1 1 1 1 0 1 1 1 1 0 0 1 0 1 0 1 0 1 1 1 1 1 0 0 0 1 0 1 0 1 0 0 1 1 0 1 0 0 0 1 0 1 0 1 1 1 0 0 1 1 0 0 0 1 0 0 0 1 0 0 0 0 0 0 1 1 0
2470 0 0 1 0 0 1 0 1 1 0 1 1 1 1 0 0 0 1 1 1 1 1 0 1 1 0 0 0 0 0 0 1 0 0 1 0 1 0 1 0 0 0 1 0 1 1 0 0 1 1 0 1 1 1 1 1 0 1 0 0 0 0 1 1 1 0 1 0 1 0
2658 0 1 0 0 0 1 1 1 1 1 1 0 1 0 1 0 0 1 0 1 0 1 0 1 1 1 1 1 1 0 0 0 1 0 0 0 0 1 1 0 1 1 0 0 1 1 0 1 0 0 0 0 0 0 1 1 1 0 1 0 1 1 0 0 0 1 1 0 1 0
144 0 0 1 0 1 1 1 1 1 0 0 1 1 0 1 1 0 1 1 0 0 1 0 1 1 1 0 0 1 1 1 0 0 0 1 1 1 1 0 1 0 0 0 0 0 0 1 1 0 0 0 0 1 0 1 0 0 0 1 0 1 1 1 1 1 0 0 1 0 0
455 1 1 1 1 1 0 1 1 1 1 0 0 0 0 0 0 1 0 1 1 0 0 0 0 0 0 0 1 0 0 1 1 1 0 0 0 0 0 1 1 1 1 0 0 1 0 0 0 0 0 0 1 1 1 0 0 1 1 1 0 1 1 0 1 1 1 1 0 1 1
575 0 0 0 1 0 0 1 1 1 0 0 1 1 0 1 0 1 1 0 1 1 0 0 1 1 1 0 0 0 0 1 1 1 1 0 0 1 0 1 0 1 0 1 1 0 0 1 0 0 0 0 0 1 0 0 1 0 1 1 0 1 1 1 0 1 1 1 1 0 0
1932 0 1 1 1 0 1 1 0 1 0 1 1 1 1 0 1 0 1 0 1 1 1 1 0 0 1 1 0 0 0 1 0 0 0 0 0 1 0 1 1 0 1 1 1 1 1 1 1 0 0 0 0 0 0 0 1 1 0 0 0 1 0 0 1 1 0 0 1 0 0
912 1 0 1 1 1 1 1 1 1 0 1 0 1 0 0 1 0 1 0 0 0 1 1 1 0 1 0 0 0 0 0 1 1 1 0 1 0 0 1 1 1 1 1 0 1 0 0 0 1 0 0 0 0 1 1 0 0 1 0 0 0 0 1 0 1 1 0 1 0 1
1630 1 1 0 1 1 1 0 0 1 0 1 0 1 1 0 0 1 0 0 0 0 0 1 1 1 0 1 1 0 1 0 1 0 1 1 0 0 1 0 0 1 1 0 1 0 0 1 0 1 1 1 0 0 0 0 1 0 0 0 0 0 1 0 1 1 1 1 1 1 0
374 0 0 1 0 0 0 1 1 1 1 0 0 1 0 0 0 1 0 1 1 0 1 1 0 0 0 1 1 0 0 1 0 0 0 1 0 1 1 0 1 0 0 1 0 0 0 1 1 1 0 1 0 1 1 1 0 1 1 1 1 1 1 0 1 0 0 0 0 1 1
1714 0 0 1 0 1 0 0 0 0 0 1 1 1 0 0 0 0 1 1 1 0 0 1 0 0 1 1 1 0 0 1 1 1 0 1 1 0 1 1 1 0 1 1 0 1 1 0 1 1 0 0 0 1 1 1 1 1 1 0 0 0 1 1 0 1 0 0 0 0 0
1867 0 0 1 0 0 0 1 0 1 0 1 1 1 0 0 1 1 0 0 0 0 0 1 0 0 0 0 1 0 1 0 1 0 1 0 0 1 1 1 1 1 1 1 1 1 1 1 1 1 0 0 0 0 0 0 1 0 1 1 1 1 0 0 1 1 0 0 1 0 1
1169 0 0 1 1 1 1 0 1 0 1 1 1 1 1 1 0 1 0 0 0 1 1 1 0 1 0 0 0 0 0 1 0 0 0 0 1 1 1 1 0 0 0 0 1 0 0 1 1 1 0 0 1 0 0 1 0 1 0 1 1 0 1 1 0 1 1 0 0 1 0
2087 1 1 0 1 1 1 1 0 1 1 1 1 0 0 1 0 1 0 1 0 1 0 1 0 0 1 1 1 0 1 0 0 1 1 0 1 0 0 0 0 0 0 0 0 1 0 1 0 0 0 0 1 1 0 0 0 0 1 1 1 0 1 0 1 1 0 1 1 1 0
631 1 1 1 1 1 1 1 1 0 0 0 0 1 0 1 1 1 0 0 0 1 0 0 0 1 0 0 1 0 1 0 1 1 0 0 1 1 0 1 0 0 1 1 0 1 0 1 0 1 0 1 0 1 1 1 0 0 0 1 1 0 1 0 0 0 1 1 0 0 0
229 1 0 1 0 0 1 1 1 0 0 1 1 0 1 1 1 1 1 0 1 0 1 1 0 0 0 0 0 0 0 1 0 1 1 1 0 1 1 0 1 1 0 1 0 1 0 1 0 1 0 0 0 0 1 0 1 0 1 0 0 1 0 1 0 1 1 0 1 0 0
765 1 1 0 0 1 0 0 1 1 0 1 0 1 0 0 1 0 0 0 1 1 0 1 0 1 0 1 0 0 0 1 1 0 0 0 0 1 0 1 1 1 0 1 1 1 0 0 0 1 1 1 0 1 1 0 0 0 1 0 0 1 0 1 0 1 1 0 1 1 1
1290 0 1 1 0 1 0 1 0 0 1 1 1 1 0 1 1 0 1 0 0 0 1 0 0 0 0 1 1 0 0 1 0 0 1 1 0 1 0 0 1 1 1 0 0 1 1 0 1 1 0 0 1 0 1 0 1 1 0 0 1 1 1 0 0 0 0 0 1 1 1
1295 1 1 0 1 0 1 1 0 1 1 0 0 0 1 0 0 0 0 1 1 0 0 0 0 1 0 1 1 0 1 1 0 0 1 0 0 0 0 0 0 0 1 0 0 1 1 0 0 1 0 1 1 1 1 1 1 1 0 0 1 1 1 1 0 0 1 1 0 1 1
3632 0 0 0 1 1 0 0 1 0 1 0 0 0 1 1 1 1 0 1 0 1 1 1 1 0 1 1 1 0 0 0 0 1 1 0 0 0 1 1 1 1 1 1 1 1 1 0 0 1 0 1 1 0 1 0 1 0 0 0 0 0 0 1 0 1 0 0 0 1 0
948 0 1 0 1 0 0 0 0 0 1 0 1 0 0 1 1 0 0 0 1 1 1 1 1 1 1 0 1 1 1 0 1 0 0 0 1 1 1 1 0 1 0 1 0 1 1 0 0 0 0 0 1 0 1 1 1 1 0 1 0 1 0 0 1 0 0 0 1 0 1
2755 1 0 0 0 1 1 0 0 1 0 0 0 1 0 1 0 1 1 1 0 1 0 1 0 1 0 1 0 1 1 0 1 0 1 0 1 0 1 0 1 0 0 0 1 1 0 1 0 1 1 1 1 1 0 1 1 1 0 0 1 1 1 0 0 0 0 1 0 0 0
1052 0 1 1 0 0 1 1 1 0 0 0 0 0 0 1 0 0 1 1 0 0 0 0 0 0 1 1 1 1 0 1 0 0 0 1 0 0 1 1 1 1 1 1 1 0 1 0 0 1 0 1 0 1 0 0 1 1 0 1 0 1 1 1 1 0 1 0 1 1 0
1457 1 0 0 0 0 0 1 1 1 1 1 0 1 0 0 0 0 1 0 1 1 1 1 1 1 1 0 0 0 1 0 0 1 0 0 0 1 1 0 0 1 1 0 1 0 1 0 0 1 0 0 0 1 1 1 0 0 0 0 0 1 1 1 1 1 0 0 1 1 1
10 1 1 1 1 0 0 1 0 1 0 0 0 1 1 1 1 0 1 1 1 0 0 1 0 1 1 1 1 1 1 0 1 0 0 1 0 1 1 0 0 0 0 0 0 0 1 0 1 0 0 1 1 1 0 0 0 0 1 1 0 1 0 0 1 1 0 0 0 0 1
2491 0 0 1 0 1 0 0 0 0 1 1 1 0 1 1 1 1 1 1 1 1 0 0 1 0 1 0 1 0 1 0 0 1 1 0 0 0 0 1 1 0 1 0 0 0 0 1 1 0 0 0 0 0 0 1 1 1 1 0 1 1 1 0 1 1 1 0 1 0 0
938 0 1 0 1 0 1 0 1 1 1 0 1 1 0 1 1 0 0 1 1 0 0 0 1 1 1 0 0 1 1 1 1 1 1 0 1 1 1 1 0 0 1 0 0 0 1 1 0 0 0 0 0 0 1 1 1 0 0 0 1 1 0 1 1 0 0 0 0 0 0
2438 0 1 1 1 0 1 1 1 0 1 1 1 1 0 1 0 1 1 0 1 0 0 0 0 0 1 0 0 0 0 0 1 1 0 1 0 1 0 0 0 0 0 1 0 1 1 1 1 1 1 0 0 1 1 0 1 0 0 1 0 0 0 1 0 1 1 0 1 1 0
2519 0 1 0 0 1 1 1 0 0 0 1 1 1 1 1 1 0 1 0 0 0 0 0 0 0 1 1 0 1 0 0 0 1 1 0 0 1 0 0 1 0 1 1 1 0 1 1 1 0 1 1 1 0 0 1 0 1 1 1 0 0 0 0 0 1 0 0 1 1 1
994 0 1 0 0 0 1 1 0 1 0 1 1 1 1 0 0 0 1 1 0 0 1 0 1 1 0 0 0 1 1 1 1 1 0 1 0 0 0 0 0 0 1 1 1 0 1 0 1 0 1 1 1 0 0 0 1 0 1 1 0 1 1 1 0 0 0 1 0 0 1
949 0 1 1 0 1 0 1 1 1 1 1 1 0 0 0 0 1 1 0 1 1 1 0 0 1 0 0 1 0 0 0 1 0 1 0 0 1 0 1 0 0 1 1 0 1 0 1 1 1 1 0 0 1 0 1 1 1 1 0 1 1 0 0 0 0 1 0 0 0 0
2022 1 1 1 1 1 1 1 0 1 0 1 1 0 0 0 0 0 0 1 0 1 1 1 1 0 0 1 1 0 1 1 0 0 1 0 0 0 0 1 1 1 0 0 1 0 0 0 1 1 0 0 0 0 1 1 1 0 1 0 0 0 0 1 1 0 1 1 0 1 0
360 1 0 0 1 1 0 0 0 0 0 0 0 0 0 1 0 1 0 0 1 0 0 1 1 0 1 0 0 1 1 0 1 1 0 1 1 1 0 0 1 0 0 1 0 1 0 1 1 0 1 1 0 0 1 1 1 0 1 1 1 1 0 1 1 1 1 0 0 0 1
790 0 1 1 0 0 0 0 0 1 0 0 0 1 0 0 1 1 1 1 0 0 0 1 1 0 0 1 1 0 0 1 1 1 1 0 1 0 1 1 0 1 1 1 0 0 1 0 0 1 0 1 1 0 1 0 0 0 0 1 0 1 1 0 1 0 0 1 1 1 1
2640 1 0 0 0 0 1 1 1 0 0 1 0 0 1 1 0 1 1 1 0 1 1 0 1 0 0 0 1 1 0 1 0 0 0 0 1 1 1 0 1 1 1 1 0 1 0 1 0 1 1 0 1 1 0 0 1 1 0 0 0 0 0 1 0 0 0 1 1 1 0
1239 1 0 1 0 1 1 0 0 0 1 1 0 0 0 0 0 0 1 1 0 0 0 0 0 1 1 0 1 1 1 0 1 1 0 1 1 1 1 0 0 0 1 1 1 1 0 1 1 0 0 1 0 1 1 0 1 1 0 0 0 0 1 0 0 0 1 1 1 1 0
2218 0 1 1 1 0 1 1 0 1 1 0 0 1 1 1 0 1 0 1 1 1 1 0 0 0 0 0 0 0 1 0 1 1 1 1 0 1 1 1 1 0 0 1 1 1 0 0 0 0 0 0 0 0 0 1 0 0 0 0 0 0 1 0 1 1 1 1 1 1 0
1426 0 0 1 1 1 1 0 1 0 1 0 1 1 0 1 1 0 0 1 1 1 0 0 0 1 1 0 1 0 1 0 1 0 1 0 1 0 0 0 0 1 1 0 0 0 0 1 1 0 0 0 0 0 0 1 1 1 1 1 0 0 0 1 1 1 1 0 0 1 1
1504 0 0 1 0 1 1 1 1 1 0 1 1 1 0 1 0 0 1 0 0 0 0 0 1 1 1 0 0 1 1 1 0 0 0 0 1 0 0 1 1 1 1 1 0 0 0 0 1 0 1 1 1 1 0 1 0 1 0 1 1 0 1 1 0 0 0 1 0 0 0
109 1 0 1 0 1 0 0 0 0 1 0 1 1 1 0 0 1 1 1 0 0 1 0 1 1 1 1 1 1 0 0 0 1 1 1 0 1 1 0 0 1 0 1 0 1 0 1 1 1 0 0 0 0 1 0 0 0 0 0 1 1 1 1 1 0 0 1 0 0 0
192 0 1 0 1 1 1 1 0 1 0 1 1 0 0 1 1 0 1 0 1 0 0 0 1 1 0 1 1 0 1 1 0 1 1 0 1 1 0 1 0 0 1 0 1 0 1 0 0 0 1 0 1 0 1 0 0 0 1 0 1 1 1 1 0 1 0 0 0 0 0
256 0 1 1 1 0 1 1 0 0 1 0 0 0 0 0 1 1 1 1 0 1 1 0 0 1 1 1 1 0 0 1 0 0 0 1 0 1 0 0 0 1 0 1 0 0 1 0 1 1 0 0 0 1 1 0 1 0 1 0 1 0 1 1 1 1 1 0 1 0 0
1965 0 0 1 0 0 1 1 0 0 0 1 1 0 0 1 0 0 1 1 0 1 0 1 1 1 0 0 0 1 0 0 1 0 1 0 1 0 0 0 1 0 1 0 0 1 0 1 1 1 1 1 0 0 0 1 0 1 0 1 0 1 0 1 1 1 1 1 0 1 1
266 1 1 0 0 0 0 0 1 0 1 1 0 1 1 1 1 1 1 1 1 0 0 0 1 0 1 0 0 1 1 1 0 0 0 1 0 1 0 0 1 1 0 0 1 0 0 0 0 0 0 1 0 1 0 1 0 1 0 1 1 1 1 0 0 1 0 1 1 0 1
446 1 1 0 1 0 1 1 1 1 0 1 1 0 0 0 1 0 0 1 0 0 0 0 0 1 0 0 1 1 1 0 1 1 0 0 1 0 1 1 0 1 0 1 0 0 1 0 1 0 0 0 1 1 1 0 1 0 1 0 0 1 1 0 1 0 1 0 1 1 0
2184 1 1 1 0 0 0 0 0 0 1 0 0 1 0 1 1 1 1 1 0 0 0 1 1 0 1 0 0 1 1 0 1 1 0 0 1 0 0 0 1 1 1 1 0 0 0 0 1 0 1 0 0 1 0 1 1 0 0 1 1 1 0 1 0 1 0 1 1 1 0
2233 1 0 1 1 0 1 1 0 1 0 1 0 0 0 0 1 1 1 0 0 1 1 0 1 1 1 0 0 0 1 1 1 1 0 1 1 1 1 1 0 0 1 0 1 0 0 0 1 1 0 0 1 0 0 1 0 0 1 0 0 1 1 0 0 0 0 0 1 1 0
1011 1 1 0 1 1 1 0 1 0 0 1 1 1 0 1 1 0 1 0 0 0 0 1 0 1 1 1 0 0 0 0 1 1 0 1 0 1 0 1 0 0 1 1 0 0 0 1 0 0 1 1 1 1 1 0 0 0 0 0 1 0 1 0 0 1 1 0 1 0 1
2217 1 1 1 1 0 1 1 1 0 0 1 0 0 1 1 1 0 0 1 0 0 1 0 1 1 1 1 0 1 1 0 0 1 0 1 1 0 1 1 0 1 1 0 1 0 1 1 0 0 1 0 0 0 1 0 0 0 1 1 0 0 1 0 0 0 0 0 1 0 0
2746 1 1 1 1 1 1 0 1 1 1 0 0 0 1 0 0 1 1 0 1 1 0 0 1 1 1 1 1 0 1 0 1 0 0 1 1 0 1 0 0 0 1 0 1 0 1 0 1 0 1 0 0 1 0 0 0 1 1 0 0 1 0 0 0 0 0 0 0 1 1
819 0 0 1 0 0 1 0 0 0 0 0 1 0 1 0 1 0 0 1 1 1 0 1 1 0 1 1 1 1 1 0 0 1 1 1 0 0 1 0 0 0 0 0 1 0 0 1 1 1 1 0 1 1 1 0 1 1 0 1 1 1 0 0 0 1 0 1 0 0 1
1034 1 0 0 0 0 1 1 1 0 0 0 1 0 1 1 1 1 1 1 1 1 0 0 1 1 1 1 1 0 0 0 1 0 0 0 1 1 0 0 0 1 0 1 1 0 0 0 1 0 1 1 1 0 0 1 0 0 0 0 0 0 1 1 1 1 0 0 1 1 0
1570 0 0 1 1 1 1 0 0 0 1 0 1 0 1 0 1 0 1 0 0 0 0 0 1 1 1 0 1 1 0 0 1 1 1 1 1 0 1 0 1 1 0 0 1 0 1 1 0 0 1 0 0 1 1 1 0 1 0 0 0 1 0 1 0 0 1 0 1 1 0
2534 0 1 0 1 1 0 1 0 1 0 1 0 1 1 1 0 0 1 1 1 0 1 1 0 1 0 0 0 1 0 0 1 1 1 1 1 1 1 0 1 1 1 0 1 0 0 1 1 0 0 1 1 0 0 0 0 0 1 0 0 0 0 1 0 0 0 0 1 0 1
3640 1 0 1 0 1 0 1 1 1 1 0 1 1 0 1 0 0 1 0 0 0 1 1 1 1 0 0 0 1 1 1 1 1 1 0 1 0 1 0 0 0 0 0 1 0 0 0 1 1 0 1 0 1 0 1 0 0 1 1 0 1 0 0 0 0 0 1 1 1 0
648 1 0 1 1 0 1 0 0 1 0 1 0 1 1 1 0 1 0 1 0 0 0 0 0 1 0 0 0 0 1 1 0 1 0 0 1 0 1 0 1 0 0 1 1 0 1 1 0 0 1 1 0 0 1 1 1 0 0 0 1 1 1 0 0 1 1 1 1 1 0
1439 0 1 0 0 0 1 1 1 1 0 1 0 1 1 1 0 1 1 1 1 1 1 0 0 0 1 0 1 0 0 0 0 1 0 0 0 0 1 0 0 0 0 1 1 0 1 1 0 1 0 1 1 1 0 0 0 0 0 1 1 1 1 1 0 1 0 0 1 0 1
610 1 0 1 1 1 1 0 0 0 1 1 0 1 0 1 1 0 0 1 0 1 0 1 1 0 1 0 0 0 0 1 1 1 1 0 0 0 1 1 1 0 1 0 0 1 0 0 1 0 1 1 1 0 0 1 1 0 0 0 1 0 1 1 0 0 1 0 0 1 0
1464 1 1 1 1 1 1 0 1 0 1 0 1 0 1 0 0 1 1 0 0 0 0 1 1 1 0 0 0 1 0 1 1 0 1 0 0 0 0 0 0 1 1 1 0 0 0 1 1 1 0 1 0 1 1 1 0 1 0 1 0 0 1 0 1 0 1 0 1 0 0
253 1 0 1 0 0 1 0 0 1 0 1 1 0 1 1 1 1 0 1 0 0 0 0 1 1 0 1 1 1 0 1 1 0 1 1 0 0 1 1 1 1 0 0 0 0 0 0 0 1 1 0 0 1 0 1 1 1 0 0 1 1 0 1 1 0 0 0 0 1 0
1065 1 0 0 0 0 0 1 0 1 0 1 0 1 0 0 1 1 0 1 0 1 0 0 0 1 0 1 1 1 0 1 0 1 0 1 0 0 1 1 0 0 0 0 1 1 0 0 1 0 0 1 1 1 1 1 0 1 1 0 1 1 0 1 1 1 1 0 1 0 0
1595 0 0 0 1 1 1 1 1 0 0 1 0 0 1 1 0 1 0 0 0 0 0 1 0 1 0 1 0 1 1 1 1 0 0 0 0 0 1 0 0 1 0 0 0 0 1 1 0 1 0 0 1 0 0 1 1 1 0 1 1 1 1 1 1 1 0 1 1 1 0
2094 1 1 0 1 0 1 0 0 1 1 1 0 0 1 0 0 0 0 1 0 0 1 1 0 1 0 0 1 0 0 0 1 1 1 0 1 1 1 1 1 0 0 1 1 1 0 0 1 1 0 0 1 1 0 1 1 0 1 1 1 0 0 0 0 0 0 0 0 1 1
3052 0 0 1 1 0 1 1 1 1 1 0 1 0 1 1 0 0 1 0 0 1 0 0 0 0 1 1 1 1 0 0 0 1 1 0 1 0 1 0 1 0 1 0 0 1 1 0 0 1 1 1 1 1 0 1 0 1 0 0 0 1 1 0 0 1 1 0 0 0 0
369 1 0 1 0 0 1 0 0 1 0 1 0 1 0 1 0 0 1 1 1 0 1 0 1 1 1 1 1 0 1 0 0 0 1 0 1 0 1 1 1 1 1 0 0 1 1 0 0 0 0 0 0 0 1 0 0 1 0 0 1 1 1 0 0 1 0 1 1 0 1
556 0 1 1 0 0 0 1 0 0 0 1 1 1 1 1 0 0 1 0 0 0 1 1 0 1 0 1 0 1 0 0 0 1 1 1 1 1 0 0 0 1 0 1 1 0 1 1 0 0 0 1 0 0 1 0 1 1 1 0 1 1 1 1 1 1 0 0 0 0 0
2280 1 0 0 0 0 1 0 0 1 1 0 1 1 1 0 1 1 0 1 1 0 0 0 0 0 0 1 1 1 1 0 1 1 0 1 0 1 0 0 0 1 1 0 1 1 0 1 0 1 1 1 0 0 0 0 0 0 0 1 1 1 0 1 1 1 1 0 1 0 0
1564 0 1 0 1 0 0 1 1 1 0 1 1 0 0 0 0 1 0 1 1 0 0 1 1 0 1 1 0 1 0 1 0 0 1 0 1 0 0 1 1 0 0 1 0 1 0 1 0 1 0 1 1 1 0 1 1 0 0 0 1 1 0 1 1 0 1 0 1 0 0
391 1 1 1 0 1 0 0 1 0 1 1 1 1 0 0 0 1 0 1 0 0 1 0 1 0 1 0 0 1 1 1 0 0 0 0 0 0 0 0 0 0 1 1 1 0 1 1 1 0 1 1 1 1 1 1 1 1 0 0 1 1 0 1 0 0 0 1 0 0 0
608 1 1 1 0 0 1 1 0 1 0 0 1 0 0 0 1 0 0 1 0 0 1 1 1 1 0 0 0 0 0 0 1 0 1 1 0 1 1 1 0 1 1 0 0 1 0 1 1 1 1 0 1 1 0 0 1 0 1 0 1 0 0 0 0 0 1 1 1 1 0
820 1 1 0 0 0 1 0 1 1 1 0 1 1 1 0 0 0 1 0 0 0 0 1 0 0 0 1 1 0 0 1 1 1 1 1 0 1 1 1 0 0 1 0 0 0 0 1 1 1 1 0 1 1 0 0 1 0 0 0 0 1 0 1 1 1 1 0 1 0 0
2700 1 0 0 1 1 1 0 0 0 0 0 1 1 0 0 1 1 0 0 0 1 0 1 0 1 1 1 1 0 0 1 1 0 1 0 1 0 1 0 0 0 0 1 0 0 1 1 1 0 0 1 1 1 0 1 1 1 0 1 1 1 1 0 1 0 0 1 0 0 0
978 1 0 1 0 1 0 0 1 0 1 0 1 1 0 0 1 0 1 0 0 1 1 1 0 1 0 0 1 1 0 0 1 0 1 1 1 1 0 0 0 1 1 0 0 0 0 0 1 1 0 0 1 1 1 0 0 0 1 0 1 1 0 1 0 1 0 1 1 1 0
1587 1 1 0 1 0 1 1 0 0 0 1 0 1 1 0 0 1 1 1 1 0 1 1 1 1 0 1 0 0 1 1 0 0 0 0 0 1 0 1 1 0 0 1 0 1 1 0 0 0 0 0 1 1 1 0 1 0 0 1 1 0 0 0 1 1 0 0 1 0 1
6046 1 0 1 0 0 0 0 1 0 1 0 1 0 1 1 1 0 1 1 1 0 1 1 1 0 1 0 1 0 0 1 0 0 1 1 1 0 1 0 0 1 0 0 0 1 1 1 0 1 0 0 0 1 0 0 1 1 1 1 0 0 0 1 0 0 0 1 0 1 1
60 1 1 0 0 1 1 0 1 1 1 1 1 0 1 1 1 0 1 1 0 0 1 0 0 0 0 0 0 1 1 0 1 1 0 1 1 1 0 0 1 0 1 0 1 1 1 1 1 0 1 0 1 1 0 0 0 0 0 0 0 0 0 0 1 0 1 0 0 0 1
2035 0 1 0 1 0 0 0 1 1 0 1 0 1 1 0 0 0 0 1 0 1 1 0 1 0 0 1 1 0 1 1 1 1 1 1 0 1 0 0 1 0 0 1 0 0 0 0 1 0 0 0 1 1 1 1 0 1 0 1 1 0 0 0 1 1 0 0 1 1 1
2741 0 0 1 1 0 0 1 0 1 0 0 0 1 0 1 1 0 0 0 1 0 0 1 1 1 1 1 1 0 0 0 1 0 1 1 0 1 1 1 0 1 1 0 1 0 0 1 0 1 0 0 1 1 1 0 1 1 0 1 0 0 1 0 0 0 1 0 1 1 0
569 0 1 1 1 1 1 1 0 0 0 0 1 1 0 0 0 0 1 1 1 0 1 1 1 0 0 1 1 0 1 1 0 1 0 0 0 1 0 0 1 0 0 1 1 1 1 0 1 0 0 1 0 1 0 0 1 0 1 1 1 1 0 0 1 1 0 0 0 0 0
1667 1 1 0 0 0 0 1 1 0 1 0 1 1 0 1 0 1 0 1 0 1 1 1 0 0 0 0 1 1 0 1 1 0 0 0 1 1 1 0 1 0 1 0 1 0 0 1 0 1 0 0 1 1 1 1 1 0 0 0 0 0 1 0 0 1 1 1 0 1 0
48 0 1 1 0 0 0 0 0 1 0 0 1 0 1 0 1 0 0 0 0 0 1 0 0 0 0 0 1 1 1 1 0 1 0 1 1 1 0 1 0 1 0 0 0 0 1 1 1 1 0 1 1 1 1 0 1 1 1 0 0 1 0 0 1 1 1 1 1 0 1
261 1 0 1 0 1 0 0 0 1 0 0 1 0 0 0 1 0 0 0 0 0 1 1 0 1 1 1 0 0 0 1 1 1 0 1 1 0 1 0 0 1 0 1 0 0 1 1 1 1 1 1 1 0 0 1 1 0 1 1 1 0 1 0 0 0 1 0 1 0 1
1130 0 1 0 1 0 1 0 1 0 1 1 1 0 1 0 1 0 1 0 0 1 0 1 0 1 0 0 0 1 0 0 1 0 1 1 1 0 0 1 0 0 1 1 0 0 0 1 1 0 0 1 0 0 0 1 1 0 1 0 1 1 1 0 1 0 1 0 1 1 1
1613 1 1 1 0 1 1 1 1 0 0 0 0 1 0 1 0 0 0 0 1 0 1 0 0 0 1 0 1 1 1 0 0 1 1 0 0 0 1 1 1 0 0 1 0 1 1 1 1 1 1 1 0 0 0 0 0 0 1 0 0 1 1 1 1 0 0 0 1 0 1
1473 1 1 0 0 0 1 0 0 1 1 1 0 0 0 0 1 1 1 1 1 0 0 0 0 1 0 0 0 1 1 1 0 1 0 0 0 1 1 0 0 0 0 0 0 1 1 0 0 1 1 1 1 0 1 1 1 1 1 0 1 0 0 0 0 1 0 1 1 1 1
1538 0 0 0 0 1 1 0 0 1 1 0 0 0 0 1 0 0 0 0 1 0 1 0 1 0 0 0 0 0 1 1 0 0 1 1 0 0 1 1 1 0 1 0 1 0 1 1 1 1 1 1 0 1 1 0 1 1 1 0 1 0 1 0 1 1 1 1 0 0 1
2808 0 1 1 1 1 1 1 0 1 1 1 0 1 1 0 1 0 0 0 1 0 0 1 0 0 1 1 1 0 0 0 1 0 0 0 1 1 0 1 1 0 1 1 0 1 1 0 1 0 1 0 0 0 0 1 0 0 0 1 1 1 1 0 0 1 0 0 1 0 0
1463 1 1 0 0 0 1 1 0 0 0 1 0 0 1 1 0 1 0 1 0 1 0 1 1 1 1 0 1 0 0 1 0 1 0 1 0 1 1 0 0 0 1 1 0 0 0 1 0 0 0 1 0 1 1 0 1 1 0 0 0 0 1 1 1 1 1 1 0 1 0
840 1 1 1 0 0 1 0 0 1 0 0 0 1 1 1 1 1 0 1 1 0 0 1 1 1 0 0 1 0 1 0 0 0 1 0 1 1 1 0 1 0 1 0 0 0 1 1 0 0 0 1 0 1 0 1 1 1 1 1 0 1 0 0 0 0 1 0 0 1 0
1281 1 0 0 1 0 1 1 1 0 0 0 1 1 0 1 0 0 0 0 0 1 0 0 1 0 0 0 1 0 0 1 1 1 0 0 0 1 1 1 0 0 1 1 0 0 1 1 1 1 1 1 1 0 0 1 1 1 1 0 0 0 0 0 0 1 1 0 1 1 1
1238 0 0 1 1 1 1 1 0 0 1 0 1 0 0 1 1 0 0 0 0 1 0 0 1 1 0 1 1 0 0 1 1 0 0 1 0 1 1 0 0 1 1 0 1 1 0 1 0 0 1 0 1 0 0 0 0 1 1 1 0 1 1 0 0 1 1 0 1 0 1
1832 1 0 1 0 1 1 0 1 0 1 1 0 0 1 1 0 1 0 0 0 0 0 0 0 0 0 1 0 1 0 0 0 1 1 1 0 1 0 0 0 1 1 1 1 0 0 1 1 1 1 1 1 1 1 0 0 0 1 0 0 1 0 0 0 1 1 1 1 1 0
1893 0 0 1 1 0 1 0 0 1 1 0 1 1 1 1 0 1 1 0 0 1 0 1 0 0 1 0 0 0 1 1 0 1 1 0 0 0 0 0 0 0 0 1 0 0 0 1 0 1 1 0 0 1 1 1 0 1 1 1 0 1 0 1 1 1 1 0 1 1 0
2955 1 0 0 1 1 1 0 0 0 0 0 1 0 1 1 1 0 0 1 1 0 1 1 1 1 1 0 0 0 0 0 0 0 1 0 0 1 1 1 1 0 1 1 0 1 0 0 1 1 0 0 0 1 1 1 0 1 0 0 1 0 1 0 1 0 0 0 1 1 1
706 0 1 0 1 0 0 0 1 0 1 1 0 0 0 1 1 0 0 1 1 0 0 0 0 1 1 1 1 0 0 0 0 1 1 0 1 1 0 0 1 1 0 1 1 1 1 1 0 0 1 1 0 1 0 0 1 1 1 0 0 1 0 1 0 0 0 1 1 0 1
1481 1 0 1 0 0 1 1 0 1 0 1 0 0 1 0 1 1 0 1 0 0 1 0 1 1 0 0 0 1 0 1 1 0 1 0 0 0 1 1 0 1 1 1 0 1 1 0 0 0 0 1 1 1 1 0 1 0 0 0 1 0 1 0 1 1 1 1 0 0 0
4693 0 0 1 0 1 0 0 1 0 0 0 1 1 1 0 1 0 0 1 0 0 0 0 0 0 0 1 1 0 0 1 1 0 1 1 1 1 1 1 0 1 0 1 1 1 0 0 1 1 1 0 1 1 0 1 1 1 0 0 1 0 0 1 0 1 0 0 1 0 1
137 0 1 1 1 1 0 1 0 1 0 0 0 0 0 1 0 1 0 0 1 1 1 0 1 1 1 1 1 1 0 0 0 0 0 1 0 1 1 0 1 0 0 0 1 1 1 0 0 1 0 0 1 0 0 1 0 1 0 1 1 1 0 0 1 1 0 1 0 1 0
1830 0 1 0 0 0 0 0 1 0 0 0 0 1 1 1 1 1 1 1 0 1 1 1 1 1 0 1 0 1 1 0 1 1 1 0 1 0 1 0 0 0 1 0 1 0 0 0 1 1 0 0 1 1 0 0 0 0 1 0 0 1 1 1 0 1 1 1 0 0 0
3633 0 1 0 1 0 0 1 0 1 1 1 1 1 1 1 1 0 0 1 1 0 1 1 0 0 1 0 1 0 1 1 0 1 1 0 0 1 1 0 1 0 0 0 0 0 0 1 1 1 1 0 0 0 1 0 1 0 1 0 0 1 1 0 0 0 1 1 0 0 0
1489 0 1 1 0 1 1 0 1 0 0 1 0 0 0 0 1 1 0 1 0 0 1 0 1 0 0 1 0 0 0 1 0 0 1 0 1 0 0 1 0 1 1 0 1 0 1 1 0 1 1 0 1 0 1 0 1 1 0 1 1 1 0 1 0 1 0 0 1 1 1
1032 0 0 0 1 0 0 1 0 1 1 0 0 0 0 0 0 0 1 1 1 1 1 1 1 1 1 0 1 1 0 1 1 0 1 0 0 0 0 0 0 0 1 1 0 0 1 1 0 1 1 0 1 0 0 1 1 1 1 1 0 1 0 1 1 0 1 0 1 0 0
1131 1 0 1 0 1 1 0 0 0 0 0 1 0 1 1 1 0 0 0 1 1 0 1 0 0 0 1 1 1 0 0 1 1 1 0 0 0 1 1 1 0 1 1 1 0 1 1 1 1 0 1 0 0 0 1 1 0 0 1 0 0 0 1 1 0 1 0 0 1 0
2902 1 0 0 1 1 1 0 0 0 0 1 0 0 1 1 0 0 0 1 1 0 0 0 0 1 0 1 0 0 1 0 1 0 0 0 1 1 0 1 1 0 0 0 0 0 1 1 0 1 0 1 1 0 0 1 1 1 1 1 0 0 1 1 1 1 1 1 1 0 1
54 0 1 0 0 0 1 1 1 1 1 0 0 0 1 1 1 0 1 1 0 1 0 0 0 1 1 1 1 1 0 1 1 0 0 0 0 1 1 0 0 0 0 0 0 1 1 1 1 1 0 1 1 1 1 1 1 1 0 0 0 0 0 0 0 0 0 0 1 1 0
351 1 0 0 1 1 1 1 0 0 1 1 1 1 1 0 0 0 0 0 0 1 0 0 0 0 1 0 1 1 0 0 0 1 0 1 0 1 1 1 1 0 1 1 0 1 0 0 1 0 1 1 1 0 0 0 0 1 0 0 1 1 0 0 1 1 1 0 1 0 1
854 0 1 1 1 1 1 0 0 0 0 0 1 1 1 1 0 0 0 1 1 1 0 1 1 0 1 0 1 1 1 0 1 0 0 1 1 0 0 1 0 1 1 0 0 0 1 0 0 0 1 0 1 1 1 1 0 0 0 0 0 0 0 0 1 1 0 0 1 1 1
2186 1 1 0 1 0 1 0 1 1 0 1 1 1 0 0 0 1 1 0 0 0 1 0 0 0 1 0 1 1 0 1 0 0 0 0 0 1 0 1 0 0 1 1 1 0 1 0 1 0 1 0 0 1 1 1 1 0 1 1 0 0 1 1 0 0 0 1 0 1 1
2623 1 0 0 0 0 0 1 1 0 0 1 0 1 0 1 0 1 1 1 1 0 1 0 1 0 0 0 0 1 0 1 0 0 0 1 1 1 1 1 0 1 1 0 0 1 1 0 1 0 1 1 1 1 0 1 0 0 0 0 1 1 0 1 1 1 0 1 0 0 0
115 1 0 0 1 1 1 1 0 0 1 0 1 1 0 0 1 1 1 0 0 1 0 0 0 1 1 1 0 0 0 0 0 0 1 1 1 0 0 0 0 1 0 1 0 1 0 1 1 0 0 1 1 0 0 1 0 0 1 1 0 1 1 1 1 0 1 1 0 1 0
770 0 0 1 1 0 0 1 0 1 1 0 0 1 0 0 0 1 1 1 0 1 1 1 1 1 0 1 1 0 1 0 1 1 0 0 0 0 0 1 0 0 0 1 0 1 1 0 0 1 0 0 1 0 1 0 1 0 0 0 1 0 0 1 0 1 1 1 1 1 1
2564 1 0 1 0 1 1 1 1 0 0 1 0 1 0 1 1 1 0 1 0 0 1 0 0 0 1 0 0 0 1 1 1 0 0 1 1 1 1 0 0 0 0 0 1 1 0 0 0 0 1 1 1 1 1 1 0 1 1 0 0 1 0 0 0 1 1 0 0 0 1
2565 1 1 0 0 0 1 1 0 1 0 1 0 1 0 1 0 0 0 0 0 0 0 0 1 0 1 1 1 0 1 0 1 1 1 1 1 0 1 1 1 0 1 0 0 0 1 1 1 1 0 0 1 0 1 1 0 0 0 0 1 1 0 0 1 0 0 0 1 1 1
2566 0 1 0 1 0 1 0 0 1 0 0 1 1 0 0 0 1 0 0 1 0 1 0 0 0 1 1 1 0 0 1 1 0 1 0 0 1 1 1 1 0 1 1 0 0 0 0 1 1 0 0 0 1 1 0 1 1 1 0 1 1 1 0 1 0 0 1 1 0 1
2995 1 1 0 1 1 1 1 1 1 0 0 0 1 1 0 1 0 1 1 1 0 0 1 1 0 1 0 1 0 0 0 1 0 0 1 0 0 1 0 0 1 1 1 0 1 0 1 1 0 0 0 1 1 0 1 0 0 0 1 0 0 0 0 1 0 1 1 1 0 0
2915 1 0 1 0 1 0 0 1 0 0 1 1 0 0 1 0 0 1 0 1 1 1 1 1 1 1 0 0 0 0 0 1 0 0 0 0 1 0 0 1 0 1 0 1 1 1 1 0 1 1 1 0 1 1 1 0 0 0 1 1 0 0 1 1 0 1 1 0 0 0
4587 0 1 0 0 0 1 0 0 1 0 1 0 1 1 0 1 0 1 1 1 0 1 1 0 0 1 1 1 1 0 1 1 0 0 0 0 1 1 0 0 1 1 0 1 0 1 1 0 1 1 0 0 1 1 0 0 1 0 1 0 0 0 0 1 1 1 0 0 1 0
647 0 1 1 0 0 0 1 0 1 1 0 1 0 1 0 1 0 1 1 1 0 0 0 1 0 0 0 0 0 0 1 1 0 1 1 1 1 0 0 0 1 0 0 0 1 1 1 0 1 0 0 1 0 1 0 0 1 0 1 1 1 1 1 0 0 1 1 0 1 1
1635 1 0 0 0 1 0 1 1 1 0 0 0 1 0 1 0 1 0 1 1 1 1 1 1 1 0 1 0 0 1 0 1 0 0 1 0 0 1 1 1 1 0 0 0 1 0 1 1 1 0 1 0 0 1 1 0 0 0 0 0 1 0 1 0 1 1 0 0 0 1
1562 1 0 1 1 1 1 0 0 1 0 1 1 1 0 0 1 0 0 0 1 0 0 0 1 0 0 0 1 0 0 0 1 0 1 0 1 0 1 1 1 1 1 0 0 1 1 0 0 1 0 0 0 0 1 1 1 0 0 1 1 0 1 0 1 1 1 0 1 1 0
276 1 1 0 0 0 0 0 1 1 1 0 1 1 1 1 0 0 1 0 1 1 1 0 1 0 0 1 0 1 0 1 0 0 1 1 0 0 0 0 0 0 1 1 0 0 1 0 1 0 0 0 1 0 1 1 1 0 1 1 1 0 0 0 1 0 0 1 1 1 1
2583 1 0 1 0 1 1 1 0 0 1 1 0 1 0 1 1 0 1 0 0 0 0 1 1 0 0 0 0 0 1 0 1 0 0 0 1 0 1 0 1 0 1 0 1 1 1 1 1 0 0 1 0 0 1 0 1 0 0 1 1 0 1 0 0 1 1 0 1 1 1
3164 0 1 0 1 0 0 1 1 0 1 0 0 0 1 1 1 1 0 0 0 0 1 1 0 1 1 1 0 0 0 0 1 1 1 1 1 1 1 1 0 0 1 0 0 0 0 0 1 1 1 1 1 0 1 0 0 0 0 1 1 1 1 1 0 0 0 0 1 0 0
3190 0 0 1 0 0 0 1 0 1 0 1 0 1 0 1 0 1 0 0 0 1 1 1 1 0 0 1 1 1 0 1 1 0 0 1 0 1 1 0 1 0 1 1 0 0 1 1 0 1 1 0 1 0 0 1 0 0 1 0 0 0 0 1 0 1 1 0 1 1 1
3826 0 1 1 1 1 0 0 0 1 0 1 0 0 0 0 1 1 1 1 1 1 0 1 0 0 1 0 0 1 0 0 0 1 0 0 0 1 0 1 1 1 0 1 0 1 0 0 1 1 0 1 0 1 1 0 1 1 0 0 1 0 0 1 1 1 1 0 0 1 0
4338 0 0 1 1 1 1 0 0 1 1 1 0 1 0 1 1 0 0 1 0 0 1 1 0 1 0 0 1 0 0 1 0 0 1 0 1 1 1 0 0 0 0 0 1 1 0 0 0 0 1 1 0 1 0 1 1 0 1 0 0 1 1 1 1 1 0 1 0 0 1
120 0 1 0 1 1 0 0 0 1 0 1 1 0 0 0 1 1 0 0 1 1 0 1 0 1 0 1 1 0 1 0 0 1 0 0 1 0 1 1 0 1 1 1 0 1 1 0 0 1 1 1 0 1 0 0 1 0 0 1 1 1 1 0 0 1 0 0 0 1 0
611 0 1 1 0 0 0 1 1 1 0 0 0 0 0 1 0 0 1 1 1 0 0 1 1 1 0 0 1 1 0 0 1 1 0 0 0 0 1 0 0 0 1 1 0 0 0 1 1 0 1 1 1 1 0 1 1 0 0 1 1 0 1 0 1 1 1 1 1 0 0
1843 1 0 0 1 0 1 0 1 1 1 1 0 0 0 0 1 1 1 1 0 1 1 0 1 1 1 0 1 1 0 1 1 0 0 1 0 0 1 0 0 0 1 0 0 0 0 1 0 0 1 1 0 1 0 1 0 0 1 1 0 1 0 0 1 1 0 1 0 0 1
1953 0 1 1 1 1 0 0 1 1 1 0 1 1 0 1 1 1 1 1 1 1 0 1 1 0 0 0 1 1 0 1 0 1 0 0 0 0 0 0 1 1 0 0 0 1 0 0 0 0 1 0 0 1 1 1 0 1 0 0 0 0 1 1 0 1 0 0 0 1 1
2212 1 1 0 1 0 1 1 0 0 0 1 1 1 1 0 1 1 0 1 0 0 1 0 1 0 1 1 0 1 0 0 1 1 0 0 1 0 1 0 0 0 1 1 0 0 0 0 1 1 1 0 0 1 1 0 0 0 1 0 1 0 1 1 1 0 0 1 1 0 0
2983 1 0 0 0 1 0 0 0 0 0 0 0 0 0 0 1 0 1 0 0 1 1 0 1 0 1 0 1 1 0 1 1 1 1 1 1 1 0 0 1 1 0 0 0 0 0 0 1 1 1 0 1 0 0 1 0 0 1 1 1 1 1 1 1 0 0 1 1 1 1
3470 0 0 0 0 1 1 0 1 1 1 1 0 0 1 0 0 1 1 0 1 1 1 1 0 0 1 0 0 1 0 1 0 0 0 1 1 1 0 0 1 1 0 1 1 1 0 1 0 1 0 0 1 0 0 1 0 0 0 1 0 0 0 1 1 0 1 1 0 1 1
3684 1 0 1 0 0 0 1 1 0 0 0 1 0 0 1 1 0 1 0 1 0 0 0 0 1 1 0 1 1 1 0 0 0 0 0 0 1 0 1 1 1 1 0 0 1 0 1 1 1 1 1 1 0 1 1 0 0 0 1 0 0 1 1 1 1 1 0 0 0 1
4055 1 1 1 1 0 0 1 0 0 0 1 0 0 0 0 1 1 1 0 1 1 1 0 0 1 1 1 1 1 1 0 1 0 1 0 1 1 0 0 0 0 0 1 1 0 1 0 0 1 0 1 0 0 1 1 0 0 0 1 1 0 0 1 1 1 0 0 1 0 0
21 1 1 0 0 0 0 0 0 1 1 0 1 0 1 0 0 1 1 0 1 0 1 1 0 1 1 1 1 0 1 0 0 1 1 0 1 0 1 0 0 1 1 1 0 0 1 0 1 1 1 1 1 0 0 1 0 0 1 0 1 1 0 0 0 0 1 0 0 0 1
993 0 0 0 1 0 1 0 1 1 1 1 0 0 0 1 0 0 0 1 0 0 0 0 0 1 1 0 1 1 0 1 1 1 0 1 0 1 1 1 0 0 0 0 1 1 0 1 1 1 1 0 0 1 0 0 0 1 1 1 0 1 1 1 1 1 1 0 0 0 0
1440 0 0 0 1 1 1 0 1 1 0 1 1 1 1 0 0 0 0 0 0 0 0 1 1 1 0 1 0 1 1 0 0 1 1 1 0 0 0 1 0 0 0 1 1 0 0 1 1 1 1 1 1 0 1 1 1 0 0 1 0 1 0 0 1 1 0 1 0 0 0
1472 1 0 0 1 1 1 1 0 0 1 0 0 0 1 1 1 1 0 0 0 0 0 0 0 0 0 0 0 0 0 0 1 1 1 1 1 1 1 1 0 1 0 0 1 1 0 0 0 1 1 0 1 1 0 0 1 0 1 1 0 0 1 0 1 1 1 0 1 1 1
2916 0 1 1 0 0 0 1 1 1 1 0 0 1 0 1 1 0 1 1 1 0 1 1 0 1 0 0 0 1 0 1 0 1 1 0 1 1 0 0 1 1 0 1 0 0 1 1 0 0 0 0 1 0 1 0 1 0 1 0 1 1 0 1 1 0 0 0 0 0 1
126 1 1 0 1 0 0 1 0 1 0 0 1 0 0 1 0 1 0 1 1 0 0 0 0 1 1 0 0 1 0 1 0 1 0 0 1 0 0 1 1 0 1 1 0 0 1 0 0 0 1 0 1 0 1 1 0 1 1 1 1 0 1 1 0 1 1 1 0 0 1
737 1 1 0 0 0 1 0 1 0 0 0 0 0 0 1 1 1 0 1 0 1 1 0 1 0 1 1 0 0 0 0 1 1 0 1 0 1 0 1 1 1 1 1 1 0 1 0 0 1 1 0 1 0 1 1 0 0 1 1 1 0 1 0 1 0 0 0 0 1 0
2616 1 0 0 0 0 1 0 0 0 1 1 0 1 0 0 1 1 1 0 1 1 0 1 1 1 0 1 1 0 1 0 0 1 0 0 1 1 0 0 0 1 0 1 1 0 1 1 0 0 1 0 1 1 1 0 1 1 0 0 0 0 1 1 1 1 1 0 0 0 0
2042 1 1 1 0 0 1 1 1 0 1 0 1 0 1 0 0 1 0 0 0 0 1 1 1 0 1 1 1 0 1 1 1 0 0 1 1 1 0 0 0 0 0 0 1 0 1 1 0 1 1 1 0 1 0 1 0 0 1 0 0 1 0 0 0 0 1 0 0 1 1
3468 0 1 0 0 1 1 1 1 1 0 0 0 0 1 1 1 1 1 0 1 1 0 1 0 0 1 1 0 0 1 1 1 0 0 0 1 1 0 0 0 0 0 1 0 0 0 1 1 1 1 0 1 1 0 0 0 1 1 1 1 0 0 0 0 0 0 1 1 1 0
433 0 1 1 1 1 0 1 0 0 1 0 1 1 0 1 1 0 0 0 1 0 0 0 1 1 0 1 0 0 0 0 1 0 1 1 0 1 1 1 1 1 0 1 1 0 0 0 1 1 0 0 0 1 0 1 0 0 0 0 1 1 1 1 1 0 1 1 0 0 0
1443 0 1 1 1 0 0 0 1 0 1 1 1 1 0 0 0 0 1 1 0 1 0 0 1 1 0 0 0 0 1 1 0 1 1 0 1 1 1 0 1 0 1 1 1 1 0 0 1 0 1 1 0 0 0 1 0 1 0 1 1 0 1 0 0 0 0 1 0 0 1
2232 1 0 1 0 1 0 0 0 1 0 0 0 1 0 0 1 1 0 0 0 0 1 0 1 1 1 1 1 1 0 0 0 1 0 1 1 1 0 1 1 0 0 0 0 1 0 0 1 0 0 1 1 1 0 0 0 1 1 0 1 1 1 0 0 1 1 1 1 0 1
2695 1 0 0 0 1 0 0 0 1 0 1 1 1 0 0 1 1 0 0 1 0 0 1 0 0 1 0 0 1 0 1 1 1 0 0 1 1 0 1 1 0 1 1 1 1 0 1 0 1 1 1 0 1 1 1 1 0 1 0 1 0 0 1 0 1 0 0 0 0 0
3611 0 0 0 0 1 0 1 0 1 1 0 0 1 0 1 0 0 1 1 0 0 0 1 1 1 0 1 0 1 1 0 1 1 1 1 0 1 1 0 1 1 0 1 0 1 1 0 0 1 1 0 0 1 0 0 1 0 0 1 1 1 0 0 1 1 0 0 0 1 0
212 0 0 1 0 1 0 1 0 1 1 1 0 1 1 1 0 1 0 0 1 0 0 0 1 0 0 1 1 0 0 1 0 1 0 1 1 1 1 1 0 1 0 0 1 1 0 0 0 1 0 0 0 1 0 0 1 0 1 1 0 1 0 0 0 1 1 1 1 1 0
1127 1 0 0 1 0 1 0 1 0 1 1 1 0 1 0 1 0 0 1 1 1 0 1 1 1 1 0 0 1 0 1 0 1 0 1 0 0 0 1 1 1 0 0 1 1 0 1 0 1 1 0 1 1 0 0 0 1 1 1 0 0 0 1 0 0 0 1 0 0 0
1416 0 1 1 1 0 0 1 0 1 0 0 0 1 1 1 1 0 1 0 0 0 1 1 1 0 0 0 1 1 1 1 1 0 0 1 1 0 1 1 1 0 0 0 1 0 1 0 0 1 0 1 0 1 0 0 1 0 0 1 1 0 0 0 1 0 1 1 0 1 0
1551 1 1 1 1 0 1 0 1 0 0 0 0 1 0 0 0 1 1 0 0 0 0 1 1 0 1 1 0 1 0 1 1 0 1 0 0 1 1 0 0 1 1 1 0 0 0 1 1 1 1 0 0 1 0 0 0 1 1 0 0 1 1 0 0 0 1 1 0 1 1
2036 1 0 0 1 1 1 0 0 1 0 1 0 0 1 0 1 1 1 1 1 0 0 1 0 1 0 0 1 1 0 0 0 1 0 0 1 0 1 0 1 0 1 1 1 0 0 1 0 1 0 1 1 1 0 1 1 0 1 1 0 1 0 0 0 0 1 0 1 0 0
2058 1 0 0 0 0 0 0 0 0 1 1 0 1 0 1 1 1 1 0 1 0 1 1 0 1 1 0 1 0 0 1 1 1 0 1 1 1 0 1 1 1 1 1 1 1 0 0 0 0 1 1 0 1 0 0 0 1 1 0 0 0 0 0 0 1 1 0 0 0 1
3131 0 1 0 0 0 0 1 1 1 1 1 0 0 0 1 0 1 0 0 1 0 0 0 0 1 1 1 0 1 1 0 0 1 0 0 0 1 1 0 0 1 1 0 0 0 0 0 1 0 1 0 1 1 0 0 1 1 0 1 1 1 0 1 0 1 1 1 1 1 1
6459 1 1 0 1 1 0 0 1 0 1 0 0 1 0 0 0 1 0 1 0 1 1 0 0 0 0 1 0 1 0 1 0 1 0 0 1 0 1 0 1 0 1 0 0 1 1 1 1 0 0 1 1 1 0 1 1 0 0 0 0 1 1 0 1 1 1 1 0 1 0
809 0 1 0 0 1 0 1 0 0 0 0 0 1 1 1 0 1 1 0 0 1 0 1 0 1 1 1 0 1 0 0 1 1 0 1 1 1 0 1 1 1 0 0 1 1 0 1 0 0 1 1 0 0 0 0 1 0 0 1 0 1 1 0 1 0 0 0 1 1 1
1119 0 1 1 1 0 0 0 0 1 0 1 0 0 0 0 0 1 0 0 1 0 1 0 0 1 1 1 1 1 1 0 0 1 1 1 0 0 0 1 1 0 1 1 0 0 1 0 1 0 1 1 0 0 1 0 0 1 0 1 0 1 1 0 1 1 0 0 1 1 1
1754 1 1 1 0 0 1 1 0 0 1 0 0 1 1 0 0 0 1 0 0 1 1 0 1 0 1 0 0 1 0 0 1 1 1 1 1 0 1 0 0 0 1 1 0 0 0 1 1 0 0 0 0 0 1 0 1 1 1 0 1 1 1 0 0 1 1 1 0 0 1
3245 0 0 0 0 1 0 1 1 0 0 1 0 0 1 0 0 0 0 0 1 1 0 1 1 1 0 0 1 1 1 0 1 1 0 1 1 1 1 1 1 0 0 0 0 1 0 0 0 0 1 1 1 0 1 0 0 1 1 0 1 1 1 0 0 1 1 1 0 1 0
4833 1 0 0 1 1 1 1 1 1 1 0 0 0 0 1 0 0 1 1 0 0 1 1 1 1 1 0 0 0 0 0 0 0 0 1 0 1 1 1 0 1 0 0 1 1 1 0 1 1 1 0 0 0 1 0 0 0 0 1 1 0 1 1 0 0 0 1 1 1 0
105 0 0 1 1 1 1 1 0 1 0 0 1 0 1 0 0 1 0 1 0 1 1 0 0 0 1 1 1 0 0 1 0 0 1 1 0 0 1 0 1 1 0 1 0 0 1 0 1 1 1 0 1 0 1 0 1 1 1 1 0 0 1 1 0 0 0 0 0 1 0
148 1 1 0 1 1 0 0 1 0 0 1 1 1 0 0 0 0 0 0 0 1 1 0 1 1 0 0 1 0 0 1 1 1 1 0 0 1 0 0 1 1 0 1 1 1 0 1 1 0 0 0 0 1 0 0 0 1 1 1 0 1 1 1 1 0 0 1 0 1 0
3139 1 0 1 0 1 1 1 0 1 1 0 0 0 0 1 0 0 1 0 1 0 0 0 1 1 0 0 1 0 0 1 1 0 0 1 0 1 0 1 1 0 0 1 0 0 0 1 0 0 0 0 1 1 1 0 1 1 0 0 1 1 1 0 1 1 1 1 0 1 1
4557 1 1 0 1 0 0 0 0 1 0 0 1 1 1 0 0 1 1 1 0 1 1 0 1 0 1 0 1 1 0 0 1 0 1 0 0 1 0 0 0 0 1 1 0 0 0 1 1 0 0 0 1 1 0 1 1 1 0 0 0 0 1 1 1 1 1 0 1 1 0
68 0 1 0 0 0 1 0 0 0 0 1 0 1 1 1 1 1 0 0 1 1 0 1 0 1 1 0 1 1 0 0 1 0 0 1 1 0 1 1 1 0 1 0 1 0 0 0 1 1 0 1 1 0 1 0 1 1 0 0 0 0 0 1 0 1 0 1 0 1 1
2692 1 0 0 0 0 1 1 1 0 1 0 1 1 1 0 0 0 0 1 0 1 1 0 1 0 0 0 0 1 1 0 1 1 1 1 1 0 0 0 0 1 0 0 1 0 1 0 0 0 0 0 1 1 0 1 0 1 1 1 0 1 0 1 1 0 1 0 1 1 1
2984 0 1 1 1 0 0 1 0 1 0 0 1 1 1 0 0 0 0 1 1 0 1 0 1 0 1 0 1 0 0 0 0 0 0 1 0 1 1 1 1 1 0 0 1 0 0 1 0 0 0 0 1 0 1 1 0 0 1 1 0 1 1 0 1 0 1 1 1 1 1
203 1 0 1 0 0 1 0 1 0 1 0 0 0 1 0 1 0 1 0 0 0 1 0 0 0 1 0 0 1 0 1 1 1 1 0 1 1 0 1 0 0 1 0 1 0 1 0 0 1 1 1 1 0 0 0 0 1 1 1 1 1 1 0 0 0 1 1 0 1 1
311 1 1 0 1 0 0 1 0 1 1 1 0 1 0 0 0 1 0 1 0 0 0 0 1 0 1 1 1 1 1 1 1 0 0 1 1 0 0 1 0 1 1 1 1 1 0 0 1 0 1 0 0 0 0 1 0 1 1 0 0 1 1 0 1 0 0 1 0 0 0
1203 1 1 0 0 1 1 1 0 1 1 0 1 0 1 0 0 0 1 0 1 1 1 1 0 1 1 0 0 0 0 0 0 0 0 0 0 1 1 1 1 1 0 0 1 1 0 0 0 1 1 1 0 1 1 1 0 1 1 0 0 0 0 0 1 1 1 0 1 0 0
1602 0 0 0 1 0 1 1 1 0 1 1 1 0 0 0 0 1 0 1 1 0 1 0 0 0 1 1 1 0 1 1 0 0 1 1 1 0 1 0 1 0 1 0 1 0 0 1 1 1 0 0 0 0 0 1 1 1 0 1 0 0 1 0 1 1 0 0 1 1 0
2609 1 0 1 0 0 1 1 0 1 0 0 0 1 1 1 1 0 1 0 0 1 1 0 0 1 1 0 0 0 1 1 1 0 0 0 1 0 1 0 0 1 1 0 0 1 1 1 1 0 1 0 0 1 1 0 0 0 0 1 1 1 0 0 0 1 0 0 1 1 1
3847 1 0 1 0 1 0 1 1 1 1 0 1 1 0 1 1 0 0 0 0 0 1 0 0 1 1 1 1 1 0 0 0 1 1 0 0 0 1 1 1 0 0 1 0 1 0 0 1 0 1 1 1 1 1 0 1 0 1 0 0 0 0 1 0 1 0 0 0 0 1
4946 1 0 0 1 1 1 0 0 1 1 0 1 1 1 1 1 1 0 0 0 1 0 0 0 1 1 0 0 1 1 0 1 0 1 0 0 1 0 0 0 0 1 0 1 0 0 0 0 1 0 0 0 1 1 0 1 1 0 1 0 0 0 1 1 0 1 1 1 1 1
298 1 1 1 0 1 0 1 1 1 0 1 1 1 0 0 0 0 0 0 1 0 1 1 0 1 1 0 0 1 1 0 0 0 0 0 1 0 1 0 0 1 1 0 1 1 1 0 0 1 0 1 0 1 1 1 0 0 0 1 0 1 0 1 1 1 0 0 0 0 1
1264 1 1 0 0 0 1 1 0 0 0 1 1 0 0 0 0 0 1 0 0 1 1 0 1 0 1 1 0 1 1 0 0 0 0 0 1 1 0 0 1 1 0 1 1 1 0 1 1 1 1 0 0 0 1 0 0 0 0 0 1 0 1 1 1 1 0 1 1 1 1
2399 0 1 0 1 1 1 0 0 1 1 1 1 0 1 0 1 0 1 0 0 1 0 1 0 1 1 1 1 0 0 0 1 1 0 1 1 1 1 1 1 1 0 0 0 0 0 1 0 0 0 1 1 0 0 0 0 0 0 0 0 0 1 1 1 1 1 0 0 0 1
4083 0 1 1 1 0 0 0 0 1 1 1 0 1 0 0 1 0 1 1 0 0 1 1 0 1 1 0 1 0 0 1 0 1 0 1 0 0 0 1 0 0 1 1 1 1 1 1 1 1 1 0 0 0 1 0 0 0 0 0 1 0 1 0 0 1 1 1 1 0 0
7550 1 0 1 0 0 1 1 0 0 1 0 1 0 0 1 0 0 1 0 0 1 1 0 1 0 0 0 1 1 1 1 1 1 0 0 1 1 1 0 1 1 0 1 1 1 0 1 0 1 0 1 1 0 0 1 0 0 1 1 0 1 0 0 0 0 0 1 1 0 0
9 1 0 1 1 1 0 0 1 1 1 1 0 0 1 0 0 1 0 0 1 1 1 1 0 1 0 0 0 0 0 0 1 1 1 0 1 0 1 1 0 0 0 1 0 0 1 1 1 1 0 0 1 1 0 1 0 0 0 1 1 0 1 1 1 0 0 0 0 1 0
49 1 0 1 0 0 0 1 0 0 1 0 1 1 0 1 0 0 1 0 1 0 0 0 0 0 0 1 1 1 0 1 1 1 1 1 1 0 1 1 0 0 0 0 1 1 1 1 1 0 0 0 0 0 1 1 1 1 1 1 1 0 1 0 0 1 0 1 0 0 0
127 1 1 1 1 1 0 0 1 0 0 1 0 0 1 0 1 1 1 1 1 1 1 0 0 0 1 0 1 1 0 0 1 0 0 1 0 0 0 1 0 1 1 0 1 0 0 1 1 0 1 1 1 0 0 0 0 1 1 1 0 0 1 0 0 1 0 0 0 1 0
1181 1 0 0 1 0 1 1 0 0 0 1 0 0 1 0 0 1 0 0 0 1 0 1 1 0 1 1 0 0 1 0 0 1 0 0 1 1 1 0 0 0 0 0 0 0 1 0 1 1 0 1 1 1 1 1 1 0 1 1 1 1 0 1 0 1 0 1 1 0 1
1732 0 1 0 0 1 1 1 1 1 0 1 1 0 0 0 1 0 1 0 0 1 1 0 0 1 1 0 0 0 0 0 1 1 0 1 0 1 0 1 1 0 1 1 0 0 1 0 0 1 0 0 0 0 1 1 1 1 1 1 1 1 0 0 1 1 0 0 0 0 1
1845 0 1 1 0 1 1 1 0 1 1 0 1 1 0 0 1 1 1 1 0 0 0 1 0 0 0 0 0 1 1 0 1 1 1 1 1 0 0 1 0 1 0 0 0 1 0 0 0 1 0 0 0 0 0 1 1 0 0 1 0 0 1 1 0 1 1 1 1 0 1
2555 0 0 1 1 1 1 0 1 0 1 1 1 0 1 1 1 1 0 1 0 1 1 0 0 1 0 1 0 1 0 0 0 1 1 0 1 1 0 0 0 1 1 1 0 1 0 0 0 0 1 0 1 1 1 0 0 0 0 0 1 1 0 0 1 1 0 1 0 0 0
927 0 0 1 0 1 0 0 1 0 1 1 1 0 1 1 1 0 0 0 0 1 0 1 0 1 1 0 1 0 0 1 0 0 1 0 0 0 0 1 1 0 1 1 0 1 1 1 1 1 0 0 1 1 1 0 1 0 0 0 0 0 1 0 1 0 1 0 1 1 1
1292 1 0 0 0 0 1 1 0 0 1 0 1 1 1 0 1 1 1 0 1 0 1 0 1 0 0 0 1 0 1 1 0 0 0 1 0 0 0 1 1 0 1 1 0 0 0 0 0 1 1 1 0 1 0 1 1 0 0 1 1 1 1 1 0 0 0 0 1 1 1
2003 0 1 0 0 0 1 1 0 0 0 0 1 1 0 0 1 0 1 1 0 1 1 1 0 1 1 1 0 0 1 0 0 1 1 0 0 1 0 1 0 0 0 1 1 0 0 1 1 0 1 1 1 1 0 1 0 1 0 1 1 0 0 1 0 1 0 0 0 1 1
2085 1 0 1 0 1 1 1 0 1 0 1 1 1 0 1 0 1 0 0 0 1 0 0 0 1 0 0 1 1 1 0 0 0 1 0 1 0 0 0 1 0 0 0 1 0 0 1 1 0 1 0 0 0 1 1 1 0 0 1 1 1 1 1 1 0 1 0 0 1 1
2315 1 0 0 0 1 0 1 1 0 1 0 0 0 1 0 0 1 1 0 0 1 1 1 1 1 1 0 0 0 0 1 1 0 0 1 0 1 0 0 0 0 0 1 0 1 1 1 1 0 0 0 0 1 1 1 1 1 1 1 1 1 0 1 1 1 0 0 0 0 0
2884 1 0 1 1 0 0 1 1 1 1 1 0 1 0 1 0 0 0 0 1 0 0 1 1 1 0 0 0 1 0 0 1 1 0 0 1 1 1 1 1 0 1 0 0 0 1 0 0 0 0 0 1 1 1 1 0 1 1 1 1 0 0 1 0 0 0 1 1 0 0
4764 0 1 0 0 1 0 1 1 0 1 1 0 0 1 1 0 0 0 1 0 0 1 1 0 0 1 0 0 1 0 0 1 1 0 1 0 1 1 1 0 1 0 0 1 1 1 0 0 0 0 1 0 1 1 0 0 1 1 0 1 1 1 0 0 1 1 0 1 1 0
5385 0 1 0 0 0 1 1 0 1 0 0 0 0 1 1 0 1 0 1 1 0 0 1 0 1 0 1 1 1 1 1 0 0 0 0 0 0 0 1 0 1 1 1 1 1 1 1 0 0 1 0 0 0 1 1 1 0 1 1 0 0 0 0 1 1 1 1 0 0 1
6456 0 1 0 1 0 1 1 0 0 1 0 1 0 1 0 1 0 1 0 0 0 1 1 0 0 0 0 1 1 1 0 0 0 0 1 0 0 1 1 0 1 1 0 1 1 1 1 1 0 0 0 0 1 1 0 1 0 1 0 1 1 0 1 1 0 1 1 0 1 0
143 0 1 1 1 0 1 0 0 0 1 1 1 0 0 1 0 0 0 1 0 0 0 1 1 1 1 1 1 0 0 1 0 0 1 1 1 0 1 0 1 0 1 0 1 0 0 0 1 1 0 0 1 1 1 0 0 1 0 0 1 1 0 0 1 0 0 1 1 1 0
416 0 1 1 1 0 0 0 1 1 1 1 0 0 1 1 0 1 0 0 1 0 1 0 1 1 1 1 0 0 1 1 1 1 1 0 1 0 1 1 0 1 0 0 1 0 0 1 1 0 0 0 1 1 0 1 0 1 1 1 0 0 0 0 0 0 0 0 0 1 0
1483 1 1 1 0 0 0 0 0 1 1 0 1 1 1 0 1 0 0 0 1 1 0 1 1 0 1 0 0 0 1 0 0 1 0 1 0 1 0 0 1 0 0 1 1 1 0 0 1 1 0 0 1 0 0 0 1 1 1 0 0 0 1 0 1 1 1 1 1 1 0
2592 1 1 0 1 1 1 0 0 0 1 0 1 1 0 0 1 0 1 1 1 1 0 0 1 1 1 1 1 0 1 0 1 1 1 1 0 1 0 0 1 0 1 0 0 0 1 1 0 0 1 0 0 0 0 0 0 0 1 0 0 0 0 1 1 0 1 0 1 0 1
2613 0 1 0 0 1 0 0 1 1 0 1 0 0 0 1 0 1 1 1 0 0 0 0 1 1 0 1 1 1 1 0 0 1 0 1 1 1 0 1 1 1 1 0 1 0 0 1 0 1 1 0 1 1 0 0 1 1 0 0 1 0 0 1 0 0 0 1 0 0 1
4763 1 0 0 0 1 0 1 1 1 1 0 0 1 1 0 1 0 1 1 1 0 1 1 0 1 1 1 0 1 0 0 0 0 1 1 0 0 1 1 1 1 1 1 0 0 0 0 0 0 0 0 1 1 1 1 0 0 0 0 0 1 0 0 1 1 0 0 1 1 0
6455 0 0 0 1 1 0 1 1 1 0 0 0 1 1 0 1 1 1 0 1 1 1 0 0 0 1 1 0 0 0 0 1 0 0 0 0 1 1 0 1 0 1 1 1 1 1 0 1 1 0 1 1 1 1 0 0 0 1 0 0 1 0 0 1 0 1 0 1 0 0
19 0 0 1 1 0 1 0 1 1 0 1 1 1 0 0 1 0 0 0 1 1 0 0 0 1 0 0 0 0 1 0 1 0 0 1 1 0 1 1 1 1 1 1 0 0 1 0 1 0 1 1 1 0 0 1 0 1 0 0 0 1 0 0 0 1 1 0 1 1 1
324 1 0 0 1 1 1 1 1 1 1 0 0 1 0 0 1 1 1 1 1 1 1 0 1 0 1 0 1 1 0 1 0 0 1 0 0 1 0 0 0 1 0 0 1 1 1 0 0 1 0 0 0 0 0 0 1 0 1 0 1 0 0 1 0 0 1 1 0 1 0
349 0 0 0 0 1 0 0 0 1 0 1 0 0 1 0 0 0 1 0 1 0 1 1 1 0 0 1 0 1 0 1 1 0 1 1 1 1 0 1 1 0 1 1 0 0 0 1 0 0 1 0 1 1 1 1 0 1 1 1 0 1 1 1 0 1 0 0 0 0 1
789 1 1 0 0 1 1 1 0 1 0 0 1 1 1 0 0 0 1 0 0 1 1 0 0 0 0 0 1 0 1 0 1 1 0 1 0 1 0 0 1 1 1 0 0 1 1 0 1 1 0 1 1 0 1 0 1 1 1 0 1 0 0 1 1 0 0 1 0 0 0
798 1 0 0 1 1 0 0 1 0 0 1 0 0 1 0 0 0 1 1 0 0 1 1 1 0 1 0 0 0 1 0 1 0 0 1 0 0 1 0 1 0 0 0 1 1 1 1 1 0 0 1 1 1 1 1 0 1 0 1 0 0 0 0 0 1 1 1 1 1 1
829 0 0 0 0 1 1 0 0 0 0 0 0 1 1 0 0 1 0 0 0 1 0 1 1 1 1 0 1 1 0 0 1 1 1 0 1 0 1 1 1 0 1 1 1 1 1 1 1 1 0 1 0 0 0 1 0 1 0 1 0 0 0 1 0 1 1 0 0 1 0
4184 0 0 1 0 0 0 1 0 0 0 1 1 0 0 1 0 0 0 1 0 0 1 1 1 1 1 0 0 1 1 1 1 1 0 1 1 0 1 1 1 1 0 1 1 1 0 0 1 0 0 0 1 0 0 0 0 1 1 1 1 0 0 1 0 0 0 1 0 1 1
31 0 1 1 0 0 0 0 1 0 0 1 1 1 1 1 0 1 0 1 0 1 1 0 1 0 1 0 0 1 0 1 1 0 1 1 0 1 0 0 1 1 1 1 0 0 0 0 1 0 1 0 1 1 0 0 0 0 1 1 0 1 1 1 1 0 0 1 0 0 0
37 1 0 1 1 1 1 0 1 0 0 1 0 1 1 0 1 1 0 0 1 1 0 1 0 1 0 0 1 0 0 1 0 0 0 1 1 0 1 0 1 0 1 0 1 1 1 0 1 1 1 1 0 1 0 1 0 0 0 0 0 0 1 0 1 0 0 1 0 0 1
1171 0 0 1 1 1 1 0 1 0 0 0 1 1 1 0 1 1 1 0 0 1 0 1 1 0 0 1 0 0 0 0 0 1 1 0 1 0 0 0 1 0 1 0 1 1 1 1 1 1 1 0 0 1 1 0 0 1 1 0 0 1 0 0 0 0 0 0 1 1 1
1179 0 0 1 1 0 0 0 1 1 0 1 0 1 1 1 1 1 1 0 1 0 0 0 1 0 0 0 0 0 0 0 0 1 0 0 1 0 0 0 1 1 1 0 0 1 0 0 1 1 1 1 0 1 0 1 1 0 0 1 1 1 1 1 1 0 0 0 1 1 1
3285 0 1 0 1 1 0 1 1 1 0 0 0 0 0 0 1 1 1 1 1 0 1 0 0 1 0 1 0 1 0 1 0 1 0 1 0 1 0 0 1 1 0 0 1 0 1 1 0 0 1 0 0 1 1 1 1 1 0 1 1 1 0 0 0 0 0 1 1 0 0
3555 1 0 0 0 0 0 1 1 0 1 1 1 0 1 0 0 0 1 1 0 1 1 1 1 1 1 0 0 0 1 0 1 0 1 1 0 0 1 0 0 0 1 1 0 1 1 1 0 1 0 1 1 0 0 1 0 0 0 1 1 0 0 0 0 0 1 1 1 0 1
4069 1 1 0 1 0 0 0 1 1 1 0 0 1 1 1 0 1 0 1 1 0 0 0 0 1 0 0 1 0 1 0 1 0 1 1 0 0 1 1 0 0 0 0 1 1 0 1 1 1 1 1 1 0 0 1 0 1 0 1 0 0 0 0 1 0 0 0 1 1 1
7294 1 0 1 0 1 0 0 1 0 1 0 1 1 0 0 1 1 0 1 1 1 1 0 1 0 0 1 1 0 0 0 1 0 0 0 0 1 1 1 0 1 0 0 0 1 0 1 0 0 0 1 0 0 0 1 0 1 1 1 1 1 1 1 0 0 0 1 0 1 1
76 0 0 1 1 0 1 1 0 0 0 0 0 1 1 1 0 0 1 0 1 0 1 0 1 0 1 1 1 1 0 0 0 1 0 0 1 1 1 1 1 1 1 0 1 1 0 0 0 1 1 0 1 1 0 1 1 0 1 0 1 0 0 0 1 0 0 0 1 0 0
299 0 0 1 1 0 1 1 1 1 1 0 1 0 1 1 1 1 1 1 0 1 1 1 0 0 1 1 0 0 1 0 1 0 1 1 0 0 0 1 1 1 0 0 1 0 0 1 1 0 0 0 0 1 0 1 1 0 0 0 1 1 0 0 0 1 0 0 0 0 0
791 1 0 0 0 0 1 1 0 1 1 0 1 0 0 0 1 0 0 0 0 1 0 1 0 1 1 0 1 0 1 0 1 0 1 1 0 1 1 0 0 1 0 0 1 1 0 1 1 0 0 0 1 1 0 1 1 1 1 0 1 0 0 0 1 0 0 1 1 1 1
1054 0 0 1 0 1 0 1 1 1 0 0 0 0 0 0 1 0 0 0 1 1 1 1 0 0 1 0 0 1 0 1 0 0 1 0 1 1 1 0 0 0 1 0 1 1 1 1 1 1 0 1 1 1 1 1 1 0 0 0 0 1 0 0 0 0 1 1 1 0 1
2006 1 1 0 0 0 0 0 1 0 0 0 1 1 1 0 0 1 0 1 0 0 0 0 1 0 1 0 0 0 0 0 0 0 1 1 0 0 0 1 1 1 1 1 0 1 0 0 0 0 1 1 0 1 1 0 1 1 1 1 1 1 1 1 1 0 1 0 1 1 1
2183 1 1 1 0 1 0 1 1 0 1 1 1 1 0 0 0 1 1 1 0 1 0 0 0 0 1 1 0 1 0 1 0 1 0 0 1 0 0 0 1 0 0 0 1 0 0 1 1 0 0 1 1 1 1 0 0 1 0 0 0 0 1 1 0 1 1 1 0 0 1
3704 1 0 1 1 1 0 1 1 1 1 0 0 0 0 1 0 0 1 0 1 1 0 1 0 0 1 1 0 1 1 0 0 0 0 1 0 0 1 1 1 1 0 1 0 0 1 1 0 1 0 0 1 0 0 1 1 0 0 0 1 1 0 1 1 1 0 0 0 0 1
4161 0 0 1 0 0 0 1 1 0 1 1 0 0 1 1 1 1 0 1 0 0 1 0 1 1 1 0 1 0 0 0 0 1 1 1 1 1 0 0 0 1 1 0 0 0 1 0 1 1 1 0 1 1 1 0 0 0 0 0 1 0 1 0 1 1 0 0 0 1 1
4475 1 0 0 0 1 1 1 0 0 1 1 1 1 0 1 0 1 1 1 0 1 1 0 0 0 0 1 0 0 1 1 0 0 1 1 0 1 0 0 0 0 1 1 0 1 1 0 0 0 0 1 1 0 0 1 0 1 1 1 1 1 0 0 0 0 1 1 0 0 1
5518 0 1 1 0 0 1 1 0 0 1 1 0 1 1 1 0 0 1 0 1 0 0 0 1 1 0 0 0 0 1 1 0 1 1 0 1 1 0 1 1 1 0 0 1 1 1 0 1 1 0 1 0 1 0 1 1 0 1 0 0 0 1 0 1 0 0 1 0 0 0
6288 1 0 0 1 0 0 1 1 0 1 0 1 1 1 1 0 0 1 0 0 0 1 1 0 0 0 1 1 0 1 1 1 0 0 0 1 1 1 1 0 0 1 1 1 0 1 0 0 0 1 1 1 1 1 1 0 0 1 0 1 1 0 0 0 0 0 0 0 0 1
15 1 0 0 1 1 0 0 1 0 0 0 1 1 0 0 0 0 0 1 0 0 0 1 1 1 1 1 1 1 0 1 0 0 1 0 0 0 1 1 0 1 1 0 1 0 0 0 1 1 1 0 0 1 0 0 0 1 0 1 1 1 0 1 1 1 1 0 0 1 1
36 1 0 1 0 0 0 0 0 0 0 0 0 0 1 0 1 1 1 0 1 1 1 1 0 1 1 1 1 0 0 0 1 0 0 1 1 1 1 0 1 1 0 0 0 0 1 0 1 0 1 1 0 0 1 0 0 1 1 1 0 1 0 1 1 1 0 0 0 1 1
735 1 0 1 0 0 1 0 1 1 0 1 0 0 1 0 0 1 0 1 0 1 0 0 0 1 0 0 1 1 0 1 0 0 1 0 1 1 0 1 0 1 0 1 1 0 0 1 1 0 1 1 1 1 1 1 0 0 1 1 0 1 0 1 0 0 0 1 1 0 0
1079 0 1 0 1 0 0 0 1 1 1 1 1 1 0 1 0 0 1 1 0 1 0 0 1 0 0 0 0 1 1 0 0 0 1 0 0 0 1 1 1 0 1 0 0 1 0 0 1 0 1 1 1 1 1 0 1 1 0 0 1 0 0 1 0 1 1 0 1 1 0
1082 1 0 1 0 1 0 0 0 1 1 1 0 0 1 0 0 0 1 1 1 1 0 1 0 1 1 0 0 0 1 0 1 1 0 1 0 0 1 1 0 1 0 0 1 0 0 1 0 0 1 1 1 1 0 0 0 1 0 1 1 1 1 0 0 0 1 0 1 0 1
1988 0 1 1 1 1 0 1 1 1 0 0 1 0 0 1 0 1 1 0 1 1 0 0 1 1 0 1 1 1 0 1 0 0 1 0 1 1 0 1 0 1 0 0 1 1 0 0 0 1 1 0 0 1 0 0 1 0 1 1 0 0 0 0 0 0 0 1 1 1 0
3417 1 0 1 1 0 0 0 1 1 0 1 0 0 1 1 0 0 0 0 0 1 0 0 1 1 0 0 1 1 0 1 1 1 0 1 1 0 0 1 0 1 1 0 1 1 0 0 1 1 1 1 0 0 1 0 1 0 0 1 1 1 0 0 0 0 0 1 1 1 0
4642 0 1 0 0 0 0 0 1 0 0 1 0 1 1 1 1 0 0 0 1 1 0 0 1 0 1 0 1 1 1 0 1 0 0 1 0 0 1 0 1 1 1 1 0 1 1 0 0 1 1 1 0 1 1 0 0 0 1 1 0 1 1 0 1 0 0 1 0 1 0
7770 0 1 1 1 0 0 1 1 0 0 1 1 1 0 1 1 0 1 0 0 1 1 0 1 0 1 1 0 1 0 0 1 1 0 0 1 0 0 0 0 1 1 0 0 0 0 1 0 0 0 0 0 1 1 1 0 0 1 1 0 1 0 1 1 0 1 1 0 1 1
330 0 0 1 0 1 0 1 1 1 1 1 1 0 1 0 1 0 0 0 0 0 0 0 1 0 0 1 0 0 0 0 1 1 0 0 1 1 1 1 0 1 1 0 0 0 1 1 0 0 1 1 1 0 1 1 1 1 1 0 1 0 1 1 1 0 0 0 1 0 0
704 1 0 1 0 1 0 0 0 0 0 1 1 0 0 1 1 0 0 0 0 1 1 0 0 1 1 0 0 0 0 1 1 1 0 0 0 1 1 1 0 1 1 1 1 1 0 1 0 0 1 0 0 1 1 1 0 1 0 1 1 1 0 1 0 1 1 0 0 1 0
793 1 1 0 0 1 1 1 0 0 0 1 0 0 0 0 1 1 0 1 1 0 1 0 1 1 1 1 1 1 1 0 1 0 1 0 0 1 0 0 1 0 1 0 0 1 1 0 1 0 0 1 0 0 0 0 0 0 1 1 0 0 1 0 1 1 0 0 1 1 1
980 0 1 0 1 0 0 0 1 0 0 1 1 0 1 1 1 1 0 0 1 0 0 0 1 0 1 1 1 0 0 1 0 0 1 1 1 1 1 1 0 0 0 0 1 1 0 1 0 1 1 0 1 1 0 1 0 1 0 0 1 1 1 0 1 0 0 1 0 0 0
1260 1 1 1 1 1 0 1 1 0 1 0 1 0 0 1 0 1 1 1 0 0 1 1 0 0 1 0 1 1 0 0 0 1 0 0 0 0 1 0 1 1 0 1 0 1 1 0 0 1 1 1 1 0 0 1 0 0 0 0 1 0 1 1 0 0 0 1 1 0 0
2428 1 0 1 0 0 1 0 1 0 1 1 1 0 1 1 1 1 0 0 1 0 0 0 0 1 0 1 1 1 0 0 1 1 0 0 1 0 0 0 1 1 1 0 1 1 0 1 0 1 0 1 0 0 0 1 0 0 1 0 0 0 0 1 1 1 1 1 1 0 0
2707 0 1 1 1 0 1 1 0 1 1 0 1 1 1 0 0 0 0 1 0 0 1 1 1 0 1 1 0 1 1 1 1 0 0 1 0 0 1 1 0 1 0 0 1 1 0 0 0 0 1 1 1 0 0 0 0 0 0 1 0 0 1 0 0 0 1 1 0 1 1
2864 0 1 1 1 1 1 0 0 1 0 0 0 0 0 0 0 0 0 0 0 0 1 1 1 1 0 0 1 1 1 0 1 1 0 1 1 1 1 0 1 0 1 0 0 1 0 1 1 0 0 1 0 0 1 0 0 1 1 0 1 0 1 0 1 0 1 1 1 1 0
4498 1 1 0 0 1 1 1 1 0 0 0 0 0 1 0 0 0 0 0 1 0 1 1 0 1 1 1 1 0 0 1 0 0 1 1 0 1 0 0 1 0 1 0 0 0 1 0 0 1 0 1 1 0 1 1 1 1 0 1 0 0 1 1 1 0 1 1 0 0 1
5175 1 1 0 0 1 1 1 0 0 1 0 0 1 1 0 0 1 0 0 1 0 1 1 0 1 0 1 0 1 1 1 0 1 0 0 0 0 0 1 1 1 0 0 1 1 0 0 0 1 1 1 0 1 0 0 1 1 1 0 1 1 0 1 0 0 1 1 0 0 0
5666 1 0 0 1 1 0 1 0 1 0 1 1 1 1 0 0 1 1 1 0 1 0 1 1 1 0 1 1 0 0 1 0 0 1 1 1 0 1 0 0 0 0 0 0 0 0 1 1 0 0 1 1 0 1 0 0 1 0 0 1 1 0 1 1 1 0 1 0 0 0
295 0 1 1 0 0 0 0 1 1 1 0 0 0 0 1 0 0 0 1 0 1 1 1 0 1 1 0 1 1 0 0 0 1 1 0 0 1 1 0 1 1 0 0 0 0 1 0 1 0 0 0 1 0 1 1 1 1 1 0 0 0 1 1 1 1 1 1 0 1 0
962 1 1 0 0 1 0 0 1 1 0 0 0 1 1 1 1 0 1 1 0 0 1 1 0 0 0 0 1 0 0 0 0 1 1 0 0 1 1 1 1 0 0 1 0 1 0 1 1 0 1 1 0 1 0 1 0 1 0 0 0 0 1 0 0 1 1 1 1 0 1
1298 0 0 0 1 1 0 0 0 0 1 1 1 0 1 0 1 0 0 1 1 1 0 0 1 1 0 1 1 1 1 0 0 0 0 0 0 1 1 1 1 0 1 0 1 0 0 1 0 1 1 0 1 0 1 0 1 1 1 0 0 0 1 1 0 1 0 1 1 0 0
1966 0 0 1 1 0 1 1 1 1 1 1 0 0 1 1 0 0 0 1 0 0 0 1 0 1 0 1 1 1 0 0 1 0 0 0 1 0 1 1 0 0 0 0 0 1 0 1 1 0 0 1 0 1 1 1 1 1 1 1 0 0 0 1 1 0 1 0 0 0 1
2743 0 1 1 0 1 0 0 0 0 0 0 1 0 0 1 0 1 1 0 0 1 0 1 1 1 1 0 1 1 0 1 1 0 1 0 0 0 0 1 0 0 1 0 0 1 1 0 1 0 0 1 1 1 1 0 0 1 0 1 1 0 1 0 1 1 1 1 1 0 0
3033 1 0 0 1 1 1 0 0 0 1 0 0 0 0 1 1 1 0 0 0 1 1 0 0 1 1 0 1 0 1 1 1 0 1 1 1 0 1 1 0 1 1 0 0 0 1 0 0 1 0 1 1 0 0 1 1 1 0 1 1 0 0 0 0 0 1 0 0 1 1
3503 1 1 0 1 0 0 1 0 0 0 0 1 0 0 0 1 0 0 1 0 0 1 0 1 0 0 1 0 1 1 1 0 1 1 1 0 0 0 1 0 1 0 0 1 1 1 0 1 0 1 0 1 0 1 0 0 0 1 1 1 1 1 0 1 0 1 0 1 1 1
3525 0 1 1 1 1 1 1 1 1 1 0 1 0 1 1 0 0 0 0 1 1 1 1 1 0 0 0 0 0 0 1 1 0 1 0 0 1 0 1 1 1 0 0 0 1 0 1 0 0 0 0 0 1 1 1 0 1 0 0 1 0 0 0 1 1 0 0 0 1 1
3954 0 1 1 0 0 1 0 0 0 1 1 1 1 0 0 0 1 0 0 1 1 0 1 0 1 0 0 1 1 1 0 1 0 0 0 0 1 1 0 0 0 1 1 1 0 1 1 0 0 0 1 0 0 1 0 0 1 0 1 0 1 1 0 1 1 1 1 1 0 1
4852 0 1 1 0 1 0 1 1 0 0 1 0 1 0 1 0 1 0 1 0 0 0 1 0 0 1 1 1 1 0 0 0 1 1 0 1 1 1 1 0 0 1 1 0 0 1 0 0 1 0 0 1 0 1 1 0 1 1 0 0 0 1 1 0 0 1 1 0 1 0
6606 0 0 0 1 1 0 1 1 1 0 0 0 1 1 0 0 0 1 1 1 0 1 1 1 0 0 0 1 0 1 1 0 0 1 0 1 0 1 0 0 1 1 0 1 1 1 0 1 0 1 0 1 1 1 1 1 0 0 1 0 1 0 0 0 0 0 1 0 1 0
78 0 1 0 0 1 0 1 1 0 0 1 1 0 0 1 0 0 0 1 0 0 1 1 1 1 1 1 0 0 1 1 0 0 0 1 1 0 1 0 1 1 1 0 0 1 1 1 0 1 1 0 0 0 1 0 1 0 1 0 1 1 0 0 0 1 1 0 0 1 0
114 1 1 1 1 1 1 0 1 0 0 1 0 1 0 1 1 1 0 0 0 1 1 0 0 1 1 1 0 1 1 0 1 1 1 1 0 0 1 1 0 1 1 1 0 0 0 1 0 0 0 0 1 0 1 0 0 0 0 0 1 1 0 0 0 1 1 0 0 0 0
323 1 0 1 0 0 0 1 1 0 0 0 0 1 1 1 1 0 0 1 1 1 0 0 0 0 1 1 1 1 1 1 0 0 0 0 1 1 0 0 1 1 0 0 1 1 1 1 0 1 0 1 0 0 0 1 1 0 0 0 1 1 0 1 1 0 0 1 1 0 0
532 0 1 0 0 1 0 1 0 0 1 1 0 1 1 0 0 1 0 1 1 0 1 1 0 0 0 0 0 0 0 0 1 1 0 1 0 0 1 1 0 0 1 1 1 1 1 0 0 0 1 0 1 0 1 1 0 1 1 1 1 1 1 1 0 0 0 0 0 1 1
1271 0 0 1 0 0 1 0 0 1 1 1 1 1 1 0 0 0 0 1 1 1 0 1 1 0 0 1 0 0 1 1 0 0 1 0 1 1 1 0 0 0 1 0 0 1 1 0 1 0 1 1 0 0 1 0 0 0 1 0 0 1 0 1 1 0 1 1 0 1 1
1421 0 1 1 1 1 0 0 0 1 0 0 1 1 1 0 1 1 0 0 0 0 1 0 1 0 1 1 1 1 0 1 1 0 1 0 0 0 0 1 1 0 0 1 0 0 1 0 1 1 1 1 0 1 1 1 1 0 1 0 1 0 0 1 0 0 0 0 0 1 0
1848 0 0 1 1 0 0 0 0 0 1 1 1 0 0 1 0 1 0 0 1 0 0 0 1 1 1 1 1 1 1 0 0 1 0 0 1 1 1 0 0 1 1 1 0 1 1 1 0 0 0 1 1 0 0 0 1 1 0 0 0 1 0 1 1 0 0 1 1 1 0
2158 0 1 0 1 1 1 1 1 0 0 0 0 1 1 1 1 0 0 0 1 0 0 0 1 1 1 0 0 0 0 1 1 0 1 1 1 0 1 1 1 0 0 1 1 1 1 0 0 0 1 0 1 1 0 0 1 0 0 0 1 1 1 0 0 1 0 0 0 0 1
4318 0 1 0 1 0 1 1 0 0 1 0 1 1 0 1 1 0 1 0 1 0 0 1 1 0 0 1 0 0 0 1 1 1 1 1 1 1 0 0 0 1 1 0 0 1 1 1 0 1 0 1 0 0 0 0 1 0 0 0 0 1 1 0 0 1 1 0 1 1 0
6255 1 0 0 1 1 1 0 1 0 0 0 0 1 1 0 1 1 1 1 0 0 1 1 1 1 0 0 0 0 0 1 1 0 1 1 0 1 0 0 0 1 1 1 1 1 0 1 1 0 0 0 1 1 0 1 1 0 1 0 0 1 1 0 0 1 0 0 0 0 0
547 1 0 0 1 0 0 0 1 0 0 1 1 1 1 1 1 1 1 0 1 0 0 0 1 0 1 1 0 0 1 0 0 1 1 0 1 1 1 0 0 1 0 1 1 1 0 1 1 0 0 0 0 0 0 0 0 1 0 1 1 1 0 0 1 1 1 1 0 0 0
561 0 0 1 0 1 1 0 0 1 1 0 1 0 1 0 1 1 0 0 1 1 0 1 1 1 1 0 1 1 0 0 0 1 0 1 0 1 0 1 0 0 1 1 0 0 0 1 1 1 0 1 1 0 1 0 1 0 0 1 0 0 0 0 1 0 0 0 1 1 1
760 0 1 0 1 0 0 1 1 1 0 1 0 0 0 0 1 1 0 1 0 1 1 1 1 1 1 0 1 0 1 1 0 1 1 0 1 1 0 1 0 1 0 0 1 1 0 0 1 0 1 0 1 1 0 0 0 0 0 0 0 0 0 1 1 1 0 1 0 1 0
1088 0 0 0 1 0 1 1 0 0 0 1 0 0 0 1 0 1 1 0 1 1 1 1 1 0 1 1 0 1 0 1 1 0 1 1 0 0 1 0 1 0 1 0 1 0 0 0 0 1 1 1 1 0 0 0 1 0 0 0 0 1 1 0 1 1 1 1 0 0 1
1419 0 0 1 0 0 1 1 0 1 0 0 1 1 1 0 0 0 1 1 1 0 1 0 0 0 1 0 0 0 0 1 0 0 1 0 1 1 0 0 0 1 0 0 0 1 1 1 1 0 1 0 0 1 1 1 0 1 0 1 0 0 1 1 1 1 0 1 1 1 1
2423 0 1 0 1 1 0 0 0 1 1 1 0 0 1 1 1 1 0 1 1 0 1 0 0 1 0 0 1 0 0 1 1 0 1 1 0 0 0 0 1 0 0 0 1 0 1 0 0 1 1 0 0 0 1 1 1 0 1 1 1 1 1 0 1 0 1 0 0 1 0
3532 1 1 1 1 0 0 0 0 0 0 1 1 0 0 1 1 0 0 1 1 0 0 1 1 0 1 1 0 0 0 0 1 1 0 0 1 1 1 1 0 0 1 0 1 1 0 1 0 1 1 0 1 0 0 1 0 0 1 1 0 0 0 0 0 1 1 0 1 1 1
5 1 1 0 0 1 1 1 0 0 1 0 0 1 1 1 1 0 0 1 1 0 1 1 0 1 1 1 0 0 1 0 0 1 0 0 0 1 0 1 0 0 0 1 0 1 0 1 1 0 0 1 0 1 0 0 0 1 0 1 1 0 1 1 1 1 0 0 1 0 0
167 0 0 1 0 1 1 1 1 0 1 1 1 1 1 0 0 0 1 1 0 1 0 1 0 0 1 0 0 1 0 0 1 0 0 0 1 1 0 0 1 1 1 0 1 1 0 0 0 0 1 0 1 1 0 1 1 1 0 0 1 1 0 0 0 0 1 0 1 0 1
750 1 0 1 1 1 0 0 1 0 1 1 1 1 1 0 0 0 0 0 1 1 0 0 0 1 0 0 0 0 1 1 0 0 1 0 0 1 1 1 0 1 1 0 1 0 0 1 1 0 1 0 0 0 1 1 0 1 1 1 1 0 1 0 1 0 0 1 0 1 0
909 1 0 1 0 0 0 0 1 1 1 1 1 1 0 1 1 1 1 0 0 1 0 0 1 0 0 0 1 1 0 1 0 0 1 1 1 0 0 0 1 1 0 0 1 1 1 0 0 0 1 1 1 0 1 1 0 0 0 0 0 0 0 0 1 1 1 0 1 1 0
3112 1 0 1 1 1 0 0 0 1 1 0 1 1 1 1 1 1 0 0 1 0 1 0 0 0 0 1 0 0 1 0 0 1 0 0 0 0 0 1 0 1 1 0 1 0 0 1 1 1 1 0 0 0 1 1 0 0 0 1 1 1 1 0 1 0 1 1 0 1 0
3637 0 1 0 1 1 0 1 1 1 0 0 0 0 1 1 0 1 0 1 0 1 0 1 1 0 1 0 0 0 1 0 0 0 1 1 0 1 1 0 0 1 0 1 1 1 0 0 1 1 0 1 1 1 0 0 0 0 0 0 1 0 1 0 0 0 1 1 1 1 1
3638 0 1 1 1 0 0 0 0 0 1 1 0 0 1 0 1 1 1 1 0 1 0 0 0 0 1 0 1 0 0 0 1 0 0 0 1 0 1 1 0 1 1 1 0 1 1 1 0 1 0 1 1 0 1 0 0 1 1 0 0 1 1 1 1 0 0 1 0 0 1
4047 1 0 1 1 1 1 1 0 1 1 0 1 0 0 0 0 0 0 1 1 0 1 1 0 0 0 1 1 1 1 0 1 1 1 0 0 0 0 0 0 1 1 1 1 1 0 0 0 0 1 0 1 0 0 0 1 0 0 0 0 0 1 1 1 1 0 1 0 1 1
4286 1 0 0 1 0 0 1 1 1 0 0 1 0 0 1 1 0 0 0 1 1 1 1 1 0 0 0 1 0 1 1 1 1 0 0 1 0 0 0 1 1 0 0 0 0 1 1 0 1 0 0 0 1 1 1 1 1 0 1 0 0 1 1 1 0 1 0 0 0 1
291 1 1 0 1 0 1 1 0 0 1 1 0 1 0 1 0 1 0 0 1 0 1 0 0 1 0 0 1 1 0 1 1 0 1 0 0 1 0 1 0 1 1 1 0 0 1 0 0 0 1 1 0 1 1 0 1 1 0 1 1 0 0 1 1 0 0 0 0 1 0
696 1 1 1 1 1 0 1 1 0 0 0 1 1 0 1 1 0 0 0 1 0 1 1 1 0 1 1 0 1 0 0 0 1 0 0 1 1 1 1 1 0 0 0 0 0 0 1 1 0 1 1 0 0 0 0 1 0 0 1 1 0 0 0 1 1 0 1 1 0 0
807 0 1 0 1 1 1 0 1 1 1 1 0 1 0 0 1 0 0 0 0 1 1 1 1 1 1 0 0 1 0 1 0 0 0 0 1 0 0 1 1 1 1 1 1 1 0 1 0 0 1 1 0 0 1 0 0 1 1 0 1 1 0 1 0 0 0 0 0 0 0
3650 0 0 0 0 1 0 1 1 0 1 1 1 1 0 1 1 1 0 1 1 1 1 1 0 0 1 0 1 0 0 1 1 0 1 1 0 1 0 0 0 0 0 1 0 1 0 0 0 1 0 1 0 0 1 1 0 0 1 1 1 1 1 0 0 0 1 0 0 1 0
3837 0 0 0 0 0 1 0 1 1 0 0 1 0 0 0 0 1 0 1 1 0 1 1 0 1 0 0 0 1 0 1 1 1 1 1 0 0 1 1 0 0 0 0 0 0 0 0 1 1 0 1 0 1 1 1 0 1 1 1 1 1 1 1 1 1 0 0 1 1 0
4139 1 0 1 0 0 0 1 0 1 0 1 1 0 0 0 1 0 1 0 0 0 0 0 1 1 1 0 0 1 0 0 1 0 0 0 1 0 0 1 1 1 1 0 1 1 1 0 0 1 1 1 1 1 0 1 1 0 0 0 1 1 0 0 1 0 1 1 1 1 0
223 0 1 1 0 1 0 0 1 1 0 0 0 1 0 1 0 0 1 0 0 1 1 0 1 0 0 1 0 1 0 1 0 1 1 1 1 1 0 0 0 1 1 1 0 1 1 0 0 1 1 1 0 0 1 0 1 0 0 0 1 0 1 1 0 0 1 0 1 0 1
410 0 1 1 1 1 1 0 0 0 1 1 1 0 0 0 0 1 0 0 0 1 1 0 1 1 1 0 0 0 1 0 1 1 1 0 1 1 0 0 1 0 1 0 0 0 1 1 1 1 1 0 0 0 0 1 0 1 1 0 1 1 1 0 1 1 0 0 0 0 0
459 0 1 1 0 0 1 1 1 0 1 1 0 1 1 1 0 1 0 1 0 1 1 0 1 1 1 0 0 0 1 0 1 0 0 0 1 1 1 0 0 0 0 1 1 1 1 0 1 0 1 0 0 0 1 0 1 0 0 0 1 1 0 0 0 1 0 1 1 0 0
1952 0 1 1 0 0 1 1 1 1 0 0 0 1 0 0 1 1 0 0 0 0 1 0 1 0 0 1 1 1 1 1 1 0 1 0 0 1 0 1 0 1 1 1 1 1 0 1 0 0 0 1 0 1 1 1 0 1 1 1 0 0 0 0 0 0 0 1 0 1 0
2173 1 1 0 1 0 0 0 1 1 1 1 0 0 1 1 0 0 0 0 1 0 1 0 1 0 1 1 1 1 0 0 1 1 0 0 1 1 1 1 1 0 0 0 1 1 1 0 0 0 0 0 0 1 1 0 0 0 1 0 0 0 1 1 1 0 0 1 1 1 0
2687 1 0 0 1 0 1 1 0 1 1 1 1 0 0 0 0 0 1 0 0 1 1 0 0 1 1 1 1 0 1 0 0 1 0 1 0 1 1 1 0 0 1 0 0 0 0 0 1 0 0 1 1 1 0 0 0 1 0 1 1 0 1 0 1 0 1 1 0 1 1
5075 0 0 0 0 0 0 1 1 1 0 1 1 0 1 1 0 1 1 0 1 0 1 0 1 0 1 1 1 1 0 1 1 0 0 0 0 1 1 1 1 0 0 1 1 0 0 1 0 1 0 1 1 0 1 0 0 0 0 0 0 1 1 1 0 0 0 1 0 1 1
20 1 0 1 0 1 0 1 0 0 1 0 0 0 0 0 1 0 1 1 0 0 0 1 1 0 0 0 1 0 0 0 0 1 0 0 1 1 0 1 0 1 1 1 1 1 1 1 0 1 0 0 0 1 0 1 1 1 1 0 1 1 1 1 0 0 1 1 0 1 0
147 1 1 1 0 1 1 1 1 0 1 1 0 0 0 1 0 1 0 0 1 0 0 1 1 1 0 0 0 0 0 0 1 0 0 0 0 0 1 1 0 0 1 1 1 0 0 0 0 0 0 0 1 1 0 0 1 0 0 1 1 1 1 1 0 1 1 1 1 1 1
683 0 1 1 0 0 1 0 0 1 1 1 0 1 0 1 1 1 1 0 0 0 0 0 1 1 0 0 1 0 0 0 0 0 0 0 0 1 0 1 0 0 1 1 1 0 0 1 1 1 1 1 0 0 1 1 0 1 1 0 1 0 0 1 1 1 0 1 1 1 0
699 0 0 0 0 1 0 1 0 0 1 1 1 1 0 1 1 1 0 1 0 0 1 1 0 0 1 0 1 0 1 1 0 0 0 1 0 1 1 1 0 1 0 0 0 1 0 1 1 0 0 0 0 0 1 1 0 1 0 1 0 1 1 1 0 1 0 1 1 0 1
1221 0 1 1 0 1 1 0 0 0 0 0 0 0 0 1 1 0 0 0 1 0 1 0 1 1 1 0 0 1 0 1 1 0 1 1 1 0 1 0 1 0 1 1 0 1 1 1 0 1 1 0 1 1 1 0 0 0 0 0 1 0 1 0 1 1 1 0 0 1 0
1303 0 1 0 1 1 0 1 1 0 0 0 0 0 1 1 1 1 1 0 1 0 0 1 1 0 0 1 0 0 1 0 0 0 1 1 0 0 0 0 0 1 0 0 1 1 0 1 1 0 1 1 0 1 1 0 1 0 1 1 1 0 0 0 1 0 1 1 1 1 0
1799 0 0 0 0 0 1 0 1 0 0 1 1 1 0 1 1 1 0 1 1 1 1 0 0 1 1 0 0 0 0 1 0 1 1 1 0 0 0 1 0 0 0 0 0 1 0 0 1 1 1 0 0 0 1 0 1 0 1 1 1 1 1 1 1 1 1 1 0 0 0
1975 0 1 1 0 1 1 1 0 1 1 0 0 0 1 1 0 0 1 0 1 0 1 1 1 0 1 0 0 1 0 1 0 1 1 0 0 1 1 1 0 0 1 1 0 1 1 0 0 0 0 1 0 0 0 0 0 0 1 0 0 1 1 0 0 1 1 1 1 1 0
2141 0 0 1 0 0 1 1 0 0 1 1 0 1 1 0 1 0 0 1 0 1 0 0 1 1 1 0 0 1 1 1 1 1 0 1 0 0 1 0 0 1 0 0 0 1 0 1 0 1 1 0 1 1 1 1 0 1 0 1 0 1 0 1 0 0 1 0 1 0 0
2151 1 1 0 0 1 1 1 1 1 1 0 1 0 0 0 0 0 0 1 0 1 1 1 0 1 0 0 0 0 1 1 0 0 0 0 1 0 0 1 0 0 0 1 1 1 1 0 0 1 1 1 0 1 1 0 0 1 0 0 0 1 0 0 1 1 0 1 1 1 1
2264 1 1 1 0 0 0 0 1 0 0 1 1 0 0 1 0 1 1 0 1 1 1 0 1 1 1 0 1 0 1 0 0 0 0 0 0 1 0 0 1 1 1 0 1 1 1 0 1 0 1 1 0 0 1 0 0 0 1 0 0 1 0 1 1 1 1 0 0 0 1
2382 0 0 1 0 0 0 0 1 0 0 1 1 0 1 1 0 0 0 0 0 0 0 0 1 0 1 1 0 1 1 1 1 0 1 1 1 0 0 1 0 1 1 0 1 1 1 1 1 1 0 0 0 1 1 1 1 0 1 1 1 0 0 1 0 0 1 0 1 0 0
3305 0 0 0 0 0 0 1 1 1 1 0 0 1 0 0 0 1 0 0 0 1 0 1 1 1 1 1 1 0 0 0 0 0 1 0 1 1 1 0 1 1 1 0 1 1 1 0 0 0 0 1 0 1 1 1 1 1 1 0 0 1 1 0 0 1 1 0 0 0 1
4660 0 0 1 1 1 0 1 1 1 1 1 0 0 1 0 1 0 0 0 0 0 1 0 0 1 1 1 1 1 0 0 1 0 0 0 0 1 1 0 1 1 0 0 1 0 0 1 1 0 0 0 1 1 1 0 1 0 1 0 0 0 0 0 1 1 1 1 0 1 1
6186 0 0 1 0 1 1 0 1 1 0 1 1 1 0 0 1 0 1 0 0 0 1 1 0 1 1 0 0 0 1 1 0 0 0 1 1 1 1 1 0 0 0 0 0 1 1 0 0 1 1 0 1 1 1 0 1 0 1 0 1 0 1 0 0 1 0 1 1 0 0
123 0 0 0 1 1 1 1 0 0 1 0 1 0 1 0 1 1 1 0 1 0 0 0 0 0 1 0 1 1 0 1 1 0 1 0 0 0 1 1 0 1 1 0 0 0 0 0 0 1 0 1 1 0 1 0 1 1 1 0 1 0 1 0 1 1 1 1 0 1 0
352 1 0 0 1 0 1 1 1 0 1 0 0 0 0 0 0 1 0 1 0 1 0 0 1 1 0 1 1 1 0 0 0 0 1 0 0 1 1 1 1 1 0 0 1 1 0 1 1 0 0 1 1 0 1 0 0 1 1 1 0 1 0 1 0 1 1 0 1 0 0
591 0 0 1 1 1 1 0 0 1 0 0 0 1 0 1 1 1 0 0 1 0 1 1 1 0 1 1 1 0 0 0 0 1 1 0 0 0 1 0 0 1 1 1 1 0 1 0 0 0 0 0 1 0 1 1 1 1 1 0 1 0 1 1 0 0 0 0 1 1 0
599 0 0 1 1 0 1 1 0 1 1 0 0 0 1 0 0 0 0 0 0 1 1 1 1 0 0 1 0 0 1 1 1 0 1 1 1 1 1 1 0 1 1 1 0 1 0 0 0 1 1 1 0 1 0 0 0 1 0 1 0 0 0 0 0 0 1 1 1 0 1
725 0 0 1 0 1 1 1 1 0 0 0 0 1 1 0 0 1 1 1 0 1 0 0 0 1 1 1 0 1 0 0 0 1 0 0 0 0 1 1 1 1 0 1 1 0 0 0 1 0 1 0 0 1 1 0 1 1 0 1 1 0 1 0 0 0 1 1 1 0 1
1160 0 1 1 1 1 1 1 1 0 0 1 0 1 1 1 0 0 0 0 1 0 1 0 0 1 1 1 0 1 0 0 0 0 1 0 0 1 0 0 1 0 1 0 0 1 1 1 0 0 0 1 0 0 1 0 0 0 1 1 1 1 1 1 0 0 1 0 0 1 1
3137 1 1 0 1 1 1 1 0 0 1 0 0 0 1 1 0 0 0 0 0 1 0 1 0 0 0 0 0 1 1 0 0 1 1 1 1 1 0 0 1 0 1 1 1 0 0 1 1 0 1 1 1 1 0 0 0 1 1 1 1 1 0 0 0 0 1 0 0 1 0
3152 0 1 1 1 0 0 0 0 0 0 0 0 1 1 1 1 0 1 1 1 0 0 1 0 1 0 1 0 1 0 0 1 1 1 0 0 1 1 0 0 0 0 0 1 0 1 1 0 0 0 1 1 0 1 1 0 1 1 1 1 1 0 1 1 0 0 0 1 1 0
3251 0 0 1 1 1 1 1 0 1 1 0 0 1 0 0 0 0 1 0 1 0 1 0 0 1 0 1 1 0 0 0 1 1 0 1 1 1 0 0 0 1 0 0 1 1 0 0 0 0 1 1 0 0 1 1 0 0 1 1 0 1 1 1 1 1 0 1 0 0 1
3448 0 1 0 1 1 1 0 0 1 0 1 1 0 1 1 0 1 1 0 1 1 0 0 0 0 1 1 0 0 0 0 0 1 0 1 0 0 1 0 1 1 1 1 1 1 0 0 0 1 1 1 0 1 1 0 0 0 1 0 0 0 1 0 1 0 0 0 1 1 1
3579 0 1 0 1 0 1 0 1 0 1 1 1 1 0 1 1 0 1 0 0 1 1 0 1 0 1 1 0 1 0 1 1 0 1 1 1 0 0 1 1 0 1 0 0 1 0 1 0 0 0 1 1 0 0 0 0 0 0 0 1 0 1 1 0 0 1 0 0 1 1
3639 1 0 0 1 1 0 1 1 1 1 1 0 1 1 1 0 1 0 0 1 0 0 1 1 1 0 0 0 1 0 0 0 0 1 1 1 0 0 1 1 1 1 0 1 1 1 1 0 0 0 0 0 1 0 0 0 1 0 1 0 0 0 0 0 1 0 1 1 1 0
4113 1 0 1 1 0 1 1 0 1 0 1 1 1 1 1 1 1 0 1 1 1 0 0 0 0 0 1 0 1 0 1 0 1 0 1 0 0 1 0 1 0 1 1 0 0 1 0 1 1 0 1 0 0 1 0 0 0 0 0 1 0 1 0 0 0 1 1 1 0 0
4183 0 0 1 1 1 0 1 1 1 1 1 1 1 1 0 1 0 1 1 1 0 0 0 1 0 0 0 0 0 1 1 0 1 0 1 0 0 1 0 0 0 1 0 1 0 1 0 1 1 1 0 1 0 1 0 0 1 1 0 1 0 0 1 0 0 0 1 0 0 1
138 0 0 0 1 0 0 0 0 1 1 1 1 1 1 1 0 0 1 1 1 1 0 0 0 1 0 1 0 0 0 0 1 1 0 1 0 1 1 1 1 1 0 0 0 1 1 0 0 0 1 1 0 0 0 0 0 0 1 1 1 0 1 1 1 1 1 0 0 1 0
1178 0 1 0 0 0 1 1 1 1 1 1 1 0 0 0 0 0 0 1 0 1 0 1 0 1 1 0 1 1 0 1 0 1 0 0 1 1 1 1 1 0 1 1 0 0 0 1 0 1 0 0 1 0 1 0 1 0 1 0 1 0 0 1 1 0 0 0 1 1 0
1503 1 1 0 1 1 0 0 0 1 0 0 0 1 0 0 0 1 0 1 0 1 0 0 0 0 1 1 1 1 0 0 1 1 0 0 1 0 0 0 1 1 0 1 0 1 1 0 1 0 0 0 0 1 1 1 1 1 1 0 0 1 1 0 1 1 0 1 1 1 0
1618 1 0 1 1 0 0 0 0 1 1 1 1 1 0 1 0 0 1 0 0 1 0 0 1 0 0 1 0 0 1 1 0 1 1 1 0 1 1 1 0 0 0 1 0 0 0 1 1 1 0 0 1 1 0 1 0 0 0 0 1 0 1 1 1 1 0 1 0 0 1
1906 0 0 0 1 0 0 1 1 1 1 1 1 1 1 0 0 1 1 1 1 0 1 0 1 1 0 0 0 1 1 1 0 1 0 0 1 0 0 0 1 1 1 1 1 1 0 0 1 0 1 1 0 1 0 0 0 1 0 0 0 0 0 0 0 1 0 1 0 1 0
2434 1 0 1 1 1 0 0 0 0 1 1 0 1 0 0 0 1 0 0 0 0 1 1 0 1 1 1 1 0 0 1 1 1 0 0 0 0 0 1 1 0 1 1 0 0 0 1 1 1 1 0 1 1 1 0 0 0 0 1 0 1 1 0 0 0 1 1 1 1 0
2520 1 1 1 0 0 0 0 0 1 1 1 1 1 0 0 1 1 1 0 0 0 0 0 1 1 0 1 0 1 1 1 1 0 0 1 0 0 0 0 0 1 0 0 1 0 1 1 0 1 1 0 1 0 0 0 0 1 1 0 1 1 0 0 1 1 0 1 1 1 0
3773 1 0 0 0 0 0 1 1 0 0 0 1 0 0 1 0 1 0 1 1 1 1 1 1 1 0 1 0 1 0 0 0 1 0 1 0 0 1 0 1 0 0 0 0 1 1 1 1 0 1 0 0 1 1 0 1 0 0 1 1 0 1 1 1 1 0 1 0 0 1
4171 1 1 1 0 0 0 0 0 1 1 0 0 0 1 1 0 1 0 1 0 1 0 0 0 0 1 1 0 1 1 1 1 0 0 0 0 1 1 1 0 0 1 0 1 1 1 1 1 1 1 0 1 0 0 1 1 0 0 0 0 0 0 1 1 0 1 1 0 0 1
7388 1 0 1 0 0 1 0 1 1 1 1 0 1 0 0 0 1 1 0 0 0 0 1 0 0 1 0 1 1 0 1 0 0 0 1 1 1 0 1 0 1 1 1 1 0 0 1 0 1 0 0 0 1 1 1 0 0 0 1 0 1 0 1 1 0 0 1 1 1 0
122 1 0 0 1 0 0 0 0 0 1 0 1 0 0 0 1 1 1 1 1 0 0 0 1 1 1 0 1 1 0 0 1 1 1 1 0 0 0 0 0 1 0 1 1 0 0 1 1 0 1 1 1 1 1 1 0 0 0 0 0 1 1 1 1 0 1 0 1 0 0
539 1 1 1 1 0 1 1 1 1 0 1 1 0 1 1 1 0 0 0 0 0 0 0 1 0 1 1 1 1 0 0 1 1 0 0 0 0 1 0 1 1 0 0 0 0 0 0 0 1 1 1 1 0 0 0 0 0 0 1 1 0 1 0 1 1 1 0 1 1 0
869 0 0 0 1 1 1 1 0 1 0 1 0 0 0 0 0 1 0 0 1 0 1 0 1 0 1 0 0 0 1 1 1 0 0 1 1 1 0 1 0 1 1 1 1 1 1 1 1 1 0 0 0 1 0 1 1 0 0 1 0 0 0 1 1 0 0 1 1 0 0
976 1 0 1 1 0 1 0 1 0 1 1 1 0 1 1 0 0 1 0 0 0 1 0 0 0 1 1 1 1 0 1 0 1 0 1 1 0 1 1 1 0 0 1 1 0 0 0 1 0 1 1 1 1 0 0 1 0 0 0 0 0 0 0 1 0 0 1 1 1 0
1195 1 0 0 1 1 1 1 0 1 0 0 1 0 1 0 1 0 1 1 1 0 0 0 1 0 0 1 0 1 1 0 0 0 1 0 0 1 0 0 1 0 0 1 0 1 0 0 0 1 1 1 1 1 1 0 1 1 0 1 0 1 0 0 0 1 0 1 1 0 1