8 9 11 13 18 20 24 27
228 2 17 18 23 24 31 46
407 2 5 8 15 24 27 52
594 4 24 25 31 39 42 53
243 13 20 21 45 48 66 71
1272 18 25 38 40 47 53 63
281 4 5 33 45 46 48 52
504 6 9 12 38 47 53 66
64 12 17 26 27 32 78 80
1289 14 22 24 29 45 48 49
202 1 18 31 42 46 50 52
388 7 9 24 39 48 53 56
1018 1 5 18 25 31 48 54
643 9 20 22 43 48 63 66
1136 11 19 31 32 48 53 56
32 1 31 46 48 49 63 68
900 5 25 38 47 53 123 148
1315 1 5 46 59 63 153 154
2332 33 70 72 73 76 97 120
799 7 24 46 48 53 57 59
177 9 22 54 56 57 60 93
2156 1 26 44 48 56 57 63
297 4 12 31 35 57 60 71
74 7 24 39 48 53 57 59
1640 14 16 34 38 48 62 63
595 4 24 57 59 60 76 101
3453 48 63 65 71 104 113 123
259 1 17 20 48 53 73 77
132 1 4 20 71 78 119 120
734 1 46 48 57 63 73 120
1888 14 38 49 53 77 90 93
1519 24 63 73 120 154 201 203
2610 14 37 76 103 113 120 123
289 24 25 48 52 53 60 73
753 48 57 120 130 139 145 169
56 12 31 34 48 53 57 60
536 3 14 63 66 79 91 93
2597 1 14 48 51 53 68 94
329 37 45 49 93 113 124 131
4 20 24 63 93 103 123 124
14 18 31 63 73 76 90 96
707 24 53 63 123 140 143 146
744 56 63 93 120 130 147 154
997 52 73 83 90 94 154 156
642 24 33 48 110 115 118 132
727 5 18 24 69 88 114 123
1199 33 48 53 79 96 107 109
389 24 36 39 44 48 57 63
1657 5 24 40 70 113 125 134
2046 27 44 56 70 123 137 147
1269 12 93 113 126 132 148 154
44 1 2 63 80 114 119 125
227 36 37 48 63 65 137 167
967 16 18 24 63 87 89 129
1268 18 21 56 73 152 208 224
25 55 63 93 103 113 123 154
2470 31 54 59 71 73 76 84
2658 63 77 80 93 137 177 186
144 24 48 52 53 60 63 78
455 1 2 18 53 57 133 139
575 31 46 120 133 147 152 154
1932 24 31 46 49 53 59 63
912 5 31 59 60 78 100 119
1630 42 71 115 117 152 154 167
374 40 63 76 104 138 154 156
1714 1 19 32 48 53 71 92
1867 31 63 66 71 73 120 123
1169 12 23 39 52 61 68 125
2087 18 24 31 42 48 56 117
631 1 23 44 48 63 152 168
229 24 48 78 115 137 154 185
765 1 9 46 48 63 68 76
1290 14 29 45 48 49 73 93
1295 14 31 81 130 148 154 167
3632 56 73 181 208 235 253 256
948 48 71 74 93 103 114 123
2755 39 48 52 63 69 103 122
1052 5 16 46 48 73 101 113
1457 26 31 36 48 63 110 114
10 12 24 48 63 79 87 154
2491 20 52 60 61 68 71 137
938 1 61 93 113 137 152 167
2438 1 31 44 52 60 69 78
2519 22 24 35 48 95 110 113
994 9 24 45 49 60 63 66
949 5 48 78 90 154 165 189
2022 63 71 113 124 152 154 188
360 39 48 66 79 101 162 208
790 7 60 63 154 208 247 266
2640 38 40 53 59 124 154 167
1239 48 75 81 152 217 225 283
2218 24 30 63 71 153 154 178
1426 1 11 15 24 30 54 63
1504 1 18 35 48 56 59 104
109 9 18 59 68 77 93 123
192 31 48 59 71 77 150 152
256 59 76 102 120 154 167 235
1965 1 18 25 40 49 53 59
266 27 136 139 141 152 154 155
446 21 48 50 53 63 73 137
2184 63 67 81 138 154 155 209
2233 1 53 63 67 133 192 213
1011 5 13 37 48 63 71 79
2217 30 71 152 178 182 235 248
2746 39 48 52 69 123 154 203
819 7 63 90 139 143 175 187
1034 9 12 22 35 48 133 155
1570 44 46 52 62 63 69 123
2534 25 63 65 76 144 167 178
3640 16 74 134 154 170 203 208
648 5 11 110 113 152 207 249
1439 13 15 18 20 33 48 79
610 1 10 83 99 115 123 124
1464 46 52 59 63 76 126 134
253 24 46 63 73 128 154 159
1065 1 20 24 46 48 49 73
1595 3 11 44 46 52 69 149
2094 24 48 53 57 63 90 123
3052 1 9 48 63 65 72 76
369 22 46 48 52 63 69 94
556 12 18 31 48 59 63 84
2280 16 63 113 123 124 126 259
1564 2 59 83 113 120 133 154
391 52 59 137 152 154 195 201
608 49 63 74 154 156 173 208
820 5 7 24 25 83 123 149
2700 40 63 83 88 123 147 162
978 16 24 78 83 123 147 155
1587 16 32 47 53 81 113 152
6046 1 5 6 19 63 68 73
60 38 59 114 125 145 154 177
2035 5 18 114 123 174 208 222
2741 39 81 147 157 181 208 235
569 54 73 117 123 133 154 187
1667 27 42 137 201 235 256 265
48 5 10 16 131 137 139 149
261 16 24 39 48 57 63 72
1130 44 52 63 69 71 138 154
1613 63 67 113 154 167 209 211
1473 16 29 48 49 61 115 150
1538 106 133 152 175 178 183 201
2808 5 29 40 42 48 63 66
1463 1 5 18 42 71 107 154
840 10 20 48 52 53 60 81
1281 1 36 53 123 129 138 140
1238 25 46 63 83 126 147 152
1832 16 21 52 102 126 143 203
1893 1 13 14 48 51 78 92
2955 1 19 32 53 63 76 93
706 24 53 60 63 123 139 140
1481 9 40 48 65 70 83 121
4693 48 68 73 78 134 162 167
137 12 19 26 42 123 145 215
1830 21 25 63 76 83 90 152
3633 56 73 124 138 147 181 208
1489 63 83 123 137 147 155 208
1032 46 133 148 175 195 201 229
1131 24 46 123 153 154 184 217
2902 48 69 74 79 113 120 146
54 28 105 124 131 152 154 155
351 9 31 48 54 61 84 110
854 13 27 98 115 123 124 154
2186 45 48 63 67 154 266 295
2623 48 52 57 120 193 208 223
115 40 70 83 147 152 155 162
770 31 48 53 71 76 145 154
2564 13 45 52 63 83 113 138
2565 1 13 14 48 51 78 92
2566 1 13 14 51 78 120 131
2995 9 55 83 165 235 247 259
2915 45 49 63 138 147 181 208
4587 2 24 120 123 125 137 148
647 1 5 36 62 78 115 120
1635 24 63 94 136 139 141 154
1562 8 17 18 63 93 149 182
276 5 9 31 35 39 48 53
2583 54 73 195 208 222 235 249
3164 48 76 78 137 154 175 201
3190 19 48 53 94 99 134 193
3826 12 62 63 83 147 154 181
4338 77 93 154 173 243 249 301
120 27 30 45 53 63 89 120
611 137 145 156 170 208 235 239
1843 24 95 113 123 154 158 192
1953 20 25 46 48 83 147 154
2212 30 71 73 113 120 154 191
2983 52 53 63 71 123 139 201
3470 29 63 73 161 167 208 229
3684 48 52 63 69 138 154 155
4055 52 260 275 276 290 299 314
21 9 16 21 48 81 83 177
993 9 17 21 24 40 103 123
1440 1 14 15 51 63 73 78
1472 16 56 123 154 171 195 247
2916 45 124 147 169 181 208 235
126 16 46 52 59 63 208 256
737 31 48 59 71 77 137 190
2616 32 37 56 67 115 123 154
2042 59 93 124 173 179 182 235
3468 31 48 167 179 201 235 295
433 2 13 27 98 123 124 207
1443 15 33 48 133 144 205 213
2232 53 57 123 133 167 175 195
2695 93 133 208 236 273 317 323
3611 16 55 123 134 170 193 253
212 19 40 122 123 214 235 248
1127 1 78 87 124 138 152 190
1416 5 57 65 69 123 172 177
1551 17 24 31 53 79 145 153
2036 35 53 63 123 140 144 146
2058 13 27 98 112 123 124 235
3131 154 181 208 235 266 286 307
6459 14 19 94 123 154 185 233
809 7 59 73 77 141 154 161
1119 1 15 94 113 133 137 154
1754 49 98 115 154 166 217 284
3245 50 80 101 113 167 201 208
4833 83 98 115 235 245 295 314
105 63 73 130 163 167 201 213
148 46 73 118 120 143 147 194
3139 46 63 147 186 208 253 313
4557 115 169 219 235 301 310 314
68 45 152 154 168 173 178 237
2692 65 77 79 88 123 153 178
2984 46 84 154 168 181 187 201
203 26 123 145 152 262 313 318
311 7 56 120 154 159 175 208
1203 26 63 143 154 208 217 253
1602 63 175 208 266 295 314 340
2609 16 37 48 98 115 123 148
3847 31 63 69 71 123 149 249
4946 25 74 83 122 155 271 290
298 52 59 140 154 159 201 208
1264 46 143 147 165 181 208 235
2399 9 18 48 109 123 186 190
4083 113 120 152 188 263 332 340
7550 57 113 123 154 185 248 276
9 102 114 124 133 154 160 184
49 137 154 182 208 239 256 279
127 5 48 59 136 154 208 217
1181 12 83 118 121 154 186 268
1732 52 63 133 149 201 202 269
1845 48 145 175 222 235 249 256
2555 56 137 143 266 286 385 392
927 39 105 204 314 373 406 429
1292 14 26 63 65 83 208 233
2003 13 54 59 113 132 133 144
2085 53 145 177 222 245 247 313
2315 23 29 175 180 208 227 253
2884 44 69 70 123 164 195 233
4764 123 199 235 248 266 276 284
5385 46 53 77 154 252 266 366
6456 14 19 123 154 185 233 276
143 9 24 59 63 95 103 109
416 2 16 63 79 110 120 147
1483 22 46 84 138 152 180 193
2592 152 154 201 205 240 286 295
2613 37 59 77 123 154 173 190
4763 63 217 252 268 332 363 433
6455 14 19 123 154 185 233 254
19 95 118 120 154 155 208 235
324 60 123 138 152 154 165 208
349 24 53 147 154 208 235 241
789 52 57 63 120 148 154 178
798 6 7 76 145 154 177 235
829 46 59 208 266 269 340 347
4184 48 70 72 103 120 123 145
31 59 111 149 175 194 208 217
37 48 53 145 152 202 217 225
1171 12 13 22 48 113 224 252
1179 12 49 95 155 186 208 266
3285 39 62 74 138 222 253 268
3555 53 75 123 192 203 232 233
4069 68 140 154 192 195 222 243
7294 52 59 114 168 170 221 345
76 25 70 95 120 132 154 165
299 7 167 178 208 252 279 295
791 7 49 70 76 122 266 276
1054 21 86 154 222 225 297 301
2006 71 83 98 113 123 154 168
2183 44 71 73 78 107 167 190
3704 39 57 71 73 137 159 175
4161 71 75 109 203 208 235 259
4475 48 53 63 81 154 175 195
5518 16 45 59 76 83 113 154
6288 48 151 167 173 201 207 266
15 18 24 42 96 181 195 198
36 24 48 68 76 188 314 369
735 35 98 167 186 187 201 203
1079 37 93 123 154 208 253 301
1082 9 102 113 115 134 173 208
1988 51 76 104 154 169 179 188
3417 39 69 74 162 222 271 295
4642 63 88 123 139 188 208 222
7770 63 138 147 208 235 253 299
330 93 115 118 124 137 154 189
704 6 12 25 134 181 197 235
793 7 11 120 123 145 154 158
980 46 131 154 169 293 321 333
1260 51 77 80 90 126 152 154
2428 59 63 95 113 178 254 268
2707 46 54 137 154 162 208 217
2864 1 16 43 56 74 123 124
4498 59 77 83 123 154 253 265
5175 46 53 154 163 217 270 303
5666 24 63 113 115 117 136 139
295 24 65 155 208 253 266 299
962 18 31 129 189 317 351 384
1298 21 120 154 208 253 366 428
1966 25 48 123 182 229 252 286
2743 39 75 120 124 152 201 341
3033 46 48 154 195 235 299 309
3503 123 155 203 217 233 269 290
3525 53 59 84 86 120 137 152
3954 66 69 71 123 152 154 193
4852 63 67 123 167 187 209 282
6606 18 48 101 208 243 253 282
78 73 78 151 169 208 313 346
114 48 49 60 83 137 147 208
323 182 235 240 245 295 400 436
532 3 74 78 115 174 177 209
1271 17 18 31 53 56 147 150
1421 18 123 190 208 211 229 314
1848 48 101 211 235 256 273 325
2158 65 123 152 153 154 203 208
4318 11 53 77 148 154 155 235
6255 1 18 53 63 68 154 156
547 24 29 63 103 106 192 256
561 6 93 101 113 124 152 183
760 17 20 24 31 71 103 130
1088 42 152 154 188 203 233 271
1419 5 19 40 123 129 166 262
2423 46 48 119 140 153 282 295
3532 63 90 92 137 154 177 193
5 26 76 201 208 315 330 353
167 1 63 128 133 137 194 311
750 1 38 53 149 201 235 266
909 52 63 154 175 253 266 305
3112 47 48 49 154 266 282 384
3637 32 56 83 121 123 217 301
3638 48 56 165 256 266 268 314
4047 63 94 125 136 152 169 171
4286 76 77 84 139 154 167 179
291 49 123 147 170 198 259 290
696 6 18 31 52 63 110 120
807 7 154 208 233 301 394 412
3650 1 106 152 210 224 243 261
3837 52 63 144 181 191 250 256
4139 14 45 48 123 125 137 143
223 38 49 70 73 138 155 208
410 2 21 31 63 103 175 227
459 109 113 123 132 208 268 301
1952 25 113 209 235 266 299 301
2173 73 118 120 154 191 208 341
2687 71 104 152 154 199 202 290
5075 108 113 120 137 154 165 209
20 59 124 154 269 295 301 319
147 13 48 78 144 152 205 212
683 48 52 142 154 225 236 313
699 6 100 101 113 154 167 245
1221 90 135 259 384 392 491 501
1303 6 18 63 110 178 198 224
1799 90 134 136 170 201 224 268
1975 26 53 63 154 177 341 346
2141 123 166 176 248 281 299 332
2151 48 76 80 103 137 154 208
2264 48 120 154 167 301 306 314
2382 73 120 125 126 337 369 380
3305 51 73 154 166 168 235 320
4660 73 107 195 208 213 268 279
6186 123 208 217 233 253 340 437
123 46 52 53 59 63 68 110
352 137 154 193 385 400 425 459
591 4 47 63 76 129 314 323
599 4 64 71 120 260 275 314
725 1 48 73 200 312 332 359
1160 5 36 71 123 132 137 154
3137 48 52 57 86 193 208 233
3152 22 48 63 154 200 228 266
3251 50 113 120 192 215 217 221
3448 5 18 25 53 54 154 179
3579 123 152 257 275 276 389 391
3639 32 56 72 113 123 154 181
4113 69 71 123 183 233 282 350
4183 52 70 123 130 167 246 266
138 9 33 75 137 171 314 320
1178 12 67 93 113 132 154 155
1503 77 90 154 168 182 259 295
1618 57 154 259 268 284 507 510
1906 63 95 113 122 145 271 295
2434 64 137 148 208 213 250 283
2520 35 59 81 146 154 187 190
3773 9 73 124 152 200 369 468
4171 51 120 145 182 268 301 332
7388 53 63 151 208 230 290 379
122 41 45 59 120 188 196 208
539 63 73 137 145 288 429 473
869 9 63 93 137 145 154 177
976 5 48 59 143 154 177 188
1195 63 73 90 152 184 263 320