8 0 1 0 0 0 1 1 0 1 1 1 0 0 1
228 1 0 1 0 1 0 1 0 0 0 0 1 1 1
407 0 0 0 0 0 1 1 1 1 1 1 0 0 1
594 1 0 0 0 1 1 1 0 0 1 1 1 0 0
243 1 1 0 1 0 1 1 0 1 0 0 0 1 0
1272 1 0 1 0 0 1 1 0 0 1 0 0 1 1
281 1 1 0 0 1 1 1 0 0 0 0 1 1 0
504 0 1 0 0 0 0 1 1 1 1 0 1 1 0
64 0 0 0 1 1 1 0 0 0 0 1 1 1 1
1289 1 1 0 1 0 1 1 0 1 0 0 0 0 1
202 1 0 1 0 1 1 0 0 1 1 0 1 0 0
388 1 1 0 1 0 1 1 1 0 0 1 0 0 0
1018 1 1 1 0 0 1 0 1 1 1 0 0 0 0
643 1 0 0 0 1 1 1 0 0 1 1 0 1 0
1136 0 1 1 1 1 1 0 1 0 0 0 0 1 0
32 0 0 1 1 1 1 0 0 0 0 1 1 0 1
900 1 0 1 0 1 0 1 0 1 0 1 1 0 0
1315 1 0 0 0 0 1 0 0 1 1 1 1 0 1
2332 1 0 1 0 0 0 0 0 1 0 1 1 1 1
799 0 1 0 1 0 0 1 1 0 1 1 1 0 0
177 0 0 1 0 1 0 1 0 0 0 1 1 1 1
2156 1 0 0 0 1 0 1 0 0 1 1 1 1 0
297 0 1 1 0 0 1 1 0 0 1 1 0 1 0
74 1 1 0 0 1 0 1 0 0 0 1 1 1 0
1640 1 0 0 1 1 1 0 0 0 1 0 1 0 1
595 0 0 0 0 1 1 1 0 1 1 1 0 0 1
3453 0 1 1 0 1 0 0 1 1 1 0 1 0 0
259 0 1 1 0 1 0 1 0 0 0 1 0 1 1
132 1 1 0 1 1 1 0 0 0 0 0 0 1 1
734 1 0 1 0 1 1 0 0 1 1 0 0 1 0
1888 1 1 0 0 0 1 1 0 1 0 0 1 1 0
1519 0 1 1 1 1 0 1 0 0 1 0 0 0 1
2610 0 0 1 0 1 1 1 0 0 1 0 1 0 1
289 1 0 1 1 0 0 1 0 1 1 1 0 0 0
753 0 1 0 1 0 1 0 0 0 1 1 0 1 1
56 0 1 0 1 1 1 1 0 1 0 0 0 0 1
536 1 1 0 1 1 1 0 1 0 0 0 0 0 1
2597 1 0 1 1 1 0 0 0 0 0 1 1 0 1
329 0 1 1 0 1 0 1 1 0 1 1 0 0 0
4 0 1 0 0 1 0 0 1 0 0 1 1 1 1
14 0 0 0 0 0 1 1 0 0 1 1 1 1 1
707 0 1 0 0 1 0 1 0 1 1 1 0 1 0
744 1 1 1 1 0 0 1 0 1 0 0 0 1 0
997 0 1 0 1 1 1 1 1 0 0 0 0 1 0
642 0 1 1 1 0 1 0 0 0 1 0 0 1 1
727 1 1 0 1 0 1 1 0 0 0 0 1 0 1
1199 1 0 1 0 1 1 0 1 0 1 1 0 0 0
389 1 1 0 0 1 0 1 0 1 1 1 0 0 0
1657 1 1 0 0 0 0 0 0 0 1 1 1 1 1
2046 0 0 1 0 0 1 0 1 1 1 1 0 1 0
1269 1 0 1 1 0 1 0 0 0 1 0 1 1 0
44 0 1 0 0 1 1 0 1 0 0 1 0 1 1
227 0 0 1 0 0 1 0 1 0 1 1 1 1 0
967 0 1 1 0 1 0 1 1 0 1 0 0 0 1
1268 1 0 1 1 0 0 0 1 1 0 1 1 0 0
25 0 0 1 1 1 1 0 0 0 1 0 1 0 1
2470 0 0 1 0 1 1 1 0 0 0 1 1 1 0
2658 1 0 1 0 1 0 1 0 0 1 1 0 1 0
144 0 1 0 0 0 1 1 0 1 1 0 1 1 0
455 1 1 0 0 1 1 0 1 0 1 0 0 1 0
575 1 0 1 1 0 0 1 1 0 0 1 0 0 1
1932 1 0 0 0 1 0 0 1 0 1 1 1 1 0
912 0 0 0 1 0 1 1 1 1 1 1 0 0 0
1630 0 1 1 0 1 1 1 0 0 1 0 0 1 0
374 0 1 1 0 1 1 1 1 0 0 0 0 0 1
1714 1 0 0 0 0 1 0 1 1 0 1 1 0 1
1867 1 0 0 1 0 0 0 1 1 0 1 1 1 0
1169 0 0 1 1 1 0 0 0 1 1 0 1 0 1
2087 0 1 0 1 0 1 0 0 1 0 0 1 1 1
631 0 1 0 1 1 0 0 0 0 1 1 1 1 0
229 1 0 1 0 1 0 1 1 0 0 0 0 1 1
765 1 0 1 0 1 1 0 1 0 1 0 0 1 0
1290 1 1 0 1 0 1 0 1 1 0 0 1 0 0
1295 0 1 1 1 0 0 0 1 1 0 0 1 0 1
3632 1 1 1 1 1 1 0 0 0 0 0 0 1 0
948 1 1 1 1 0 0 0 0 0 0 1 1 1 0
2755 1 1 1 1 1 0 1 0 0 0 1 0 0 0
1052 0 1 1 0 1 0 1 0 1 0 1 1 0 0
1457 0 1 1 0 1 0 0 0 1 1 1 0 0 1
10 0 1 1 1 1 0 1 0 1 0 1 0 0 0
2491 0 1 1 0 1 1 0 1 1 0 0 0 1 0
938 0 0 1 1 0 0 1 1 0 0 1 0 1 1
2438 0 1 0 1 0 0 0 1 1 0 1 1 0 1
2519 0 1 1 0 1 1 0 1 0 0 0 1 1 0
994 1 0 0 0 0 0 1 1 1 1 1 0 1 0
949 0 0 0 1 1 0 1 0 1 1 0 0 1 1
2022 1 0 1 1 0 1 0 0 0 1 0 1 1 0
360 0 0 0 0 1 1 0 0 0 1 1 1 1 1
790 1 1 0 1 1 0 1 1 0 0 0 1 0 0
2640 0 1 1 1 0 0 0 0 0 1 0 1 1 1
1239 1 1 0 1 0 0 1 0 1 0 1 0 0 1
2218 0 1 0 1 0 0 0 1 1 1 0 1 0 1
1426 0 1 1 1 0 0 0 1 1 0 1 1 0 0
1504 1 0 0 0 1 0 1 1 1 0 0 1 1 0
109 1 1 0 1 0 0 0 1 0 1 0 1 0 1
192 1 1 1 0 1 1 0 1 0 1 0 0 0 0
256 0 0 1 0 1 1 1 1 1 1 0 0 0 0
1965 1 0 1 1 1 0 1 1 0 0 0 0 0 1
266 1 0 1 0 1 1 0 1 1 0 0 1 0 0
446 0 0 0 1 1 1 0 1 1 0 1 0 0 1
2184 1 1 0 1 0 0 1 0 0 0 1 1 1 0
2233 1 1 0 0 1 0 1 0 1 1 1 0 0 0
1011 1 0 0 1 0 0 1 0 1 0 0 1 1 1
2217 1 1 0 0 1 0 1 0 1 0 1 1 0 0
2746 1 1 0 1 1 1 1 0 0 1 0 0 0 0
819 0 0 0 1 1 0 1 1 0 0 1 0 1 1
1034 1 0 0 1 0 0 1 0 0 1 1 0 1 1
1570 0 1 0 0 1 1 0 0 0 1 1 0 1 1
2534 1 1 0 1 1 1 0 0 0 0 0 0 1 1
3640 0 0 0 0 0 1 1 1 1 0 1 0 1 1
648 1 1 0 0 0 0 0 1 0 1 1 0 1 1
1439 1 1 1 0 1 0 0 1 0 0 1 1 0 0
610 1 1 1 0 1 0 1 0 1 0 0 0 0 1
1464 0 1 1 0 0 0 1 1 1 0 0 1 1 0
253 0 1 1 0 0 0 1 0 1 0 1 1 0 1
1065 1 0 0 0 1 0 1 0 1 1 0 1 0 1
1595 0 1 0 1 1 1 1 1 0 0 0 1 0 0
2094 1 0 0 1 1 0 1 1 0 1 0 0 1 0
3052 1 0 1 0 0 1 0 1 1 0 1 0 0 1
369 0 1 0 0 1 1 1 1 1 0 1 0 0 0
556 1 0 0 1 1 0 1 0 0 1 0 0 1 1
2280 0 1 1 0 1 1 0 0 0 1 1 0 0 1
1564 1 0 0 0 1 1 1 1 0 0 1 0 1 0
391 1 1 0 0 1 1 1 0 0 1 0 0 0 1
608 0 1 0 0 0 0 1 1 1 1 1 0 0 1
820 0 0 0 1 0 1 1 0 1 0 0 1 1 1
2700 0 1 0 0 0 1 0 1 0 1 1 1 1 0
978 1 0 0 0 0 0 1 1 0 1 1 1 1 0
1587 0 0 1 1 1 0 0 0 1 1 1 0 1 0
6046 0 1 0 1 1 1 0 0 0 1 1 0 0 1
60 1 0 1 0 1 1 0 0 0 0 1 0 1 1
2035 0 1 1 0 0 1 0 1 0 0 1 1 1 0
2741 0 0 1 1 1 0 1 0 0 0 1 1 0 1
569 1 1 0 1 0 0 1 1 0 1 0 0 0 1
1667 0 1 1 0 0 0 1 1 0 1 0 0 1 1
48 1 0 0 1 0 1 1 1 0 0 1 0 1 0
261 0 0 1 0 1 0 1 0 1 0 0 1 1 1
1130 0 1 1 0 1 0 0 1 1 0 1 0 1 0
1613 1 0 1 0 0 1 0 1 0 0 0 1 1 1
1473 1 0 0 0 0 1 1 1 0 1 0 1 1 0
1538 0 0 0 1 0 0 1 1 1 0 0 1 1 1
2808 1 1 0 0 1 0 0 1 1 0 0 1 1 0
1463 0 1 0 1 0 0 1 1 0 1 1 1 0 0
840 1 0 0 1 1 0 1 1 0 0 0 1 1 0
1281 0 0 0 0 1 1 1 0 1 1 0 0 1 1
1238 1 0 0 0 0 0 1 1 1 0 1 0 1 1
1832 0 1 1 1 0 0 1 0 1 1 1 0 0 0
1893 1 0 0 1 0 0 1 0 0 1 0 1 1 1
2955 1 1 0 0 0 1 0 0 1 1 0 1 1 0
706 0 1 0 0 0 0 1 1 0 1 1 1 1 0
1481 1 1 1 0 1 0 0 1 1 0 0 1 0 0
4693 1 1 1 0 1 0 0 0 1 1 0 1 0 0
137 1 1 0 1 1 0 1 0 1 0 0 0 0 1
1830 0 0 1 0 1 1 0 0 1 0 0 1 1 1
3633 0 0 1 0 0 1 0 1 1 1 0 0 1 1
1489 1 1 0 0 0 0 1 1 0 1 0 0 1 1
1032 1 0 0 1 0 0 1 0 1 1 1 0 1 0
1131 0 0 1 1 1 0 0 1 0 1 1 1 0 0
2902 0 1 0 1 1 1 0 0 0 1 0 0 1 1
54 1 0 0 1 1 0 0 1 0 1 1 0 1 0
351 0 1 0 1 1 0 0 0 0 1 1 1 0 1
854 1 0 0 0 0 1 0 1 1 0 1 1 0 1
2186 1 1 1 1 1 0 0 1 0 0 0 1 0 0
2623 1 1 0 1 0 1 0 1 0 0 1 1 0 0
115 1 0 1 0 0 1 1 0 1 0 0 0 1 1
770 1 0 1 0 1 1 0 1 0 0 1 0 1 0
2564 0 0 0 0 0 0 1 1 1 1 1 1 0 1
2565 1 1 1 1 1 0 0 0 0 0 0 0 1 1
2566 1 1 0 0 1 0 0 0 0 1 1 1 1 0
2995 0 0 1 0 0 1 1 1 1 0 1 0 0 1
2915 0 0 1 0 0 0 0 1 1 1 0 1 1 1
4587 0 1 0 1 0 1 0 1 0 1 0 1 0 1
647 0 1 0 1 1 1 0 0 1 0 0 1 1 0
1635 1 0 1 0 0 0 0 1 1 1 0 1 1 0
1562 0 0 0 1 1 0 1 1 0 0 1 1 1 0
276 1 1 0 0 0 1 0 1 1 0 0 1 1 0
2583 1 0 1 0 1 0 1 0 1 1 0 1 0 0
3164 1 0 1 0 1 1 1 0 1 0 0 0 0 1
3190 0 1 1 0 0 1 0 0 0 1 1 1 1 0
3826 0 1 0 0 1 1 1 1 1 1 0 0 0 0
4338 1 1 0 0 1 0 0 1 1 1 1 0 0 0
120 0 1 0 1 1 0 1 1 1 0 0 0 1 0
611 1 1 0 0 1 1 0 0 0 0 0 1 1 1
1843 0 1 0 0 0 0 1 1 1 0 0 1 1 1
1953 0 1 1 1 0 1 0 1 0 1 1 0 0 0
2212 0 0 0 1 0 1 1 1 0 0 0 1 1 1
2983 1 1 0 1 0 0 0 0 1 0 1 1 0 1
3470 0 0 1 1 1 1 0 0 1 1 0 0 1 0
3684 1 0 1 1 0 0 0 1 1 1 0 1 0 0
4055 1 1 1 1 0 0 0 0 0 1 0 1 0 1
21 1 1 0 0 1 0 1 1 0 0 0 0 1 1
993 1 1 0 0 0 1 1 1 1 0 0 1 0 0
1440 0 0 1 1 1 1 1 0 0 1 0 0 1 0
1472 0 1 0 0 1 0 0 1 0 1 1 0 1 1
2916 1 0 0 0 0 1 1 1 1 1 1 0 0 0
126 1 0 0 0 0 1 0 1 1 1 0 1 1 0
737 1 1 0 1 0 1 1 0 0 0 1 0 1 0
2616 0 0 0 1 1 0 0 0 1 1 1 1 0 1
2042 1 1 0 0 1 1 1 0 0 1 0 0 1 0
3468 0 0 0 0 1 1 1 0 1 1 1 1 0 0
433 1 0 0 0 0 0 0 1 1 1 1 1 0 1
1443 1 0 1 0 1 0 0 0 1 0 1 1 0 1
2232 1 0 1 0 1 1 0 0 1 0 0 1 0 1
2695 1 0 0 0 0 1 0 0 1 1 1 0 1 1
3611 1 0 0 1 0 0 0 1 0 1 1 0 1 1
212 1 0 1 0 1 0 0 0 1 1 1 1 0 0
1127 0 1 0 0 0 1 1 1 1 0 1 0 1 0
1416 0 0 1 1 0 1 1 0 0 1 0 1 0 1
1551 0 1 1 1 0 1 0 0 1 0 1 1 0 0
2036 0 0 1 0 1 0 0 1 0 1 1 1 0 1
2058 1 1 1 0 0 0 1 0 1 0 1 1 0 0
3131 1 1 1 1 1 0 0 0 0 1 0 0 1 0
6459 0 0 0 1 0 0 1 0 0 1 1 1 1 1
809 0 1 0 0 1 1 1 0 0 1 1 0 1 0
1119 0 1 0 0 0 1 1 0 1 1 1 0 1 0
1754 0 0 1 0 1 1 0 1 0 0 1 1 0 1
3245 0 0 1 1 1 0 1 1 0 1 1 0 0 0
4833 0 0 0 1 0 1 0 0 1 0 1 1 1 1
105 1 0 0 1 1 0 0 1 0 1 1 1 0 0
148 1 0 1 0 0 0 0 1 1 0 1 1 0 1
3139 1 1 1 1 1 1 0 0 0 1 0 0 0 0
4557 0 0 0 0 1 0 1 0 1 1 0 1 1 1
68 0 0 1 1 0 0 0 1 1 1 1 1 0 0
2692 1 0 1 1 0 0 0 0 0 1 1 1 0 1
2984 0 1 0 1 0 0 1 0 1 1 1 0 0 1
203 1 1 0 1 0 0 0 1 1 1 1 0 0 0
311 0 1 0 1 1 0 1 1 1 0 0 0 1 0
1203 0 1 1 0 1 0 1 0 1 1 0 0 1 0
1602 0 0 0 0 1 0 0 1 1 0 1 1 1 1
2609 1 1 0 0 1 0 1 0 0 1 1 1 0 0
3847 0 0 1 0 1 1 0 0 0 1 1 1 0 1
4946 0 1 0 1 0 0 0 0 1 1 1 0 1 1
298 0 0 1 0 1 1 1 1 1 1 0 0 0 0
1264 1 0 1 1 0 1 0 1 0 1 1 0 0 0
2399 0 1 1 1 1 1 0 0 1 1 0 0 0 0
4083 0 1 1 1 0 1 0 1 0 0 0 1 1 0
7550 0 1 0 1 1 0 0 0 0 1 1 1 1 0
9 1 0 0 0 1 1 1 1 1 0 1 0 0 0
49 1 0 1 1 0 0 1 1 0 0 1 0 0 1
127 0 1 1 1 1 0 0 0 0 0 1 0 1 1
1181 0 1 0 0 1 1 1 0 1 0 1 0 0 1
1732 0 1 1 0 1 1 1 0 0 1 1 0 0 0
1845 0 0 1 1 1 0 1 0 1 1 1 0 0 0
2555 1 0 0 1 1 1 0 1 1 0 1 0 0 0
927 0 1 1 1 0 0 0 0 0 1 0 1 1 1
1292 1 1 0 0 1 0 1 0 1 0 0 1 0 1
2003 0 0 0 0 0 0 1 1 0 1 1 1 1 1
2085 1 1 0 0 1 0 0 1 1 1 0 0 0 1
2315 1 0 1 0 1 1 1 0 0 0 1 1 0 0
2884 1 0 0 1 0 1 0 1 0 1 1 0 1 0
4764 1 1 0 1 0 0 1 0 0 1 0 0 1 1
5385 1 1 0 0 0 0 1 1 1 1 0 0 1 0
6456 0 1 1 1 0 1 1 0 1 0 0 1 0 0
143 1 0 0 1 0 0 1 0 0 1 1 1 1 0
416 1 0 0 1 0 1 0 0 1 1 1 1 0 0
1483 0 1 0 1 0 0 0 0 1 1 1 1 0 1
2592 1 1 1 1 0 1 1 0 0 1 0 0 0 0
2613 1 0 1 0 1 1 0 1 0 1 0 0 1 0
4763 1 0 0 0 1 1 1 1 1 0 0 1 0 0
6455 0 0 1 0 1 1 0 1 0 0 1 0 1 1
19 1 0 0 0 1 1 1 1 0 0 0 0 1 1
324 0 0 1 1 1 0 0 1 1 0 0 1 0 1
349 1 0 0 1 1 1 1 0 1 1 0 0 0 0
789 1 0 0 1 0 0 1 0 1 1 1 0 1 0
798 0 0 0 1 1 1 1 0 0 1 1 0 1 0
829 0 1 0 1 0 0 0 1 0 1 1 1 0 1
4184 1 1 1 1 0 0 1 0 1 0 1 0 0 0
31 0 1 1 0 1 0 0 0 1 0 1 1 0 1
37 0 1 1 0 0 0 1 0 1 0 1 1 1 0
1171 0 1 0 0 1 1 1 1 0 0 1 0 1 0
1179 0 1 1 1 0 1 0 0 0 0 1 1 1 0
3285 1 1 0 1 0 1 0 1 1 0 0 0 1 0
3555 0 1 1 1 0 1 1 1 1 0 0 0 0 0
4069 1 0 0 0 1 0 1 1 1 0 0 0 1 1
7294 1 0 1 1 0 1 0 0 1 0 0 1 1 0
76 1 0 1 1 0 0 0 1 0 1 1 1 0 0
299 1 1 0 0 1 1 0 0 1 1 0 1 0 0
791 1 0 0 0 1 0 0 1 0 1 0 1 1 1
1054 1 0 0 0 1 0 1 1 0 1 1 0 1 0
2006 1 0 1 1 1 0 0 0 1 1 1 0 0 0
2183 0 0 1 0 1 0 1 1 1 1 0 1 0 0
3704 1 0 0 0 1 1 0 1 0 1 0 1 0 1
4161 1 1 0 0 1 0 0 0 1 1 1 0 0 1
4475 1 1 1 0 1 1 1 0 0 0 0 0 1 0
5518 0 0 1 1 0 0 0 0 1 1 1 1 1 0
6288 0 1 1 0 1 1 0 1 0 0 1 0 0 1
15 1 0 0 1 1 0 1 0 1 0 0 1 0 1
36 1 0 0 1 0 1 1 1 0 0 1 0 1 0
735 0 0 1 1 1 1 0 0 0 0 1 0 1 1
1079 0 1 0 1 1 0 0 1 0 1 0 1 0 1
1082 0 0 1 0 0 1 0 1 1 1 0 0 1 1
1988 1 0 0 1 1 0 0 0 0 1 0 1 1 1
3417 0 0 0 1 0 0 1 1 1 1 0 1 0 1
4642 0 0 0 1 1 0 1 1 1 1 1 0 0 0
7770 0 1 0 0 0 0 0 1 1 1 1 1 1 0
330 1 0 0 1 1 0 1 1 1 1 0 0 0 0
704 1 0 0 0 0 1 0 1 0 1 1 1 1 0
793 1 0 0 0 0 1 0 1 1 1 1 0 1 0
980 0 1 1 1 0 0 1 1 0 0 1 1 0 0
1260 0 1 0 0 1 1 1 0 0 1 1 0 0 1
2428 0 1 1 0 0 1 1 0 1 0 0 0 1 1
2707 0 1 0 0 0 1 1 0 0 1 1 1 0 1
2864 1 0 0 1 0 0 1 0 1 1 0 1 0 1
4498 0 1 1 1 0 0 0 1 1 0 0 1 0 1
5175 1 1 1 0 0 1 0 0 0 0 0 1 1 1
5666 1 0 1 1 0 1 0 1 1 0 0 1 0 0
295 0 0 0 1 1 1 1 0 0 0 0 1 1 1
962 0 0 0 1 1 1 0 1 0 0 1 1 1 0
1298 0 1 0 0 0 0 0 1 1 1 1 0 1 1
1966 1 1 1 0 1 0 0 0 1 0 0 0 1 1
2743 1 1 0 1 0 0 1 0 0 1 0 1 0 1
3033 0 1 0 0 1 1 0 0 1 1 0 1 0 1
3503 0 1 0 1 0 1 0 0 0 1 1 1 1 0
3525 1 0 0 1 0 1 1 1 0 0 1 0 1 0
3954 1 1 1 0 1 1 0 0 1 0 1 0 0 0
4852 0 0 1 0 1 1 0 0 1 1 0 1 1 0
6606 0 0 1 0 1 1 0 0 0 1 1 1 0 1
78 1 1 0 1 1 1 0 0 1 0 1 0 0 0
114 1 0 0 0 1 0 1 1 1 0 1 0 0 1
323 0 0 0 1 0 1 1 1 1 0 1 0 0 1
532 0 1 1 1 0 0 1 0 1 0 1 1 0 0
1271 1 0 1 1 1 1 0 1 1 0 0 0 0 0
1421 0 0 0 1 1 1 1 0 1 1 1 0 0 0
1848 0 1 0 0 1 1 0 0 0 1 1 0 1 1
2158 1 0 1 0 1 1 1 0 0 1 0 0 1 0
4318 0 1 0 1 0 1 1 1 0 0 1 1 0 0
6255 0 0 1 1 0 0 0 1 0 1 1 1 1 0
547 0 1 0 0 1 1 0 0 1 1 1 1 0 0
561 0 1 1 0 0 0 0 1 0 1 1 1 0 1
760 1 1 1 1 1 0 0 1 0 0 0 0 0 1
1088 1 0 1 1 0 0 0 1 1 0 1 0 0 1
1419 0 0 0 1 0 1 0 1 1 0 1 1 1 0
2423 0 1 0 0 1 0 1 1 1 1 0 0 1 0
3532 0 1 1 0 1 0 1 1 1 0 1 0 0 0
5 1 1 1 1 0 0 0 1 0 1 1 0 0 0
167 1 0 0 0 1 1 1 0 0 0 1 1 1 0
750 0 1 0 0 1 1 0 0 0 0 1 1 1 1
909 1 0 0 1 0 0 1 0 0 1 1 1 1 0
3112 0 1 1 0 1 0 0 1 0 0 1 1 0 1
3637 0 1 1 1 0 0 0 1 0 1 0 1 0 1
3638 0 0 0 1 1 1 0 0 1 1 0 1 1 0
4047 1 1 0 0 0 1 1 1 1 1 0 0 0 0
4286 1 0 0 1 1 1 1 0 0 1 0 1 0 0
291 0 0 0 1 0 1 1 0 0 1 0 1 1 1
696 1 0 1 0 0 1 1 0 1 0 1 1 0 0
807 1 0 1 0 1 0 0 1 1 0 1 0 0 1
3650 0 0 1 1 1 0 0 0 1 0 1 1 1 0
3837 1 0 1 1 0 1 0 0 0 0 0 1 1 1
4139 1 0 0 1 0 1 0 1 0 0 1 1 1 0
223 0 1 1 1 0 1 0 1 0 0 1 0 0 1
410 1 0 0 1 0 0 0 1 1 1 0 1 0 1
459 0 1 1 0 0 1 0 1 0 1 0 0 1 1
1952 1 1 1 1 1 0 1 0 1 0 0 0 0 0
2173 0 0 0 0 1 1 0 0 1 1 1 1 0 1
2687 1 0 1 1 0 1 0 0 0 0 0 1 1 1
5075 0 0 1 0 0 0 0 1 0 1 1 1 1 1
20 0 1 0 0 1 1 0 1 0 0 0 1 1 1
147 1 0 0 1 1 0 0 1 1 1 1 0 0 0
683 0 1 0 0 0 1 0 1 1 1 1 0 0 1
699 0 1 0 1 1 1 0 0 0 1 0 1 1 0
1221 0 0 0 1 1 1 1 1 0 0 0 1 1 0
1303 1 1 0 1 0 1 1 0 0 0 0 1 1 0
1799 0 1 0 0 0 1 1 0 1 1 1 0 0 1
1975 1 0 0 0 0 1 1 1 1 1 0 1 0 0
2141 1 1 0 1 0 0 1 1 0 0 1 1 0 0
2151 0 1 0 0 1 1 0 1 0 0 1 1 1 0
2264 1 1 0 0 1 0 1 0 1 0 1 0 0 1
2382 1 1 1 0 0 0 1 1 0 1 1 0 0 0
3305 0 0 1 0 1 1 0 1 1 0 0 1 1 0
4660 1 0 1 0 1 0 0 0 1 1 0 1 1 0
6186 1 0 0 0 1 1 1 0 0 0 1 1 1 0
123 0 0 1 0 0 1 1 1 1 0 0 1 1 0
352 0 1 0 1 0 1 0 1 0 1 1 1 0 0
591 1 1 1 0 1 1 0 0 0 0 0 1 0 1
599 0 0 0 0 1 1 1 1 0 1 1 1 0 0
725 0 1 1 0 0 0 1 1 0 1 0 0 1 1
1160 1 1 0 1 0 0 1 1 1 0 1 0 0 0
3137 1 0 0 1 0 0 0 1 1 0 1 1 1 0
3152 0 1 1 0 1 0 1 0 0 1 0 0 1 1
3251 0 1 1 0 1 0 1 1 0 0 1 1 0 0
3448 0 1 1 1 1 0 1 1 0 0 0 0 1 0
3579 0 1 1 0 0 0 0 1 1 1 0 1 1 0
3639 1 1 1 0 1 0 1 0 1 0 0 1 0 0
4113 1 0 0 0 0 1 0 1 0 0 1 1 1 1
4183 1 1 0 0 1 1 0 1 1 0 1 0 0 0
138 0 0 1 0 0 0 0 1 0 1 1 1 1 1
1178 1 0 0 0 1 1 1 0 0 0 1 0 1 1
1503 1 0 0 0 0 1 0 1 1 1 0 1 1 0
1618 0 1 0 1 0 1 1 0 0 1 1 0 1 0
1906 1 1 1 0 1 0 1 1 0 0 0 0 1 0
2434 0 0 0 1 0 0 1 1 0 0 1 1 1 1
2520 0 0 1 1 1 0 1 1 0 0 1 0 1 0
3773 0 1 1 1 0 0 1 0 0 1 1 0 0 1
4171 0 0 0 1 1 0 0 1 0 1 1 1 0 1
7388 0 1 1 0 1 0 0 1 1 1 0 1 0 0
122 1 1 1 1 0 0 0 0 1 1 0 1 0 0
539 1 1 0 0 0 1 0 1 1 0 0 1 0 1
869 1 0 1 0 0 0 0 1 1 1 0 1 1 0
976 1 1 1 0 0 1 1 0 0 0 1 1 0 0
1195 1 0 1 0 0 0 1 1 0 1 1 1 0 0