2857 11 14 15 17 18 19 20 22 23 24 26 27 28 30 32 33 34 35 36 39 42 43 45 48 49 50 51 52 53 56 57 58 59 62 63
259 18 19 23 24 25 26 27 28 29 33 36 41 42 44 48 53 54 58 59 62 65 70 81 83 84 86 87 90 93 96 97 99 100 101 105
1195 17 18 19 22 23 25 26 28 29 33 34 35 36 40 41 42 44 48 49 53 57 58 62 65 66 69 73 75 81 83 84 87 93 95 96
1209 13 15 17 18 19 21 22 25 28 29 31 33 35 36 37 40 41 42 44 48 49 53 58 62 64 65 72 73 75 80 81 84 86 93 96
479 11 13 15 17 19 22 23 25 26 28 29 31 32 33 36 37 42 44 48 49 50 52 53 57 58 59 62 65 66 67 71 73 75 80 82
2027 13 15 17 18 19 20 24 25 30 32 36 48 49 52 53 56 58 59 62 64 65 66 69 72 73 80 81 84 85 87 88 89 90 92 93
588 19 20 22 23 26 29 30 32 33 36 42 44 48 49 52 53 55 58 73 80 82 87 92 93 95 96 101 103 105 113 117 118 123 126 127
2570 15 17 19 20 22 23 25 28 29 30 32 33 35 36 42 44 48 49 53 56 58 59 65 73 75 76 82 84 87 92 93 95 96 100 101
1269 24 25 26 31 33 34 36 42 44 45 48 53 58 62 65 68 73 79 82 83 92 96 102 108 109 117 118 121 123 127 131 133 136 147 148
592 15 17 19 23 24 26 28 30 32 33 36 42 44 47 48 52 53 55 56 58 62 69 72 74 76 80 82 92 95 96 97 98 100 107 108
1579 17 18 19 22 23 24 25 29 31 36 40 42 44 45 48 49 52 53 58 59 60 65 72 73 75 82 86 90 92 93 95 100 101 103 109
1197 15 18 19 22 24 25 26 27 28 29 33 35 36 40 42 44 48 57 58 62 64 65 71 73 81 84 87 88 92 93 99 100 101 107 109
607 23 24 28 30 32 33 35 36 47 48 53 56 58 59 62 65 72 74 76 80 82 88 90 95 96 100 107 110 120 123 127 129 131 136 137
2761 17 19 22 23 28 29 30 32 33 35 36 39 41 43 44 48 53 55 56 58 59 62 63 64 65 68 70 76 77 80 82 83 86 90 92
109 17 18 19 20 22 24 25 29 33 36 41 48 52 55 56 58 59 62 64 66 73 80 82 84 87 88 90 91 92 95 96 99 100 103 117
2395 17 22 23 24 28 33 34 35 37 38 39 43 44 45 48 51 53 56 58 59 60 63 68 70 72 76 78 83 86 91 92 95 96 99 102
1196 22 24 28 31 34 35 36 37 40 42 43 44 45 48 58 59 68 73 82 84 87 91 92 93 96 99 100 105 113 117 118 127 129 131 132
526 18 19 24 28 30 33 36 42 44 45 47 48 49 52 55 56 58 80 82 84 88 89 90 92 95 96 98 99 100 113 120 123 124 127 131
1616 23 27 28 30 32 36 39 48 51 53 56 58 59 60 62 71 74 76 79 81 82 90 96 97 107 110 111 112 123 127 129 130 131 133 136
1264 17 19 22 23 24 26 27 28 30 31 33 36 37 42 44 45 48 51 59 68 73 78 80 88 90 91 92 95 96 97 99 106 111 117 118
1096 22 23 26 27 28 30 33 34 36 42 44 48 53 58 59 62 65 75 83 92 93 99 102 109 114 116 117 118 119 121 123 127 131 133 136
2627 24 25 26 36 41 42 44 46 48 49 52 53 58 60 62 65 73 75 80 83 84 86 90 93 100 101 110 117 118 119 121 122 127 134 137
2996 23 27 28 30 33 39 42 43 45 53 56 58 59 63 68 70 71 72 73 77 78 86 88 90 91 92 95 96 97 99 102 104 111 114 131
317 17 19 22 24 26 27 28 29 30 33 34 35 39 42 44 47 48 51 53 55 56 58 59 62 67 76 82 88 90 92 95 96 97 98 99
857 29 33 36 42 44 47 48 49 53 58 62 74 88 90 97 100 104 105 107 116 120 122 123 126 127 129 130 131 136 138 140 146 148 149 151
355 26 31 34 36 37 38 40 42 43 48 53 55 58 60 65 66 69 72 73 74 78 80 82 84 90 92 95 96 110 111 117 118 121 123 127
2715 31 33 34 36 39 42 44 45 48 53 58 59 62 63 70 73 83 86 92 94 99 117 118 119 123 131 133 135 136 137 139 143 145 146 148
295 18 22 23 24 30 33 35 36 38 42 48 49 53 55 56 58 62 69 74 76 81 82 96 97 98 99 102 110 111 120 123 127 129 130 131
1239 23 26 28 29 33 36 42 44 48 53 58 62 73 84 87 92 93 101 102 117 118 122 123 125 127 129 130 131 147 148 149 151 157 163 165
0 21 23 26 28 34 36 38 44 45 48 49 51 56 60 65 68 73 75 76 78 80 90 92 96 99 109 112 114 117 118 119 121 123 131 132
1213 29 33 36 42 48 53 58 62 64 81 84 92 93 97 101 105 117 120 121 123 127 129 130 131 136 139 146 149 151 157 161 163 165 166 169
2915 18 22 23 26 29 32 33 36 42 44 48 49 52 53 58 62 73 82 90 93 95 101 103 111 117 118 121 123 125 127 129 130 134 137 139
456 20 22 23 29 32 36 42 48 49 52 53 55 56 58 62 73 82 84 87 90 93 95 96 99 103 105 117 118 120 122 123 124 125 127 130
3577 18 20 22 23 25 36 39 41 48 49 50 53 57 58 61 63 64 66 68 70 73 76 77 82 83 84 85 87 90 92 96 98 99 102 103
1199 29 33 36 42 48 49 53 58 73 84 92 93 100 101 105 117 118 122 123 127 129 130 131 139 146 148 149 151 157 161 165 166 169 170 173
540 48 53 58 59 62 63 88 100 107 112 117 118 121 129 136 139 146 148 149 151 157 161 165 169 170 173 175 177 179 181 183 190 195 199 208
2986 24 25 27 36 40 44 48 53 62 63 65 70 83 92 93 102 104 112 116 117 118 119 123 129 131 135 136 137 139 146 148 150 157 159 162
1258 22 24 26 31 33 34 36 48 53 58 62 65 66 82 88 96 99 117 118 123 129 131 132 136 139 146 148 149 150 151 152 157 161 166 169
49 23 24 28 29 30 32 33 48 53 55 56 62 65 74 76 82 90 97 99 110 111 120 123 127 129 131 133 137 138 142 146 148 149 151 163
33 34 36 38 42 44 45 47 48 51 53 54 56 58 65 73 74 75 78 90 92 99 114 117 119 124 132 137 139 146 148 149 150 151 157 161
2790 34 36 37 45 48 50 54 57 58 66 67 68 71 73 82 89 90 91 92 98 103 108 109 115 117 118 120 123 125 128 130 134 135 136 141
779 23 25 26 36 40 42 44 48 49 52 53 58 62 65 73 75 82 90 92 93 100 101 103 109 113 117 118 127 131 134 137 139 144 146 147
3174 24 25 36 39 42 44 45 48 53 58 60 63 65 70 72 73 75 78 83 86 90 92 95 102 104 109 117 118 119 121 123 127 132 134 135
1192 24 28 33 39 42 44 47 48 49 53 54 58 59 62 80 81 88 89 95 96 99 102 104 107 109 120 123 131 136 139 146 150 151 155 166
918 22 24 28 33 34 35 40 42 44 48 53 58 59 75 78 92 96 97 99 100 107 109 114 117 123 131 136 139 142 146 149 151 166 169 170
923 48 53 58 59 62 75 81 88 100 102 107 109 116 117 121 123 127 131 136 139 144 149 150 151 155 157 161 165 166 169 173 175 177 183 192
1126 29 33 36 39 40 42 44 48 53 58 70 83 92 93 102 105 117 118 121 123 125 129 135 137 145 148 149 151 154 157 162 163 166 169 174
2354 17 18 19 21 23 25 26 31 36 38 39 45 48 49 53 56 60 68 70 73 75 76 78 80 83 92 93 95 102 104 109 112 114 119 121
1386 29 33 34 36 42 48 53 58 65 87 92 93 97 100 105 117 122 123 125 127 129 130 139 148 149 150 160 161 163 165 166 169 170 175 186
1220 33 36 42 47 48 53 57 58 62 81 88 97 100 105 120 121 122 123 126 127 129 130 136 138 140 146 148 149 151 155 157 163 168 169 170
911 33 35 36 37 40 44 48 53 55 58 59 62 63 81 88 91 97 102 103 107 109 123 131 140 146 151 156 157 158 161 169 170 173 178 190
1035 42 48 49 53 58 65 73 87 93 96 101 116 117 118 120 123 125 126 129 130 133 139 147 148 149 150 162 163 166 169 170 173 174 181 190
1212 23 24 30 33 47 48 53 55 56 58 62 67 76 81 95 96 99 100 107 110 120 123 124 129 137 138 149 151 157 161 163 166 169 173 181
1609 23 25 29 33 36 42 48 52 53 58 65 73 82 87 93 95 96 103 117 123 125 130 131 133 137 139 143 147 148 149 151 157 169 173 174
376 22 23 26 29 33 36 37 38 42 45 48 49 53 58 59 62 65 73 82 87 90 92 93 95 101 102 106 111 117 118 122 123 127 130 134
1290 24 25 26 28 29 33 36 40 42 44 48 58 62 64 65 69 73 84 87 92 93 100 105 109 117 118 122 123 125 127 130 131 136 139 147
1999 33 34 36 42 53 58 62 65 73 87 93 101 117 118 123 125 129 130 132 133 138 139 148 149 150 151 157 162 163 169 174 175 176 181 182
1135 33 35 36 44 48 54 58 68 89 90 92 118 120 123 131 132 136 139 146 148 149 151 152 157 161 165 166 169 173 181 182 186 188 190 192
3113 26 36 39 42 43 45 48 49 51 53 54 55 56 58 63 65 70 75 78 80 83 90 92 96 99 112 117 118 119 134 135 139 143 147 148
1306 34 36 37 38 42 43 44 45 48 58 59 62 68 82 88 91 92 106 109 118 123 126 131 136 139 146 147 148 149 150 151 156 157 161 169
1703 24 25 26 28 34 35 38 48 53 55 56 62 67 69 72 76 82 88 89 90 92 107 117 123 131 137 147 148 149 151 155 157 161 163 167
1720 26 33 34 37 38 39 41 48 51 53 61 62 65 69 74 80 82 86 90 92 107 118 123 129 131 133 141 143 146 148 149 151 152 156 157
1967 28 34 36 42 45 48 53 58 62 68 73 79 82 88 92 99 106 117 118 123 128 131 132 133 137 139 140 145 146 151 152 165 166 173 175
647 19 20 22 23 24 26 28 31 36 37 38 42 44 48 49 50 52 53 57 60 65 71 73 79 82 85 86 90 92 93 95 98 100 101 103
2598 36 39 43 45 51 53 63 70 73 77 78 91 92 99 102 118 123 129 131 132 133 143 145 149 150 151 152 154 156 159 161 163 166 168 175
31 28 32 33 36 42 48 53 58 59 62 73 82 90 92 99 111 113 117 127 131 133 134 136 137 147 148 149 151 161 169 170 175 179 181 192
3792 25 28 29 36 39 42 43 44 48 49 50 51 53 57 61 63 64 70 73 76 79 82 85 87 92 93 99 101 102 105 110 113 115 116 117
2173 28 31 33 34 42 44 45 48 53 58 62 73 83 91 92 93 116 117 118 123 136 139 146 147 148 150 151 166 169 173 177 178 181 190 192
2796 28 33 36 42 44 48 53 62 68 83 92 93 99 117 118 123 131 132 136 146 147 148 149 150 151 161 166 169 175 176 178 181 191 192 195
2290 48 53 58 59 123 126 136 137 146 148 149 150 151 155 156 163 166 169 175 187 194 195 199 202 204 216 223 225 230 238 245 264 266 271 277
2917 28 31 33 34 36 44 45 48 58 68 73 91 92 118 123 131 133 135 136 139 146 147 149 151 157 161 165 166 169 175 176 181 190 192 194
589 17 18 24 33 40 44 48 53 59 60 62 69 73 80 82 96 111 118 123 127 129 136 137 147 148 150 157 169 173 175 177 181 187 192 195
2958 19 32 33 36 39 53 58 63 70 71 76 77 83 90 92 102 104 133 135 137 139 143 145 147 149 150 153 154 157 162 163 166 169 175 181
3470 33 42 44 48 53 58 59 62 67 92 97 114 117 121 123 127 136 139 146 149 150 151 155 157 161 166 169 170 177 192 195 198 199 202 204
1373 36 40 42 44 48 49 53 58 62 65 73 101 105 109 117 118 121 125 127 129 130 139 146 148 149 151 157 165 173 174 177 178 179 190 193
1393 33 42 44 54 57 58 73 81 84 88 91 96 117 118 120 123 139 146 149 150 151 161 165 168 169 173 175 176 181 192 193 198 204 205 208
2682 26 36 39 48 53 63 70 71 75 77 83 85 90 92 102 104 116 119 123 135 143 145 148 149 150 151 154 155 159 163 166 170 181 182 186
591 26 33 35 36 40 44 48 49 53 58 62 65 73 84 92 93 100 110 117 118 122 123 125 130 131 133 139 146 147 148 149 162 163 166 169
1783 24 26 30 32 33 34 45 48 53 55 62 65 69 72 73 78 82 90 92 95 96 111 118 123 131 132 134 136 142 143 148 151 155 157 161
1572 23 25 36 38 42 44 48 52 53 58 62 65 73 82 83 92 93 103 113 117 118 123 129 134 137 146 147 148 149 151 157 162 163 169 174
1303 45 48 54 58 59 62 68 72 74 81 100 105 109 117 118 120 123 125 127 139 148 149 150 151 157 161 169 170 173 174 178 187 202 204 205
3417 15 17 18 26 29 33 36 48 53 58 62 69 72 76 80 87 90 92 95 101 103 105 117 123 124 126 127 129 133 137 146 147 149 151 157
222 36 39 53 58 63 68 70 71 73 81 83 92 95 99 104 117 118 122 123 131 132 134 135 136 142 145 149 150 151 152 163 169 173 175 181
379 24 26 34 36 44 48 49 52 60 65 73 92 93 95 100 101 103 118 123 127 129 130 134 136 143 147 148 149 151 156 157 163 169 181 185
2705 52 53 56 58 63 68 70 73 77 85 92 104 116 118 123 132 135 143 145 149 150 151 153 159 162 163 166 169 170 173 181 182 186 189 190
1224 29 33 35 53 57 58 59 62 63 88 96 99 117 120 123 131 136 139 146 148 149 150 151 161 166 169 170 173 184 190 193 195 199 202 204
1583 26 33 36 42 44 48 49 53 58 69 73 76 82 90 99 111 117 121 127 131 134 136 137 139 146 147 148 151 157 163 166 169 173 175 177
1526 20 22 23 29 36 42 44 48 49 53 58 62 73 90 92 103 113 117 127 129 130 134 137 139 146 147 148 149 151 163 166 169 173 174 179
3480 113 115 118 125 127 130 131 132 134 138 139 140 146 149 150 151 156 161 163 165 167 169 173 175 180 187 192 193 195 196 197 199 201 202 205
1922 22 26 28 34 36 45 48 51 56 58 65 68 73 75 78 88 92 95 99 111 117 118 123 132 133 136 149 150 151 156 157 162 163 166 169
749 62 63 78 81 84 102 107 109 117 120 131 136 139 149 151 157 161 166 169 170 173 183 193 195 198 204 205 208 216 232 235 240 241 242 244
2698 44 48 52 53 63 65 73 83 85 92 93 95 101 102 103 113 116 117 119 123 136 145 157 162 163 166 170 179 181 186 188 195 198 199 200
38 35 38 45 48 51 56 58 72 73 78 92 118 119 131 136 149 151 161 162 163 166 169 182 187 192 193 194 201 202 204 216 224 225 235 239
20 49 52 53 58 60 62 82 87 91 93 100 101 103 111 118 123 129 130 132 134 147 149 151 155 156 157 162 163 169 174 181 187 190 192 193
1392 36 38 53 58 76 82 92 95 96 99 118 123 133 142 143 146 147 148 149 150 151 156 157 161 163 169 175 183 184 187 190 192 193 195 197
2803 48 57 58 68 92 96 117 118 120 123 132 133 136 139 147 148 151 152 161 166 169 173 175 179 190 192 193 195 198 216 223 224 235 236 237
587 26 36 38 45 48 51 53 56 65 75 78 92 93 99 112 114 117 119 131 132 134 136 139 144 146 156 157 162 168 169 175 178 183 184 192
2405 36 37 40 42 44 45 47 48 58 59 62 65 100 101 109 117 118 123 129 130 132 139 146 148 149 151 157 166 169 173 175 176 181 195 199
1219 44 48 58 59 62 65 105 117 118 122 126 129 130 132 146 148 149 151 168 169 174 176 181 198 202 204 208 212 216 226 231 242 245 251 260
732 29 33 36 40 42 44 48 49 52 62 65 73 82 87 89 92 93 95 103 118 122 123 127 129 134 137 143 147 148 149 151 157 163 166 169