2857 156 86 1257 159 2169 1993 165 180 170 3025 1818 2601 173 4224 166 160 154 177 169 2923
259 236 231 245 248 235 611 249 225 237 229 5481 240 5899 2502 242 3725 2243 5727 2081 230
1195 239 3890 14 1829 5007 703 222 240 237 223 5461 5932 234 235 5128 216 225 3801 226 238
1209 5498 242 4730 4518 4551 478 235 2391 231 3856 229 236 224 240 217 233 239 218 4435 5406
479 208 3307 4555 215 1445 206 204 2364 5393 1654 211 1463 5498 212 202 210 4293 193 217 5230
2027 2028 204 230 5057 224 229 86 5197 2410 212 3520 219 208 5138 241 1504 222 239 1500 225
588 273 4071 1716 787 2001 434 289 290 281 261 4809 292 272 263 3806 284 264 258 260 271
2570 257 242 231 2807 230 236 3517 256 241 255 2062 2780 248 78 5140 3595 252 258 235 249
1269 310 5386 314 4256 784 316 301 319 1147 2087 1536 3802 306 303 2331 1539 5547 331 4479 326
592 287 264 271 281 270 2839 277 2821 5295 275 4377 941 1594 265 268 274 1154 683 694 3384
1579 3453 5234 257 260 252 245 242 255 654 249 2667 258 2915 272 3106 3417 271 222 2152 267
1197 245 2513 61 271 634 1918 2958 1553 272 255 248 258 270 2560 256 263 4953 264 2076 203
607 5006 301 308 1616 915 295 5414 299 286 274 281 4288 297 300 303 289 302 307 6013 3181
2761 5960 4874 272 270 1744 5904 4880 4272 3731 293 287 273 277 295 269 281 285 289 299 3950
109 3335 3576 273 267 283 284 4645 3078 4375 1092 2193 4325 264 261 5468 3790 271 4525 6040 279
2395 287 263 271 5771 64 265 4307 267 4120 291 273 272 5976 3620 2210 1740 264 294 1759 293
1196 4813 1524 273 1273 297 572 300 270 3524 277 284 302 1400 275 1394 268 4724 2622 4880 295
526 21 295 310 5724 307 297 309 301 314 308 4701 293 291 319 1637 311 5707 3170 2450 4922
1616 324 532 423 295 3194 301 309 297 300 2127 3928 5380 4200 308 153 796 314 321 323 704
1264 890 259 263 819 284 249 939 4926 529 2075 420 271 4638 609 268 4098 255 215 264 261
1096 286 2045 302 3099 3917 4998 1354 301 275 290 857 784 293 4522 299 2420 274 4936 2741 314
2627 2864 324 1363 3188 321 335 306 323 338 628 329 337 1437 5538 5962 2412 1313 5178 331 308
2996 1267 1705 5486 370 1939 2409 329 2823 5352 1521 1562 351 331 302 55 352 4266 323 309 308
317 274 267 3559 427 263 271 261 287 1518 2094 301 295 2346 2110 300 2732 5162 284 2920 2971
857 358 3743 2384 346 2939 3990 2316 355 2224 371 2543 1045 366 5893 391 310 370 3859 332 352
355 310 4137 2952 306 293 319 4522 4485 284 286 2968 1519 3226 322 1573 283 3055 308 279 290
2715 1330 322 4128 1287 346 4420 441 1910 331 351 344 212 333 5961 2676 5509 340 329 5986 326
295 297 667 286 3437 3807 306 383 299 303 308 287 5035 836 5860 5338 301 2262 309 311 319
1239 4973 16 372 326 4597 323 1225 3655 338 355 3304 331 5644 2164 3027 343 336 321 351 342
0 5988 310 301 3923 321 326 1441 2227 3022 329 5391 3069 306 358 3627 307 337 302 314 4911
1213 2528 349 5249 391 373 1459 385 390 341 381 207 587 239 1256 581 2506 397 366 1029 352
2915 3294 2668 349 329 3804 3440 336 3633 337 2879 752 319 340 335 342 321 3421 343 338 2115
456 350 5341 3278 1963 50 3904 4854 311 337 314 2737 326 349 309 5467 324 2527 328 3131 329
3577 235 814 5232 2033 227 4542 60 222 224 3846 5548 244 931 3909 225 5116 599 230 237 220
1199 5115 2444 260 414 406 469 424 397 386 375 2130 412 614 1026 4289 409 422 2078 398 252
540 4717 498 472 461 477 3260 2412 203 456 5648 476 496 5542 5979 464 503 1636 462 475 5183
2986 797 377 372 962 393 376 3486 3727 2082 1948 392 360 354 2609 358 4912 5968 355 1461 370
1258 409 2443 400 408 398 2426 292 386 406 860 385 402 3860 2673 388 411 3985 396 3739 2858
49 398 4827 5849 2090 349 342 4495 400 3486 4963 386 371 378 385 523 377 353 2350 3144 231
33 408 441 375 1989 3910 3972 380 438 2426 411 412 420 3346 415 615 398 939 386 413 5467
2790 340 2885 313 307 5476 1926 326 301 2721 331 917 5989 5540 333 3125 308 296 329 811 297
779 930 412 342 372 631 352 355 1289 366 2685 398 348 349 280 5311 383 2647 3016 1921 4660
3174 426 4149 396 3294 2840 864 3070 416 415 423 4776 406 425 411 431 2130 435 4415 424 386
1192 349 4252 3637 1699 353 2016 2229 361 335 393 1821 5625 357 366 390 4723 962 1417 3890 383
918 392 360 377 888 2738 403 406 436 2758 434 3666 366 373 2582 3122 5117 4563 3333 4532 4642
923 429 1444 480 462 619 1250 471 476 3498 5201 5180 441 469 5447 442 5704 472 2173 4139 5407
1126 419 2229 392 422 402 424 415 426 398 401 4454 1395 409 1192 385 1565 1588 1327 5822 5195
2354 344 369 5162 385 2286 4802 5752 355 5601 1583 370 378 343 380 2808 376 4461 500 2327 5495
1386 364 431 481 4200 428 1438 1208 449 477 438 505 509 457 1085 1455 5050 520 1046 442 5986
1220 5800 3983 478 457 466 953 474 2227 498 477 443 3510 445 4690 4810 435 429 461 1950 471
911 3772 442 4464 503 1864 443 419 894 5615 5720 423 466 5721 444 1209 453 415 1758 456 435
1035 394 398 4542 392 3794 397 5571 5357 3931 400 388 3127 377 4214 403 2644 409 1189 4587 3123
1212 560 2975 857 4002 461 2671 439 456 5472 431 454 2137 864 5604 426 451 424 4969 443 3726
1609 503 2213 438 426 406 409 5528 412 403 435 425 4461 2720 384 4942 3428 1185 1097 374 5578
376 328 329 3670 324 5119 4895 5652 4805 1239 368 5027 362 2390 337 2998 349 342 355 352 1987
1290 372 2385 3804 408 3485 1286 2508 4164 956 279 5820 1710 895 351 1878 360 400 421 355 377
1999 415 481 4730 461 2958 401 479 634 426 7 454 5711 5785 475 1081 1045 3234 477 476 4656
1135 5208 4128 419 3775 430 402 3384 5291 412 3998 3277 5072 438 411 78 750 405 3276 410 415
3113 3503 1486 378 403 419 1454 399 4894 385 4913 380 368 397 1008 417 413 386 406 1098 4504
1306 386 409 3078 887 400 4511 402 3372 3126 411 132 392 127 5116 405 406 410 2622 404 21
1703 386 389 411 412 5608 372 5595 382 400 2655 2703 404 1175 385 1801 397 403 392 2432 829
1720 833 336 3693 631 5765 544 3026 333 2639 415 2545 3459 338 352 382 344 894 355 349 368
1967 4324 438 416 386 424 402 1080 392 415 93 4801 4276 406 397 4174 980 5540 409 442 1123
647 805 283 978 4416 275 242 264 469 263 4382 5647 1881 244 260 5175 267 3417 270 250 4500
2598 1205 3401 411 454 423 2060 453 410 429 467 3104 957 4775 5446 3244 457 4580 4159 390 1656
31 989 438 475 958 5666 1216 3546 1114 453 2523 472 471 4792 431 508 445 457 429 1093 424
3792 2093 321 330 295 297 298 4423 293 306 2056 329 296 5694 323 4705 3796 3363 2086 308 319
2173 1355 449 442 438 436 424 409 2788 454 5379 127 431 402 4927 3968 1934 64 575 565 429
2796 1220 3622 497 476 5391 508 4567 4518 463 451 3635 2575 470 4208 454 2748 479 5585 498 2276
2290 401 534 5743 4240 549 583 5746 558 585 577 541 5639 4457 3028 3134 543 4339 559 547 5125
2917 412 457 3745 2912 411 2382 417 436 4228 461 438 5994 3255 1703 3870 5724 451 415 80 439
589 479 1000 442 478 3983 1567 424 5619 4002 437 3575 475 2674 474 457 2140 452 1851 5073 453
2958 5363 483 5348 5479 486 3463 3476 5146 467 5980 426 4360 429 4293 457 438 453 474 454 5772
3470 557 510 5064 558 594 3875 514 522 549 2188 5697 1370 547 563 1472 757 4395 550 530 4413
1373 530 532 1256 1410 429 3156 5145 538 535 1134 523 539 5209 544 387 550 516 4530 543 529
1393 505 515 482 3601 531 523 520 2600 1409 2603 0 463 5936 524 5381 481 245 4614 475 1280
2682 2602 1464 496 5805 459 5241 487 1770 4465 495 476 2675 506 122 457 454 484 2141 494 103
591 990 1687 467 479 4965 509 475 461 1069 3753 4262 1289 448 513 520 524 508 476 5204 4642
1783 2465 403 392 386 409 402 2503 2980 398 375 3255 2660 228 410 372 4841 4915 534 3984 395
1572 547 543 530 226 539 2809 68 509 1936 4184 2616 475 4860 531 294 452 5331 2368 457 3165
1303 482 4646 520 518 515 456 1267 453 451 3259 1471 481 2418 5067 505 455 516 476 4270 3451
3417 4767 482 4293 479 4490 5403 4336 481 477 2237 539 5311 1820 526 531 464 4114 541 528 3307
222 4356 5253 4614 509 1654 531 5289 524 2689 498 533 506 3774 4222 5889 1766 520 527 528 496
379 1321 3105 2644 402 457 2642 1849 5259 424 453 438 426 461 415 452 3728 462 439 403 756
2705 1561 513 2886 3948 454 442 5381 2178 4264 524 496 445 459 5928 4254 158 482 4066 1302 457
1224 4708 517 5929 477 4708 1827 499 464 5525 3798 3821 3021 513 5110 462 469 4722 451 498 453
1583 472 5060 1357 480 4694 524 705 301 499 516 456 2574 1370 3929 482 1796 528 490 462 531
1526 482 509 505 494 3114 4010 5789 5442 452 5405 474 475 471 496 476 4348 530 454 5907 508
3480 426 424 1797 453 411 438 429 5981 2407 454 412 5017 2812 4602 409 1490 448 1868 5650 425
1922 1652 4108 454 3982 2989 1208 1278 411 482 597 2825 5016 453 5311 1156 466 476 438 428 3616
749 832 534 558 1195 5103 557 556 3409 580 3459 5336 2538 566 3610 564 537 5866 551 505 4371
2698 1054 566 2926 5420 602 624 2048 439 621 543 585 571 5887 3604 1107 546 4166 4809 5432 4753
38 917 550 531 3313 2711 1627 520 549 1198 1696 566 541 553 558 556 2533 547 509 241 3584
20 463 3006 515 496 1173 528 904 474 1003 481 482 41 1455 497 5013 4511 1876 2911 2928 531
1392 451 468 461 1036 3646 5820 499 467 528 3823 482 439 2716 1514 5887 4503 442 1730 126 457
2803 5923 517 482 5459 499 451 475 3663 565 513 489 466 453 520 510 5582 2815 454 5984 5290
587 57 531 741 500 510 918 141 509 520 539 516 541 684 2553 3316 2019 524 536 2570 528
2405 3486 323 4907 3218 524 516 4057 287 543 1210 499 965 810 509 505 520 536 1437 3795 838
1219 588 556 120 4684 587 4831 2079 3972 536 550 3166 558 1091 3464 4439 560 549 457 566 533
732 4588 2297 5656 496 461 435 482 509 4419 456 3090 453 4666 700 477 5990 1651 4871 5941 480