2857 1 0 1 0 1 0 1 0 1 0 0 0 1 1 0 1 1 0 1 1 1 1 1 1 0 1 0 1 0 0 1 0 0 1 0 1 1 0 0 1 0 0 0 0 1 1 1 0 0 1 1 1 0 1 0 0 1 0 0 1 1 0 0 1 0 1 0 0 0 1
259 0 0 0 0 1 1 1 0 0 0 0 0 0 1 1 1 0 1 1 0 1 1 1 0 1 1 1 0 1 1 0 0 0 1 0 0 0 0 1 1 1 1 1 1 1 0 1 0 1 0 1 1 0 1 1 0 0 1 1 0 0 0 0 0 1 0 0 1 0 1
1195 1 1 0 1 0 1 1 0 1 1 0 1 1 1 0 0 1 0 1 0 1 0 1 0 1 1 1 0 0 1 0 0 1 0 0 0 0 1 1 0 0 0 0 0 1 0 1 1 0 0 0 0 1 1 1 0 1 1 0 1 1 1 1 0 0 1 1 0 0 0
1209 1 1 1 0 0 1 0 1 1 0 1 0 0 1 0 1 0 1 0 0 1 0 1 1 1 1 0 0 0 0 0 1 0 1 0 0 1 1 1 0 1 0 1 1 1 0 0 1 1 1 0 0 0 1 1 0 0 0 1 0 1 0 1 0 1 1 1 0 0 0
479 1 1 1 0 1 1 0 0 0 0 1 0 0 1 1 1 0 0 1 0 1 0 1 1 1 0 0 0 1 1 1 0 0 1 1 1 0 1 0 0 1 0 0 0 0 0 1 1 0 0 1 1 1 0 0 0 0 1 0 1 1 0 1 1 0 0 0 1 1 1
2027 1 0 1 0 0 0 1 1 0 1 0 1 1 0 1 1 1 0 1 0 1 1 1 1 1 0 0 1 1 0 0 0 0 0 0 0 0 1 1 0 1 1 1 0 1 0 1 1 0 1 0 1 1 0 1 1 0 0 0 0 0 0 1 0 1 1 0 1 0 0
588 0 1 0 0 0 0 1 1 0 1 1 0 1 0 1 1 0 1 1 0 0 0 1 0 0 1 0 1 1 1 0 0 0 1 0 0 0 1 1 1 1 1 1 1 1 0 1 0 1 0 0 0 1 0 1 1 0 0 1 0 1 0 0 1 1 1 0 1 0 0
2570 0 0 0 1 1 1 1 1 1 1 0 0 1 1 0 0 0 0 0 1 0 0 1 0 1 0 1 1 0 0 1 0 1 1 1 1 1 0 1 1 0 1 1 0 1 0 0 0 0 0 1 0 1 1 0 1 0 1 0 1 1 0 0 0 1 1 0 0 1 0
1269 1 0 0 1 0 0 1 0 1 0 1 1 0 0 0 1 1 0 1 0 0 1 0 0 0 0 1 1 0 1 1 1 0 0 0 1 1 0 1 1 0 1 1 0 0 1 0 0 1 1 1 0 1 1 0 0 1 0 0 0 1 1 0 0 1 1 1 1 1 0
592 1 1 0 0 0 0 1 1 0 0 1 1 1 1 1 0 0 1 1 1 0 0 1 1 1 0 1 1 1 1 1 1 1 0 0 1 1 0 0 0 0 0 1 0 0 1 1 0 1 1 0 1 0 0 0 1 1 0 1 0 0 0 1 0 1 0 0 0 0 0
1579 0 1 1 1 1 1 1 0 1 0 1 0 0 1 0 1 1 1 1 1 0 0 1 0 1 0 1 1 0 1 0 0 0 0 0 0 0 1 0 0 1 1 0 1 1 0 1 1 0 0 0 0 1 0 0 0 1 0 0 1 1 0 1 0 1 1 0 1 0 1
1197 0 0 1 0 0 1 1 0 1 1 1 1 0 1 0 0 1 1 1 0 1 1 0 1 1 0 0 1 0 1 1 1 0 1 0 1 1 1 0 1 0 0 1 0 1 1 0 0 0 0 1 1 1 0 0 0 1 0 1 1 0 0 0 0 1 0 0 0 1 0
607 0 1 0 1 1 0 0 1 0 0 0 1 1 1 0 0 0 1 1 0 0 1 1 0 1 1 1 0 0 1 0 1 1 0 0 0 0 0 0 1 0 0 1 1 0 1 1 0 0 0 1 0 0 0 1 1 1 1 1 0 1 1 1 0 1 1 1 1 0 0
2761 1 0 0 1 1 1 1 0 0 1 0 1 0 1 0 1 0 0 1 1 0 1 0 1 1 0 1 1 0 0 0 0 1 0 1 0 1 1 1 1 0 0 1 0 0 1 1 1 1 0 0 0 0 1 0 0 0 1 1 0 0 1 0 0 0 1 1 1 0 1
109 0 0 0 0 0 1 0 0 1 1 1 0 1 0 1 1 1 1 0 1 0 0 1 1 0 0 1 0 1 1 1 1 0 1 1 1 1 0 0 0 0 0 1 1 1 0 0 1 0 1 0 0 0 1 0 0 0 1 1 0 1 1 1 0 0 1 0 1 1 0
2395 1 0 0 1 0 0 0 1 1 1 0 1 0 1 1 0 0 1 1 1 0 1 1 0 0 0 0 0 0 1 1 0 0 0 0 1 0 0 1 1 0 1 0 1 1 0 1 1 1 0 1 1 1 1 1 0 1 0 1 0 0 0 1 1 0 0 0 1 0 1
1196 1 1 0 1 1 1 1 0 1 1 0 0 0 0 0 1 0 0 1 0 1 0 0 1 1 1 1 0 0 1 1 0 1 0 0 1 0 0 1 0 1 0 0 0 1 0 1 1 1 0 0 1 1 1 0 1 0 0 0 0 1 0 1 0 0 0 1 1 1 1
526 1 0 1 0 0 0 0 1 1 1 1 0 1 1 0 0 0 1 1 1 1 1 0 1 0 0 1 1 0 0 0 0 1 1 1 1 1 1 0 1 1 1 0 1 0 1 0 1 0 0 1 0 0 1 1 1 0 1 1 0 0 0 1 0 0 0 0 0 0 0
1616 1 0 0 1 1 0 0 0 0 1 0 0 1 1 1 0 1 1 0 0 0 1 0 0 1 1 0 1 0 1 1 1 1 1 0 1 1 1 0 1 1 0 1 1 1 0 0 0 1 1 1 0 1 1 0 0 1 0 0 0 0 0 1 0 0 0 0 0 1 1
1264 0 1 1 1 0 0 0 0 0 0 1 1 0 1 0 1 1 0 1 1 1 0 1 1 0 1 0 0 0 0 1 0 1 1 1 1 0 0 1 0 0 1 0 1 0 0 0 0 1 0 0 1 0 1 0 0 1 1 1 1 0 1 1 1 1 1 0 0 0 1
1096 0 0 0 1 0 1 1 1 1 1 0 1 1 1 1 0 0 0 0 0 0 1 0 1 0 0 0 0 0 1 0 1 1 0 1 1 1 1 0 1 0 0 1 1 0 0 0 1 0 0 0 0 1 1 1 1 0 1 1 0 1 0 1 0 0 1 1 1 0 1
2627 0 1 1 1 0 0 1 1 1 0 0 0 1 0 0 0 0 1 0 0 0 0 1 1 1 0 0 1 1 1 1 1 1 0 1 1 0 1 1 1 0 0 0 0 0 0 0 1 1 1 0 0 0 1 1 1 0 0 0 0 1 0 1 1 1 0 1 1 0 1
2996 1 0 0 1 1 0 1 0 0 1 0 1 1 1 1 0 1 1 0 1 0 0 1 0 1 0 0 1 0 0 1 0 1 0 0 1 0 0 0 1 0 1 0 1 0 0 0 0 1 1 0 0 0 1 0 1 1 1 1 0 0 0 1 1 1 1 0 1 1 1
317 0 0 1 1 1 0 1 1 0 0 0 0 0 0 1 1 0 1 1 1 1 0 1 1 1 1 1 0 1 0 0 1 1 0 1 0 0 1 1 0 1 1 0 0 0 0 0 0 1 1 0 0 1 1 1 0 0 1 1 0 0 0 0 0 0 1 1 1 1 0
857 0 1 1 1 0 1 1 0 0 1 1 0 0 1 0 1 1 1 1 1 0 1 0 1 1 1 0 1 0 0 0 0 1 1 1 1 1 0 0 1 0 0 1 0 0 0 1 1 0 0 1 0 1 1 1 0 1 0 0 0 0 1 0 1 0 0 1 0 0 0
355 1 0 1 1 0 0 0 1 0 0 0 0 1 1 1 1 1 0 0 0 0 0 0 0 0 0 0 1 1 1 1 1 0 0 1 0 1 0 1 1 0 0 0 1 0 0 1 1 1 0 0 0 1 1 0 1 1 0 0 1 1 1 1 1 1 0 0 1 1 1
2715 1 1 0 0 1 0 1 1 0 1 1 0 1 0 0 0 0 0 1 1 1 0 0 1 1 0 0 0 1 0 0 1 1 1 1 1 1 0 1 0 1 0 1 0 1 1 0 1 1 0 0 1 0 1 0 0 0 1 0 0 0 1 0 1 0 0 1 1 1 0
295 1 1 0 0 1 1 0 0 0 0 1 1 0 0 1 0 0 0 0 1 0 1 1 0 1 0 0 1 1 1 1 1 0 0 1 0 1 1 1 1 1 1 0 0 1 0 1 1 0 1 0 1 1 1 0 0 1 1 1 0 0 0 0 0 0 1 0 0 1 0
1239 0 1 1 0 0 0 0 0 1 0 1 1 0 1 1 0 0 0 1 0 0 1 0 0 1 0 0 1 1 0 1 1 0 1 1 0 1 1 0 0 1 1 1 0 1 1 1 0 0 0 0 0 1 1 0 1 1 0 1 0 0 1 0 1 0 1 0 1 1 1
0 1 1 1 1 1 1 1 0 0 1 1 1 1 0 1 1 1 1 0 0 0 0 1 1 0 0 1 0 0 0 1 0 1 0 0 0 0 0 0 1 0 1 1 1 0 1 1 0 0 1 1 1 0 1 0 1 0 0 0 0 0 1 1 0 1 0 0 1 0 0
1213 1 1 1 1 0 0 1 0 1 0 0 0 1 1 1 1 0 0 0 1 1 0 0 0 0 0 1 1 1 1 0 1 1 0 0 1 0 1 0 0 0 1 0 0 0 0 1 0 0 1 1 1 1 1 1 1 1 1 0 0 0 1 0 0 1 0 1 0 0 1
2915 1 1 0 1 0 1 0 0 0 0 0 0 0 0 1 0 1 1 1 0 1 0 0 1 1 1 1 0 0 0 0 1 0 0 0 0 0 0 1 0 1 1 0 1 0 0 1 1 1 0 1 1 0 0 1 1 1 1 1 1 1 1 0 0 0 0 1 1 1 1
456 0 0 1 0 1 1 0 1 1 1 1 0 1 1 0 1 0 0 0 0 0 1 1 1 1 1 0 0 1 0 1 0 0 1 0 1 0 1 1 1 1 0 0 0 0 0 1 1 0 1 0 0 1 0 1 0 0 0 1 1 1 1 1 0 1 1 0 0 0 0
3577 0 0 0 0 1 0 1 0 0 1 0 1 0 1 0 0 1 1 1 1 0 1 1 0 0 1 1 0 1 1 0 1 0 0 1 0 0 0 0 1 1 1 1 0 0 1 0 1 1 1 0 1 0 0 1 0 1 1 1 1 0 0 0 0 1 1 1 1 0 0
1199 1 0 0 1 0 1 0 1 0 1 0 0 0 0 0 1 0 0 1 1 0 0 0 0 0 0 0 1 0 0 1 0 1 1 0 1 1 0 1 1 0 1 1 0 1 1 1 1 1 1 0 0 1 0 0 1 1 0 0 0 1 1 1 0 0 1 1 1 1 1
540 0 0 0 0 0 0 1 0 0 1 1 1 0 1 0 1 0 0 1 0 0 1 0 0 0 0 1 0 0 1 1 0 1 1 1 1 1 0 1 1 1 1 1 0 0 0 0 1 0 1 0 0 0 0 1 1 1 1 1 1 1 1 1 1 1 0 0 1 0 0
2986 1 0 1 0 1 0 1 0 1 1 0 1 1 0 1 0 0 1 1 1 0 0 1 1 0 1 0 0 0 1 1 1 0 0 0 0 1 0 1 1 0 1 1 0 0 1 1 0 1 0 0 1 0 0 0 0 1 0 1 1 1 0 0 0 1 0 1 1 0 1
1258 1 1 0 0 1 0 1 1 0 0 1 0 1 1 1 0 0 0 1 0 1 0 0 1 0 1 0 0 0 1 0 0 1 1 0 0 1 0 0 1 0 1 0 0 1 1 0 0 0 1 1 1 1 1 1 0 1 0 1 0 1 0 0 1 0 1 0 1 1 1
49 0 0 1 0 0 1 1 1 1 0 0 0 0 1 1 1 0 1 0 1 0 0 0 0 0 1 1 1 1 1 1 1 0 0 1 1 0 0 0 1 1 1 0 0 0 1 1 1 1 0 1 1 0 1 0 1 0 0 1 1 0 0 0 1 0 1 0 0 1 0
33 1 0 0 1 1 0 1 0 1 1 1 0 0 1 1 0 0 1 1 0 0 1 1 0 0 0 0 1 0 1 1 1 0 0 0 1 0 1 1 1 0 0 0 1 0 0 0 0 1 0 1 0 1 1 1 0 1 1 0 1 1 1 1 0 1 1 0 0 0 0
2790 0 1 0 1 0 0 0 1 0 1 1 0 0 0 1 0 0 0 1 0 0 0 1 0 1 0 0 0 0 1 0 1 1 1 1 1 1 0 0 1 0 1 0 0 0 1 1 1 0 1 1 1 1 0 1 0 1 1 1 0 1 1 0 1 0 1 0 0 1 1
779 1 0 1 1 0 1 0 1 1 0 0 0 1 0 1 1 0 0 0 0 0 1 0 0 0 1 1 0 1 0 0 0 0 1 1 0 0 1 1 0 1 0 0 0 1 1 1 1 1 1 0 1 0 1 0 0 1 0 1 1 0 1 1 1 0 1 1 0 0 1
3174 1 1 0 0 1 1 0 0 1 1 0 0 1 0 1 0 1 1 1 1 1 0 0 1 1 1 0 1 1 0 0 1 0 0 1 1 1 0 0 1 0 1 1 0 0 0 0 1 0 0 0 0 1 1 0 1 1 1 0 0 1 1 0 0 1 0 0 0 1 0
1192 1 0 0 1 1 0 1 0 1 1 0 0 1 1 1 1 0 1 1 0 0 1 0 1 1 1 0 0 0 1 1 1 1 0 1 0 0 0 1 0 0 1 1 0 0 0 0 1 0 1 1 1 0 1 0 0 0 1 1 1 0 0 0 1 0 0 1 1 0 0
918 1 1 0 0 0 1 1 1 1 1 1 0 1 1 1 0 1 1 0 0 0 1 0 0 0 1 0 0 0 0 1 0 0 1 1 1 1 1 0 1 0 1 1 1 0 1 0 1 0 1 0 0 0 1 0 0 0 1 1 0 0 0 0 0 1 0 1 1 0 1
923 0 0 0 0 1 0 1 0 1 1 1 1 1 0 1 1 0 0 1 1 0 1 1 0 1 0 1 0 1 0 1 0 0 1 1 1 0 1 1 1 1 0 0 0 0 0 1 0 0 1 1 0 0 0 1 0 1 1 0 0 1 0 0 1 1 1 0 1 0 0
1126 0 1 1 1 1 1 0 1 0 0 0 1 0 0 0 1 1 0 0 0 0 1 0 1 0 1 1 0 1 1 1 1 1 0 1 0 0 0 1 0 1 1 0 1 0 0 0 0 0 1 0 1 0 1 1 0 0 1 0 0 1 1 1 0 0 1 1 0 1 1
2354 0 1 0 0 1 1 0 0 0 1 1 1 1 1 0 0 1 1 0 0 0 0 1 0 0 0 1 1 1 0 0 1 0 1 0 0 1 1 1 1 1 1 1 0 0 0 1 1 1 0 0 1 0 0 1 0 1 1 0 1 0 1 0 0 1 1 1 0 0 0
1386 0 1 0 1 1 0 0 1 0 0 1 1 0 0 0 0 1 1 1 0 0 1 0 1 0 1 0 1 1 0 0 0 0 1 0 0 1 1 0 0 0 1 0 0 0 1 1 1 1 1 1 0 1 1 0 1 1 1 0 1 0 1 0 1 0 0 1 1 0 1
1220 1 1 0 0 0 0 1 1 0 0 0 1 1 1 0 1 1 0 0 1 1 1 1 0 1 0 0 1 1 1 1 0 0 1 1 0 0 1 0 0 1 1 0 0 1 1 1 0 1 1 1 0 0 0 0 0 1 0 1 0 1 1 0 1 1 0 0 0 0 0
911 0 0 1 1 1 1 0 0 0 1 1 1 0 0 0 1 1 1 0 0 0 1 1 1 1 1 0 1 1 0 1 1 1 1 0 0 1 0 0 1 0 0 0 0 1 0 1 0 1 0 0 1 1 1 1 0 0 0 1 1 0 1 0 0 0 0 1 1 0 0
1035 0 1 0 0 0 0 1 0 1 1 0 0 0 0 0 1 1 1 1 0 1 0 0 0 0 1 1 1 0 0 1 1 1 1 1 0 0 0 0 0 0 1 1 1 0 1 0 1 0 1 0 1 1 1 1 0 1 0 1 0 0 1 1 0 1 0 1 1 1 0
1212 0 1 1 1 0 0 0 0 1 0 0 0 0 0 0 0 1 0 0 1 1 0 1 1 0 1 0 1 1 1 0 0 1 1 1 1 1 1 1 1 1 1 1 1 0 0 0 0 1 0 1 0 0 1 1 0 0 1 1 0 1 0 0 1 0 0 1 1 0 0
1609 1 0 1 1 0 1 0 0 0 1 1 0 1 0 1 1 1 0 0 0 1 1 0 0 1 0 0 1 1 1 1 1 0 0 0 1 1 0 1 1 0 1 0 1 1 1 0 0 0 1 0 1 1 0 1 1 0 0 1 0 0 0 0 0 1 0 1 0 0 1
376 0 0 0 1 0 0 1 0 1 1 0 1 0 1 1 1 0 1 1 1 0 0 0 1 0 1 0 0 0 1 0 0 0 0 0 1 1 0 1 0 1 0 1 1 1 1 0 0 0 0 1 0 1 1 0 1 1 1 1 1 0 1 0 0 0 1 1 0 1 1
1290 1 0 1 0 1 0 0 1 0 0 0 0 1 1 0 0 0 0 1 1 0 1 1 1 1 0 0 1 1 0 0 0 0 0 1 1 0 0 1 0 0 0 0 1 0 1 0 0 1 1 0 1 1 1 1 1 0 1 1 0 1 1 1 1 1 1 0 1 0 0
1999 0 1 1 1 0 1 0 0 1 1 1 0 0 0 1 0 1 1 0 1 1 0 0 0 0 0 1 1 0 1 0 0 1 0 0 0 0 1 0 1 1 0 1 0 0 0 1 0 1 1 1 0 0 1 0 1 1 1 1 1 0 0 1 1 1 0 0 1 0 1
1135 1 0 0 1 0 0 1 0 1 1 1 0 0 0 0 1 1 1 0 1 0 1 0 1 1 0 1 1 1 0 1 1 0 1 0 0 0 0 1 1 1 0 0 0 0 0 0 0 0 0 1 1 1 1 1 0 1 1 1 0 1 1 1 0 0 0 1 1 0 0
3113 0 0 1 0 1 0 0 0 1 0 1 0 1 1 0 0 1 1 1 0 1 0 0 0 1 0 1 1 1 1 1 1 0 1 1 0 0 0 1 0 0 0 1 0 0 1 0 1 0 1 0 0 1 0 1 0 1 0 0 1 1 1 1 1 0 0 1 1 0 1
1306 1 0 0 1 0 0 0 1 1 0 1 1 1 0 1 1 0 0 1 1 1 1 1 1 0 1 0 1 1 0 0 0 1 0 0 1 0 1 1 0 0 0 1 0 0 1 0 1 0 0 0 1 0 0 0 1 1 0 1 0 0 0 1 1 1 1 0 0 1 1
1703 0 0 1 0 1 1 0 0 1 1 0 0 0 0 1 0 1 0 1 1 0 0 1 0 1 0 0 0 0 1 1 0 1 0 0 1 1 0 1 1 0 1 1 1 1 1 1 0 0 1 0 0 1 0 0 0 1 1 0 1 1 1 0 0 0 1 1 1 0 1
1720 0 1 0 1 1 0 0 1 1 0 1 1 1 0 1 1 1 0 0 1 1 0 1 0 0 1 0 1 1 0 0 1 0 1 1 1 0 0 0 0 0 0 0 0 0 0 1 1 1 0 1 1 0 0 0 1 1 1 1 0 0 0 1 1 0 1 1 1 0 0
1967 0 1 0 1 0 1 0 0 1 1 1 1 1 1 0 1 1 0 0 0 0 0 0 1 1 0 0 0 1 0 0 1 0 1 0 1 1 1 0 0 0 1 1 1 1 1 0 0 0 0 1 1 1 1 1 0 0 1 0 0 0 0 1 0 1 0 1 0 1 1
647 1 0 0 1 0 0 1 1 0 0 0 1 1 0 0 1 0 0 1 0 0 1 0 0 0 0 0 1 0 1 0 1 0 1 0 1 1 1 0 0 0 1 0 1 1 1 0 1 0 0 0 1 1 1 1 1 1 1 0 1 1 0 1 1 0 1 0 0 1 1
2598 0 0 0 0 0 1 0 1 0 0 0 1 0 0 1 1 1 1 0 0 1 0 1 1 0 0 1 0 1 1 1 0 0 0 0 1 0 1 0 1 1 1 1 0 0 1 0 0 1 0 0 0 1 0 1 1 1 0 0 1 1 0 1 0 1 1 1 1 1 1
31 1 0 0 1 1 0 1 1 0 0 0 0 0 0 0 1 1 0 1 1 0 1 1 1 0 0 1 1 1 1 1 1 0 0 1 0 1 0 0 0 0 1 1 1 0 0 0 0 0 0 0 1 1 1 1 0 1 0 0 0 1 0 1 0 0 1 1 1 1 1
3792 0 0 0 1 0 0 0 1 0 0 1 0 1 0 1 0 0 0 1 0 0 0 1 0 0 1 0 0 1 1 0 0 1 1 0 1 1 1 1 1 0 1 1 0 1 1 0 1 0 1 1 1 0 1 0 0 1 1 0 1 0 0 1 1 1 0 1 0 1 1
2173 0 0 1 1 1 1 0 1 0 0 1 0 1 1 1 0 0 1 1 0 1 1 1 0 1 0 0 0 1 0 1 1 0 0 0 1 0 0 1 0 1 0 1 1 1 1 1 0 0 1 0 1 0 0 0 0 1 1 1 0 0 0 0 1 0 1 0 1 1 0
2796 1 1 1 0 0 0 1 1 1 0 0 0 0 0 1 1 0 0 0 0 0 1 1 1 0 1 1 1 1 0 1 1 1 0 1 0 0 0 0 1 0 0 1 1 0 1 0 1 1 0 1 0 0 1 1 1 0 1 1 1 0 0 1 1 0 0 0 1 0 0
2290 1 0 1 1 0 1 0 1 1 1 0 1 0 0 1 0 1 0 0 0 1 0 0 0 0 0 1 1 0 1 0 1 0 1 0 0 1 0 1 0 1 0 0 1 0 0 1 1 0 1 1 0 0 1 0 1 1 0 0 1 1 1 1 0 1 0 1 1 1 0
2917 0 0 1 0 1 1 0 0 0 0 1 0 1 1 1 1 1 0 1 1 1 0 0 1 0 0 1 0 0 0 1 0 0 0 0 0 0 1 1 1 1 0 1 1 1 1 0 1 1 0 0 1 1 0 0 0 0 1 1 1 1 1 1 0 0 1 0 1 0 0
589 1 1 0 1 1 1 1 0 0 1 0 1 0 1 0 1 0 1 0 1 0 1 0 0 0 0 1 0 1 1 0 1 0 1 0 1 0 1 1 0 1 0 0 1 0 0 1 1 0 0 1 0 0 1 1 1 0 0 1 0 1 1 1 0 0 1 1 0 0 0
2958 0 0 0 1 1 1 1 0 0 1 1 1 1 1 1 1 0 1 1 1 1 0 1 1 1 0 1 0 0 0 0 1 0 0 1 1 0 0 0 1 1 0 0 0 0 1 0 0 1 0 1 0 1 0 1 0 0 0 0 1 0 0 1 1 1 0 0 0 1 1
3470 0 0 1 0 0 0 1 0 0 1 1 1 1 0 1 1 1 1 1 0 1 0 1 1 0 0 1 1 0 1 0 0 1 1 1 0 1 0 1 0 1 1 0 1 0 1 1 1 0 0 0 1 1 0 0 0 0 1 0 0 0 0 0 0 0 1 1 0 1 1
1373 1 1 1 1 1 0 1 1 1 0 0 0 1 1 1 1 0 0 1 1 1 1 1 0 0 1 0 1 0 0 0 0 0 0 0 0 0 1 0 1 0 0 0 0 0 0 0 0 0 1 0 1 0 1 1 1 1 0 0 0 1 1 1 1 1 1 0 0 1 1
1393 0 1 1 1 0 0 0 0 1 0 0 1 0 0 0 0 0 1 1 0 0 1 1 0 1 1 0 0 1 1 1 1 1 1 1 0 0 1 0 1 0 1 1 0 0 1 1 1 1 1 0 0 0 1 0 1 1 1 0 0 0 1 0 0 1 0 0 1 1 0
2682 0 1 1 1 0 0 0 1 1 1 1 0 1 0 1 1 1 1 0 0 1 0 1 0 0 0 1 1 1 1 0 0 1 0 0 0 1 1 0 1 0 1 0 1 1 0 0 1 1 0 0 1 1 0 0 1 0 0 1 0 0 1 0 0 1 1 0 0 0 1
591 0 1 0 0 1 1 0 0 0 1 1 1 0 0 0 1 1 1 1 1 0 1 1 1 0 0 0 0 1 1 1 0 0 0 1 1 1 1 0 1 0 0 0 1 1 0 0 0 1 0 1 0 1 1 1 0 0 0 0 1 0 1 1 0 1 0 0 1 1 0
1783 0 1 0 1 0 1 1 1 0 1 0 1 1 0 1 0 0 0 1 0 1 0 0 1 0 1 0 1 1 1 0 1 0 0 1 0 1 0 0 1 1 1 1 1 1 1 0 0 1 1 1 0 0 0 0 0 0 1 1 0 1 0 0 1 1 0 1 0 0 0
1572 1 0 1 0 0 1 0 0 0 0 0 0 1 1 1 0 1 1 0 0 1 1 1 0 1 1 0 1 0 1 1 0 0 0 1 1 0 0 0 1 1 0 1 1 1 0 0 1 0 1 0 0 1 0 1 0 1 1 0 0 1 1 1 1 0 0 0 1 1 0
1303 1 1 0 1 1 1 0 1 1 1 1 0 0 0 1 0 0 1 0 0 0 1 1 1 1 1 1 0 0 0 0 0 0 1 1 0 0 0 0 0 0 0 1 1 1 1 0 1 1 1 0 1 0 1 1 0 1 0 0 0 1 1 0 0 1 0 1 0 0 1
3417 0 1 0 0 0 0 1 1 1 0 1 0 1 1 0 0 1 0 1 1 1 1 0 1 0 0 0 1 0 0 1 1 1 1 0 1 0 1 0 1 1 0 1 1 0 1 1 0 0 0 0 0 0 1 0 1 1 0 0 0 0 0 0 1 1 1 1 0 1 1
222 1 1 1 1 0 0 0 1 0 1 1 0 0 1 0 0 0 0 1 1 0 1 1 1 1 0 1 0 0 1 1 0 0 0 1 0 1 0 0 0 1 0 1 0 0 1 1 1 0 0 0 0 1 1 1 0 1 0 1 1 1 0 1 0 1 0 0 1 0 1
379 1 0 1 1 1 1 0 1 1 0 0 1 1 0 1 1 1 0 0 1 0 1 1 1 1 0 0 1 1 0 0 1 0 0 1 1 0 0 0 1 1 0 0 0 0 1 0 0 1 0 1 0 1 0 0 0 0 1 0 0 0 0 1 1 0 0 1 1 1 1
2705 1 1 0 0 1 1 0 0 1 0 0 0 0 0 1 0 1 1 1 0 0 0 0 0 0 0 1 0 1 1 0 0 1 0 0 0 1 1 0 1 1 1 0 0 1 1 1 1 1 0 0 0 1 1 0 0 1 1 1 0 1 0 0 1 1 1 1 1 0 1
1224 1 1 1 0 0 1 1 0 0 1 1 0 1 0 0 0 0 0 0 1 1 1 0 1 1 0 0 0 0 1 1 0 0 1 0 1 1 1 1 1 1 0 1 0 1 1 0 0 0 0 0 1 1 0 1 1 0 0 1 0 1 0 1 1 0 1 1 0 0 0
1583 0 0 0 1 1 0 0 1 1 1 1 1 0 1 1 0 0 1 1 0 1 0 0 0 1 1 0 1 0 1 0 1 1 1 0 0 1 1 0 1 1 0 0 0 0 1 0 1 1 0 1 1 0 1 0 0 0 0 0 1 0 1 0 1 0 1 0 1 0 1
1526 1 1 1 1 0 0 1 0 1 0 0 0 1 1 0 1 1 0 0 1 0 1 0 1 1 0 1 1 0 1 0 0 0 0 0 0 1 0 1 1 1 0 0 1 1 1 0 0 1 1 0 0 1 1 1 1 0 1 0 0 0 0 1 1 0 0 1 1 0 0
3480 1 1 1 1 0 0 1 1 0 0 0 0 0 1 0 1 0 1 1 1 1 0 0 0 0 1 0 1 1 0 0 1 0 0 0 1 0 0 0 0 0 0 1 0 0 1 1 0 1 1 1 1 1 0 0 1 1 1 0 1 1 1 1 1 1 1 0 0 0 0
1922 1 0 1 0 0 1 0 1 1 1 1 0 0 0 0 1 1 0 1 1 0 0 1 0 1 1 0 1 0 0 1 0 0 0 1 1 1 0 1 1 1 0 0 0 0 1 1 1 1 0 1 1 0 0 0 0 1 0 0 1 1 1 0 0 0 0 1 1 1 0
749 0 1 1 0 0 0 1 0 0 1 1 1 1 1 1 1 0 0 1 0 0 0 0 0 1 0 1 1 1 1 1 0 1 0 0 1 1 0 0 0 0 1 1 1 0 0 1 0 0 0 1 1 1 1 0 1 0 1 1 0 1 0 0 1 1 1 0 0 0 0
2698 1 0 1 0 0 0 1 0 0 1 0 1 1 1 1 0 1 0 0 0 1 1 0 0 0 0 1 1 0 1 1 1 1 1 0 1 1 1 1 1 0 1 1 1 1 0 0 1 0 1 0 0 1 0 0 0 1 1 0 1 0 1 0 0 0 0 1 0 0 0
38 0 1 0 0 1 1 1 1 1 0 1 0 0 0 1 0 1 1 0 0 1 0 1 0 0 1 0 0 0 1 1 1 0 1 1 1 0 0 1 1 0 0 1 0 0 0 1 0 1 0 0 0 1 1 0 0 0 1 1 1 1 1 1 0 0 0 1 0 1 1
20 1 1 0 1 1 0 0 1 0 1 0 0 0 1 0 1 1 1 0 0 0 1 1 1 1 1 1 0 0 0 1 1 0 0 0 0 0 0 1 1 1 1 0 1 0 0 1 0 0 1 1 0 0 0 1 0 1 1 0 0 1 0 1 1 1 0 0 1 1 0
1392 0 0 1 1 1 1 0 0 1 1 1 0 1 0 0 0 0 0 1 0 0 0 1 0 0 0 0 0 1 0 1 1 1 0 0 1 1 1 1 1 0 0 1 0 1 0 0 0 0 0 1 0 0 0 1 1 1 1 1 1 0 1 1 1 0 1 1 0 1 1
2803 1 1 0 0 1 0 0 0 0 1 0 1 0 0 1 0 1 1 0 1 0 0 1 1 0 0 1 0 0 0 0 1 1 0 1 1 1 0 1 0 0 0 1 0 1 0 1 0 0 0 1 1 1 1 1 1 1 1 1 0 0 1 1 0 1 1 1 0 0 0
587 0 0 0 0 1 1 1 1 1 0 1 1 1 1 0 0 1 0 0 1 1 0 1 1 1 0 0 1 1 0 0 0 1 0 1 0 1 1 0 0 1 1 1 0 0 0 0 0 1 1 1 0 0 1 0 0 0 1 0 1 0 1 0 0 1 1 0 1 0 1
2405 0 1 0 1 0 1 0 0 1 0 0 0 1 0 1 0 1 0 1 0 1 1 1 1 1 0 0 1 1 1 1 0 0 0 1 1 1 1 0 1 0 1 0 0 0 0 1 0 1 0 1 1 0 1 0 0 1 0 0 1 0 0 1 0 1 0 0 1 1 1
1219 0 0 0 0 0 0 1 0 1 1 0 0 0 0 0 0 1 1 1 1 0 1 1 1 1 0 0 0 0 0 1 1 0 0 1 1 0 0 1 1 1 1 1 0 1 1 1 1 1 1 1 1 1 1 0 0 0 1 1 0 0 0 0 0 1 0 1 1 0 0
732 1 1 1 0 0 0 0 0 1 1 1 0 1 0 1 0 1 1 1 0 1 1 0 0 0 0 1 1 0 1 0 0 1 1 0 1 0 0 0 1 0 1 0 0 1 0 1 0 0 0 0 1 0 1 0 1 0 1 1 0 0 1 1 1 1 0 0 1 1 1