2857 1 0 0 1 0 0 1 1 1 0 0 0 1 0 1 1 1 1 1 0
259 1 1 1 1 1 0 1 1 1 1 0 1 0 0 1 0 0 0 0 1
1195 1 0 0 0 0 0 1 1 1 1 0 0 1 1 0 1 1 0 1 1
1209 0 1 0 0 0 0 1 0 1 0 1 1 1 1 1 1 1 1 0 0
479 1 0 0 1 0 1 1 0 0 0 1 0 0 1 1 1 0 1 1 0
2027 0 1 1 0 1 1 0 0 0 1 0 1 1 0 1 0 1 1 0 1
588 1 0 0 0 0 0 1 1 1 1 0 1 1 1 0 1 1 1 1 1
2570 1 1 1 0 1 1 0 1 1 1 0 0 1 0 0 0 1 1 1 1
1269 1 0 1 0 0 1 1 1 0 0 0 0 1 1 0 0 0 1 0 1
592 1 1 1 1 1 0 1 0 0 1 0 0 0 1 1 1 0 0 0 0
1579 0 0 1 1 1 1 1 1 0 1 0 1 0 1 0 0 1 0 0 1
1197 1 0 0 1 0 0 0 0 1 1 1 1 1 0 1 1 0 1 0 0
607 0 1 1 0 0 1 0 1 1 1 1 0 1 1 1 1 1 1 0 0
2761 0 0 1 1 0 0 0 0 0 1 1 1 1 1 1 1 1 1 0 0
109 0 0 1 1 1 1 0 0 0 0 0 0 1 1 0 0 1 0 0 1
2395 1 1 1 0 0 1 0 1 0 1 1 1 0 0 0 0 1 1 0 1
1196 0 0 1 0 1 0 1 1 0 1 1 1 0 1 0 1 0 0 0 1
526 0 1 1 0 1 1 1 1 1 1 0 1 1 1 0 1 0 0 0 0
1616 1 0 0 1 0 1 1 1 1 0 0 0 0 1 0 0 1 1 1 0
1264 0 1 1 0 1 1 0 0 0 0 0 1 0 0 1 0 1 0 1 1
1096 1 0 1 0 0 0 0 1 1 1 0 0 1 0 1 0 1 0 0 1
2627 0 1 0 0 1 1 1 1 1 0 1 1 0 0 0 0 0 0 1 1
2996 0 0 0 1 0 0 1 0 0 0 0 1 1 1 0 1 0 1 1 1
317 1 1 0 0 1 1 1 1 0 0 1 1 0 0 1 0 0 1 0 0
857 1 0 0 1 0 0 0 1 0 1 0 0 1 0 1 0 1 0 1 1
355 1 0 0 1 1 1 0 0 1 1 0 0 0 1 0 1 0 1 1 1
2715 0 1 0 0 1 0 0 0 1 1 1 0 1 0 0 0 1 1 0 1
295 1 0 1 0 0 1 0 1 1 1 1 0 0 0 0 1 0 1 1 1
1239 0 0 1 1 0 1 0 0 1 1 0 1 0 0 0 1 1 1 1 1
0 0 1 1 0 1 1 0 0 0 1 0 0 1 0 0 1 1 1 1 0
1213 0 1 0 1 1 0 1 1 1 1 0 0 0 0 0 0 1 1 0 1
2915 0 0 1 1 0 0 1 0 1 0 0 1 1 1 1 1 0 1 1 0
456 1 0 0 0 0 0 0 1 1 1 0 1 1 1 0 1 0 1 0 1
3577 1 0 0 0 1 0 0 1 1 0 0 1 0 0 1 0 0 1 1 1
1199 0 0 0 1 1 0 1 1 1 0 0 1 0 0 0 1 1 0 1 0
540 0 1 1 1 1 0 0 0 1 0 1 1 0 0 1 1 0 1 1 0
2986 0 1 1 0 1 1 0 0 0 0 1 1 1 0 1 0 0 1 0 1
1258 1 0 1 1 1 0 0 1 1 0 1 1 0 0 1 1 0 1 0 0
49 1 0 0 0 1 1 0 1 0 0 1 1 1 1 0 1 1 0 0 0
33 1 1 0 0 0 0 1 1 0 1 1 1 0 1 0 1 0 1 1 0
2790 1 0 1 1 0 0 1 1 0 1 0 0 0 1 0 1 1 1 0 1
779 0 1 1 1 0 1 1 0 1 0 1 1 1 0 0 1 0 0 0 0
3174 1 0 1 0 0 0 0 1 1 1 0 1 1 1 1 0 1 0 1 1
1192 1 0 0 0 1 0 0 1 1 1 0 0 1 1 1 0 0 0 0 1
918 1 1 1 0 0 1 1 1 0 1 0 1 1 0 0 0 0 0 0 0
923 1 0 1 1 0 0 1 1 0 0 0 1 1 0 1 0 1 0 0 0
1126 1 0 1 1 1 1 1 1 1 1 0 0 1 0 1 0 0 0 0 0
2354 1 1 0 1 0 0 0 1 0 0 1 1 1 1 0 1 0 0 0 0
1386 0 1 1 0 1 0 0 1 1 1 1 1 1 0 0 0 1 0 1 0
1220 0 0 1 1 1 0 1 0 1 1 1 0 1 0 0 1 1 1 0 1
911 0 1 0 0 0 1 1 0 0 0 1 1 0 1 0 1 1 0 1 1
1035 1 1 0 1 0 1 0 0 0 1 1 0 1 0 1 0 1 0 0 0
1212 0 0 0 0 1 0 1 1 0 1 1 0 0 0 1 1 1 0 1 0
1609 0 0 1 1 1 1 0 1 1 1 1 0 0 1 0 0 0 0 1 0
376 1 1 0 1 0 0 0 0 0 1 0 1 0 1 0 1 0 1 1 0
1290 1 0 0 1 0 0 0 0 0 0 0 0 0 1 0 1 1 0 1 1
1999 0 1 0 1 0 0 1 0 1 0 1 0 0 1 0 0 0 1 1 0
1135 0 0 1 0 1 1 0 0 1 0 0 0 1 1 0 0 1 0 1 1
3113 0 0 1 1 1 0 1 0 1 0 1 0 1 0 1 1 1 1 0 0
1306 1 1 0 0 1 0 1 0 0 1 0 1 0 0 1 1 1 0 1 0
1703 1 1 1 1 0 1 0 1 1 0 0 1 0 1 0 1 1 1 0 0
1720 0 1 0 0 0 0 0 1 0 0 0 0 0 1 1 1 0 1 1 1
1967 0 1 1 1 1 1 0 1 1 0 0 0 1 0 0 0 0 1 1 0
647 0 1 0 0 1 1 1 0 1 0 0 0 1 1 0 1 0 1 1 0
2598 0 0 1 1 1 0 1 1 1 0 0 0 0 0 0 1 0 0 0 0
31 0 1 1 0 0 0 0 0 1 0 1 1 0 1 1 1 1 1 0 1
3792 0 1 1 1 1 1 0 1 1 0 1 1 0 1 0 0 0 0 1 1
2173 0 1 1 1 1 1 1 0 1 0 0 1 1 0 0 0 0 0 0 1
2796 0 0 1 1 0 1 0 0 1 1 0 0 1 0 1 0 1 0 1 0
2290 0 1 0 0 1 1 0 1 1 1 1 0 0 0 0 1 0 1 1 0
2917 1 1 0 0 1 0 1 1 0 1 1 0 0 0 0 0 1 1 0 1
589 1 0 1 1 0 0 1 0 0 1 0 1 0 1 1 0 1 0 0 1
2958 0 1 0 0 1 0 0 0 1 0 1 0 1 0 1 1 1 1 1 0
3470 1 1 0 1 0 0 1 1 1 0 0 0 1 1 0 0 0 1 1 0
1373 1 1 0 0 0 0 0 1 0 0 1 1 0 1 0 1 1 0 1 1
1393 1 1 1 0 1 1 1 0 0 0 0 1 0 1 0 1 0 0 1 0
2682 0 0 1 0 1 0 1 0 0 1 1 0 1 0 1 1 1 0 1 0
591 0 0 1 1 0 1 1 1 0 0 0 0 0 1 1 1 1 1 0 0
1783 0 1 1 1 1 1 0 0 1 1 0 0 0 1 1 0 0 0 0 1
1572 1 1 1 0 1 0 0 1 0 0 0 1 0 1 0 1 0 0 1 0
1303 1 0 1 1 1 1 0 1 1 0 0 1 0 0 1 1 1 1 0 0
3417 0 1 0 1 0 0 0 1 1 0 1 0 0 1 1 1 0 1 1 0
222 0 0 0 1 0 1 0 1 0 1 1 1 0 0 0 0 1 1 1 1
379 0 0 0 1 1 0 0 0 1 1 1 1 1 1 1 0 1 1 1 0
2705 0 1 0 0 1 1 0 0 0 1 1 1 1 0 0 0 1 0 0 1
1224 0 1 0 1 0 0 1 1 0 0 0 0 1 0 1 1 0 1 1 1
1583 1 0 0 1 0 1 0 0 1 1 1 0 0 0 1 0 1 1 1 1
1526 1 1 1 1 0 0 0 0 1 0 1 1 1 1 1 0 1 1 0 1
3480 1 1 0 1 1 1 1 0 0 1 1 0 0 0 1 0 1 0 0 1
1922 0 0 1 0 0 0 0 1 1 0 0 0 1 0 0 1 1 1 1 0
749 0 1 1 0 0 1 1 0 1 0 0 0 1 0 1 1 0 1 0 0
2698 0 1 0 0 1 1 0 0 1 1 1 1 0 0 0 1 0 0 0 0
38 0 1 1 0 0 0 1 1 0 0 1 1 1 1 1 0 1 1 0 0
20 1 0 1 1 0 1 0 1 0 1 1 0 0 1 0 0 0 0 0 1
1392 1 1 1 0 0 0 1 1 1 0 1 1 0 0 0 0 1 0 0 1
2803 0 1 1 0 1 1 1 0 0 1 1 1 1 1 1 0 0 1 0 0
587 0 1 0 1 1 0 0 1 1 1 1 1 0 0 0 0 1 1 0 1
2405 0 0 0 0 1 1 0 0 1 0 1 0 0 1 1 1 1 0 0 0
1219 1 1 0 0 1 0 0 0 1 1 0 1 0 0 0 1 1 0 1 1
732 0 0 0 1 1 1 1 1 0 1 0 1 0 0 1 0 0 0 0 1