2857 14 4986 63 3173 59 5977 19 247 42 2487 4068 1886 32 57 1723 33 20 1562 24 22 56 17 51 36 5456 50 4597 11 2961 5404 27 367 1554 52 1414 34 45 1330 3019 28 3616 5348 1032 3191 26 48 58 1776 820 30 18 49 2543 35 4515 1535 15 162 4613 53 23 1580 1283 43 3347 39 3187 3456 6008 62
259 368 5177 4540 5326 100 18 33 3598 2124 5483 1276 2210 2046 41 24 48 3053 84 90 2471 101 54 96 5044 87 105 97 1773 81 44 782 600 4770 25 5314 2775 5681 4949 62 19 93 53 83 58 86 1381 59 4421 29 3538 23 65 1450 99 42 2924 3765 28 36 5229 223 4440 3846 5083 27 3781 5979 26 3382 70
1195 41 58 2495 83 3774 29 35 152 69 75 391 65 73 17 5721 2707 23 2301 36 5189 84 2021 93 2326 34 95 57 5710 5288 28 501 6031 66 2609 4201 2333 2431 81 48 572 4659 2106 1810 4315 44 807 87 26 1382 2324 5520 3239 33 19 96 4923 25 49 3952 62 42 22 40 3629 76 18 53 3554 2343 4035
1209 13 73 44 3210 4106 25 251 41 35 2686 81 917 3710 33 2986 65 870 31 2277 297 80 3895 17 28 49 53 180 1212 2033 4076 2406 96 3924 42 3100 3766 29 75 86 2543 18 5123 40 84 19 330 4369 36 37 21 947 2997 4965 62 72 5111 1973 3609 93 2543 64 1235 22 5456 58 48 15 4362 5159 1145
479 62 44 11 4847 58 26 4714 2615 1706 3709 29 4436 2222 32 25 73 1952 294 52 5025 82 5467 28 48 31 5192 6 2981 19 80 36 665 4787 13 71 65 4558 42 2448 5692 17 4992 2659 2253 3894 4316 66 37 5859 4445 59 23 50 312 4324 3487 3103 33 384 22 49 4027 15 67 4651 236 179 53 57 75
2027 92 1310 25 2923 3262 3004 17 36 191 53 4283 87 59 6014 85 90 30 4654 24 2991 73 52 18 48 62 2087 3148 65 13 5465 1882 2835 1028 2554 194 341 4062 80 69 3511 15 56 88 1526 64 1718 66 49 4231 84 700 19 89 2960 58 72 4068 1324 3496 1783 544 5238 81 4533 93 20 5973 32 5001 3806
588 1862 87 4426 5295 4015 2784 20 52 2503 42 113 3348 33 898 29 22 5729 48 23 5943 1080 4939 126 1223 4771 36 2958 55 44 73 3025 5929 5705 32 4157 4813 795 92 58 82 80 127 19 117 118 1488 30 4068 103 2349 5503 3915 93 4345 96 101 6022 986 123 2447 95 3876 2052 105 26 49 3634 53 6028 3494
2570 799 3592 463 15 17 33 23 36 96 44 2331 446 53 20 1457 3976 4057 3492 1225 92 1080 814 49 4883 22 4321 42 32 3837 4397 30 1536 29 19 75 48 65 2990 35 56 583 101 93 1410 58 5362 2831 1644 5563 1869 25 1450 28 59 3023 95 168 73 2535 87 76 3623 4561 3479 100 82 2835 4770 84 3294
1269 79 5962 2677 62 4228 2182 148 3171 109 5656 133 92 1278 2347 4561 83 53 2171 48 2557 3736 123 1097 5160 6012 2584 73 68 1379 136 25 45 655 1416 946 58 65 492 102 96 5529 108 36 2309 2867 44 3043 5590 82 127 31 553 26 131 1686 1309 34 427 5388 652 121 33 3220 2459 118 24 147 117 42 5943
592 55 62 2213 3607 1576 4844 96 24 2812 3863 80 100 23 36 82 5505 2366 74 107 15 537 57 52 98 95 4529 56 53 30 19 58 48 108 4420 2813 72 32 3490 2327 3341 3972 278 47 1868 5340 28 69 717 17 44 4714 76 901 2402 3434 97 42 2565 92 2894 4737 3251 33 4827 26 1404 5307 3034 354 5994
1579 4184 31 93 58 103 52 36 2866 44 4438 45 4224 5409 60 5704 95 19 73 53 92 5976 5461 59 158 100 322 72 49 4632 109 953 5498 248 3094 91 3009 3159 23 4976 2735 90 40 373 65 22 1553 29 18 3142 3018 3627 5751 75 4214 2578 1170 42 1869 5945 17 86 2780 24 1706 82 101 4590 25 702 48
1197 2542 316 64 2775 5024 48 15 5826 36 27 109 28 1409 73 135 794 100 101 88 2139 57 93 5794 25 24 1588 5672 29 379 65 99 84 3750 33 2326 107 40 35 5296 92 5030 2434 87 760 81 44 3827 5003 2322 5069 71 18 62 4199 5257 3126 26 228 19 22 4125 3527 54 2860 58 546 5303 3744 42 1655
607 2985 131 2156 127 59 2994 3092 137 6031 2335 4415 30 100 72 5382 4739 3190 33 47 1970 3555 120 32 5331 53 23 28 4266 2182 129 57 24 58 3066 2218 1372 1201 5957 3448 95 1131 1764 88 123 1898 136 90 2580 2686 1892 96 4655 3772 773 107 110 74 80 35 4908 82 76 56 779 65 48 62 36 3859 1282
2761 58 5607 5435 33 92 41 29 1157 1893 90 4604 83 4278 80 3776 64 5902 3153 55 17 402 22 4395 76 23 4997 86 48 5721 4751 5846 4484 19 5103 53 2128 62 35 70 77 1785 1450 59 5336 4295 56 82 28 63 2682 829 3952 248 30 4300 3164 3695 32 39 5106 2845 43 3935 5351 5547 44 65 36 3742 68
109 2381 3843 649 4782 775 19 4960 3239 55 90 29 3279 66 1761 20 17 88 84 5431 92 4294 5783 41 91 1474 3093 58 857 99 62 64 59 3745 87 33 36 82 4353 2494 1279 3291 2452 117 18 56 1704 2421 103 5704 52 3951 4960 1525 73 2130 3494 3647 100 95 27 80 25 48 458 2494 24 3000 22 96 1403
2395 44 2533 4707 68 4315 3743 5370 92 53 63 4600 78 3131 35 17 1677 2108 76 37 23 833 34 58 744 1949 6028 3065 2048 845 45 24 4014 1815 4268 1675 60 2701 720 48 51 980 28 1490 91 99 647 38 33 43 5139 59 95 70 102 56 188 83 422 22 3885 2145 2577 72 96 573 5477 4194 39 2094 86
1196 100 31 2999 99 22 117 44 3202 113 92 3676 2377 1921 5586 5755 45 2517 1376 105 5379 58 5310 4267 132 129 91 42 4671 1063 24 82 4546 68 3137 1909 93 4669 130 131 762 84 1753 1007 1026 87 41 43 37 127 4894 4736 35 73 96 1863 34 2133 1915 2139 5064 28 1373 59 2791 4984 845 40 118 36 48
526 55 2344 84 474 870 606 2583 52 30 113 96 4104 92 131 4248 4696 5107 98 100 80 18 95 20 44 1026 1277 47 82 809 1631 2367 3549 42 123 19 89 48 120 31 36 58 45 313 56 5700 24 4359 124 539 418 99 4810 902 49 33 90 1261 88 28 5948 1453 4091 127 2240 3790 3869 1143 1052 5471 1568
1616 133 5464 2029 127 74 2606 539 1080 93 59 532 1840 23 58 30 200 129 97 2566 1577 5139 32 3955 4038 27 48 1454 110 1562 131 62 53 130 39 2252 28 96 107 2418 79 36 5370 111 51 136 2988 761 234 56 82 60 2151 81 90 2545 3559 76 2948 3991 1940 1250 5612 71 1901 5751 5182 5503 1947 112 123
1264 3583 99 111 33 2995 1827 3701 5789 364 4512 78 118 4442 19 1341 24 95 4733 68 96 90 5414 26 23 5796 73 34 1713 2839 3861 106 5806 22 44 30 36 4780 4710 45 3832 5835 37 2714 17 356 3062 4805 1750 28 2342 5210 88 1406 27 2514 2227 117 80 59 97 102 91 48 31 51 92 3632 5104 3587 42
1096 1864 400 2161 83 732 114 65 131 123 26 3937 58 23 121 116 3889 2317 4820 1347 488 3802 127 4176 36 1754 526 304 2556 4068 27 1350 42 99 3294 118 93 62 119 3876 53 386 5803 28 92 3927 2002 1786 117 3664 1614 3479 833 136 59 133 75 2927 44 48 4420 102 4357 30 2433 4076 109 34 33 2834 22
2627 1424 80 24 36 3585 1735 73 122 60 1338 315 1313 110 4851 2609 3063 4093 52 3037 1674 2038 5606 75 25 127 174 2828 65 93 86 100 118 119 1461 121 53 1477 44 62 137 2843 5804 593 2959 103 1951 3440 90 49 134 2011 5552 459 58 26 48 841 506 3177 5101 83 4232 101 46 117 693 41 42 2475 84
2996 99 655 2399 96 59 4324 78 1620 2066 91 4239 88 23 71 63 5392 86 53 1517 92 2455 2329 77 1433 73 384 1020 97 184 2559 95 4457 68 661 4456 104 4022 3038 1328 102 4781 27 3274 90 5960 4623 5025 2690 42 30 5529 1675 3155 39 5339 111 58 72 45 2380 4907 3919 33 28 56 131 2631 114 70 43
317 5381 5981 28 29 22 4331 97 42 4339 2145 4297 214 2422 4072 92 99 2407 47 30 55 26 4944 59 96 35 88 67 1997 44 4746 1044 95 33 4 51 2311 975 48 98 2830 82 53 4133 5152 43 2554 5141 410 39 90 1534 4730 56 17 27 4320 5451 58 76 1356 4086 5067 4992 2536 2815 34 24 62 19 6038
857 5381 146 148 131 4087 107 116 3959 4644 138 123 4977 4627 126 4563 129 33 104 122 36 4395 105 211 74 58 47 566 149 4133 3627 841 4895 88 90 127 136 140 1172 1639 97 506 5339 48 966 479 2640 100 49 1166 2524 62 1394 130 42 44 5591 151 2029 4192 4246 4615 29 681 53 787 4444 120 2000 5503 1312
355 121 2366 73 90 1636 1002 1699 66 5233 2620 503 2845 65 80 38 40 118 1165 5004 28 5662 3439 3399 5165 1526 4284 3920 78 123 92 127 117 4795 2677 69 4158 74 103 36 72 364 931 3832 110 3168 5709 31 58 84 4743 3961 577 60 53 858 37 55 507 243 26 95 43 96 34 48 3399 2852 42 82 111
2715 117 86 439 4003 70 4134 143 59 460 145 137 378 94 3052 645 2128 1810 1619 39 123 31 191 5526 73 136 1174 2278 2276 135 3689 353 133 44 99 48 36 148 388 33 1259 62 4451 53 4186 45 58 27 63 118 4065 1860 34 4119 92 2049 609 4189 119 379 1336 2720 42 2044 146 5373 5704 131 139 83 986
295 97 130 5971 3363 82 102 735 3879 4221 3661 131 74 3811 4261 81 1089 3906 4910 3432 38 2519 123 99 4272 30 5082 3330 48 35 110 120 76 2806 134 33 1929 42 69 55 49 56 53 4836 2912 18 4357 127 111 450 129 3744 24 62 22 1520 3583 98 23 36 5325 3548 4737 3979 5363 1184 58 1689 3657 96 2724
1239 4738 84 151 819 4834 1208 5608 121 131 5465 102 129 4273 87 93 2322 348 5006 118 1931 650 122 4040 2291 36 1177 769 163 44 3504 125 26 155 157 29 4146 48 117 1479 5379 58 42 149 2659 92 73 123 1857 1627 5352 4319 1732 62 23 4856 28 33 4329 147 4664 4608 148 923 53 534 165 548 101 127 130
0 112 75 21 99 114 92 131 3376 2773 23 28 51 68 500 49 45 65 78 568 4403 5924 4283 36 121 4692 2366 76 4307 901 5238 60 1393 73 2702 915 1376 994 5573 5853 90 4479 96 80 109 2615 44 26 4219 5076 123 132 117 2222 48 5498 34 2297 5048 4373 3339 3565 118 38 1237 56 3027 2893 119 1406 3771
1213 36 129 161 166 4299 2292 92 4248 121 2251 150 1435 53 136 64 149 1608 2090 4741 58 130 1745 4161 3065 5126 4254 131 163 146 33 709 97 165 1385 3471 29 343 127 3604 4171 5802 120 2112 4579 486 2113 48 301 1504 169 117 101 123 42 139 93 81 62 5901 470 4546 84 2674 5145 151 1016 105 987 5817 157
2915 53 137 1372 121 4893 117 1651 2353 5168 105 1232 960 1517 6 125 5284 101 139 26 1905 130 1398 3644 52 118 29 42 2047 2365 144 1109 111 4885 2718 3083 440 4737 3190 18 1123 123 82 3268 95 2473 1270 49 44 73 5612 93 22 2104 4684 36 90 127 32 62 129 33 134 885 68 3397 4396 103 23 58 48
456 618 4759 32 1534 90 123 4157 73 55 93 29 2531 56 130 2868 82 227 2394 5122 1467 4840 125 99 49 42 105 1939 3784 127 2341 87 5311 2950 52 4025 22 5086 120 96 84 117 3268 43 968 5287 2257 124 103 5401 62 2330 5163 53 3846 20 2776 5163 1594 36 23 95 122 58 967 118 48 3772 213 4210 2355
3577 478 4315 2428 1663 48 1931 98 852 5465 41 5530 77 517 53 1773 262 61 63 82 87 3553 23 18 5735 97 50 39 3484 85 49 4704 22 3840 1662 20 4959 1209 2760 2476 83 76 70 92 4556 1554 58 1967 103 102 64 4885 84 836 5071 99 5985 25 96 73 68 1753 3815 4982 2964 36 66 90 57 5994 3646
1199 118 2167 5745 93 498 100 831 173 221 161 441 3586 427 3424 1068 123 5393 5748 146 58 3996 3409 834 745 2761 247 2769 129 2506 1641 165 5705 42 29 2532 92 73 2274 157 48 4774 130 36 2693 139 122 53 166 84 105 1332 725 148 4471 4878 101 33 5348 783 946 151 127 131 807 3858 117 149 170 169 49
540 4001 5956 3957 1244 4123 4168 63 3876 618 170 59 58 2837 146 3180 148 2652 5562 139 1789 452 53 3240 850 4106 4825 195 4195 631 100 107 3689 88 62 129 183 121 3939 161 48 149 175 117 4255 1289 2453 2296 151 983 136 3738 4048 1494 22 190 177 157 165 173 181 208 112 199 179 118 5745 4910 169 1300 3591
2986 162 3708 25 4099 137 5186 92 1603 131 104 1772 139 44 1951 157 4943 687 93 123 148 2488 2040 70 136 2597 112 3251 2166 2947 116 27 36 2750 3031 5069 5906 65 3130 48 119 2082 62 83 1294 1911 129 159 3599 24 1240 4731 53 2502 3407 4199 3012 63 4598 135 146 150 4923 1508 3857 118 4601 40 102 2476 117
1258 65 66 242 3239 132 5607 148 31 502 4707 139 1649 169 62 82 4985 4288 2459 88 4374 123 1788 1440 22 4870 152 3999 1550 4685 117 737 4801 157 149 1866 5753 136 4248 2051 99 5796 48 1416 2327 118 96 2518 555 4250 151 58 36 129 146 33 1296 166 2636 53 5849 161 262 1993 24 4675 150 3812 34 26 131
49 3988 5125 65 3974 255 163 28 111 76 4275 5066 486 4978 148 146 53 4239 131 1380 82 5351 5021 4161 3951 1754 133 120 23 123 29 74 149 780 2810 32 129 3444 748 4128 62 151 48 972 282 998 137 142 127 99 516 30 90 209 24 5622 56 2126 704 55 97 4254 3114 39 110 190 138 5261 3879 33 5210
33 92 2602 5454 151 157 5550 65 3803 74 148 75 4537 5119 45 161 857 3910 150 73 3646 2389 78 124 3115 2780 1247 1431 58 3456 47 149 53 917 3212 3930 36 5672 99 38 117 1170 1142 2295 48 264 1170 69 2043 34 4423 119 4450 54 90 146 176 132 51 3192 56 139 42 114 4485 137 44 385 4661 556 2725
2790 2861 120 5130 130 1073 4999 5288 118 5236 36 89 4309 2572 2982 68 4696 4530 4500 117 5024 3516 4470 66 3887 50 4222 1485 283 5909 115 2791 82 136 123 103 135 67 3813 2321 57 5789 125 745 573 568 48 37 54 1277 109 71 91 58 1721 73 1849 90 92 141 4877 134 34 3728 45 5985 98 2962 3232 128 108
779 40 787 139 44 2642 73 2315 147 49 1149 2472 1810 137 55 48 23 1947 4923 828 2442 175 103 2216 5899 123 53 113 1659 62 1593 3680 5828 1845 109 82 945 1684 42 93 382 146 1512 997 3990 100 52 118 101 131 25 4756 90 1363 26 5586 4928 127 2352 36 75 5819 58 65 134 3697 144 117 1931 3407 92
3174 95 134 916 2654 48 78 5724 2025 135 90 1471 2083 39 2431 119 3954 58 70 36 65 109 4207 3179 53 104 72 1684 60 25 5341 3239 121 2952 2617 117 92 24 4104 1700 123 3198 45 73 783 4782 3716 3287 75 2635 4602 1382 5131 127 63 1401 44 102 42 193 3270 132 83 997 671 118 945 5651 3151 86 5704
1192 151 4805 1602 96 109 1570 99 5515 62 24 5758 6030 102 120 54 59 2433 80 89 3526 2245 95 4512 123 49 146 5684 3329 2864 47 33 28 81 876 155 324 3518 3289 42 783 1576 58 139 5062 5943 2369 1311 104 2661 39 88 150 2763 166 2045 5829 535 131 44 107 2218 1602 3056 48 5515 3869 53 136 3025 268
918 42 59 4121 1442 3698 142 100 139 58 169 78 2432 34 48 149 3902 136 117 3896 394 4632 170 1016 5810 1766 131 497 1480 1734 2337 96 3960 1948 75 123 146 114 99 5955 166 4997 33 109 28 4528 92 1363 24 1893 44 5766 3776 1532 35 194 797 2944 151 107 923 616 1958 474 5171 22 3987 53 40 65 97
923 5052 4275 3501 4572 151 3324 136 3770 144 177 109 161 58 2215 59 166 714 2434 102 157 1561 53 139 2758 169 952 116 4932 107 4906 123 4088 4278 100 121 149 1309 75 131 62 117 4035 2225 2875 1116 2681 48 3904 1121 183 150 1385 617 51 192 1809 155 173 2942 5883 165 2923 4726 88 81 127 4456 175 4299 5233
1126 747 166 157 39 70 33 4084 42 1668 1568 1046 118 212 1770 5295 151 40 2660 1649 2476 5048 149 3800 174 5551 117 53 4413 163 125 93 58 29 915 121 405 315 6031 154 4034 105 137 3390 129 1699 2549 5881 2358 5897 123 4061 135 3632 169 92 2157 4564 162 5101 359 44 48 102 3494 4873 145 36 2593 148 83
2354 999 49 5731 5520 70 112 5776 1103 103 76 56 92 83 121 667 1043 73 80 2821 2548 5368 1549 18 1651 1433 4289 26 17 102 4931 1776 75 386 114 5034 4756 31 45 36 95 23 19 68 2104 1722 613 21 60 48 804 2012 53 4743 1458 25 4433 109 38 3167 104 4275 119 3133 666 78 39 93 5735 1863 5244
1386 2128 166 4319 161 97 3276 2940 149 1391 4672 34 100 6006 2603 5365 1908 169 92 53 3571 3706 123 4585 33 450 117 3600 186 65 970 5124 3114 2859 125 3570 5895 163 129 2034 4241 3517 165 819 4453 5452 130 170 150 29 93 58 5139 105 148 4467 127 36 175 6037 87 5749 160 147 48 3791 4664 42 139 2863 122
1220 127 140 4565 828 1732 718 88 155 1872 2732 3558 48 122 123 1933 121 120 5503 1156 170 57 36 149 2144 168 3922 4818 169 97 47 100 2476 2253 138 105 5206 1826 62 86 1177 148 163 341 2604 81 146 136 5055 126 129 130 5004 2213 74 4821 2978 58 1987 151 2977 157 53 3833 42 33 3153 3365 3904 1664 3849
911 3472 5205 35 190 158 107 3535 3668 1803 170 36 140 1398 5309 4890 102 161 59 4053 4416 2524 63 81 48 62 146 1964 109 97 447 53 173 156 88 614 3482 103 4483 1827 91 3950 2215 2723 4808 151 1318 40 2395 123 1617 64 58 157 37 55 3345 4514 2545 178 131 2452 33 2863 5473 2588 574 44 169 2088 2511
1035 4404 166 2802 5838 4336 5304 174 5299 181 126 114 2658 5613 5988 2932 170 101 130 73 4740 49 1023 1327 5330 305 96 65 125 5489 3218 149 93 123 87 147 688 1756 3236 4366 3331 3508 48 173 118 832 162 2356 120 1249 148 2200 117 53 169 150 1355 42 1907 58 3913 2018 133 190 3985 139 1929 163 116 129 2602
1212 5803 58 30 56 3534 2036 1722 1665 149 3947 3303 1745 3230 3592 4044 865 181 3787 5924 129 47 2637 137 48 5958 96 2104 62 99 138 3218 360 169 55 95 161 23 163 120 157 33 173 124 110 5993 218 2042 3735 123 16 100 3076 3668 67 81 4304 4933 166 76 177 24 2850 4323 151 2076 5135 53 107 5732 3039
1609 96 1379 33 95 3130 53 5154 5992 2867 148 157 5757 174 4874 48 123 147 1963 1520 1550 23 133 1538 4796 93 5735 4688 125 173 36 139 130 2045 4545 2957 151 117 2106 169 137 2143 82 1335 42 87 149 3160 928 4061 143 3183 73 52 1173 58 65 5488 3580 29 4593 4160 4923 4223 643 25 3107 131 2036 4842 103
376 68 3982 5360 117 67 3594 48 4000 42 59 648 29 5859 65 123 58 5542 37 87 90 214 512 5669 23 4077 122 2837 1158 3945 95 5116 5822 1078 3602 3915 22 49 2750 118 3882 45 1437 82 101 93 62 3372 4841 2826 2536 26 4629 92 127 5421 53 102 106 111 38 287 33 3073 2901 4475 73 36 1100 134 130
1290 28 4191 123 3464 58 1510 283 65 3384 3676 2949 1823 64 26 3624 4815 1424 3369 84 25 4059 122 87 42 105 4954 480 33 62 2004 1396 5462 4009 5891 24 93 3422 1118 36 3341 5462 2846 5766 29 172 117 1791 2327 130 147 3124 92 100 40 139 131 3215 48 109 3256 69 73 44 136 118 125 3347 127 1525 4410
1999 943 36 117 148 244 163 883 2610 129 53 175 3411 1251 2393 133 1391 162 149 510 33 62 5815 2837 2797 4900 3504 150 176 5810 174 2674 5556 130 4419 456 4230 2299 181 1045 58 93 886 73 3664 5885 2935 34 401 182 132 101 2845 5487 118 1008 139 65 123 157 138 4442 3510 87 125 151 5580 4095 42 1143 169
1135 188 4241 1444 181 4561 801 152 3933 161 123 131 597 1269 3855 2385 190 33 48 3501 148 5189 132 3700 166 35 5680 182 157 44 2862 173 136 1955 92 1710 4239 1831 4789 36 146 165 3305 694 1026 2632 270 1355 3150 6023 5532 169 68 151 139 58 3727 89 118 186 767 120 54 149 1429 4378 373 90 192 2520 578
3113 5486 2232 119 1663 92 1955 3580 4801 43 3063 36 851 139 99 4733 4514 42 63 112 4883 51 2061 348 2049 148 3288 49 75 118 70 65 45 3796 80 48 3837 1888 5739 96 1562 2144 3989 134 1047 2534 143 1351 83 1448 58 5454 1788 117 2497 135 2738 147 459 2057 26 78 90 56 39 668 312 53 54 5287 55
1306 118 4125 4930 43 2199 5691 4195 150 131 2408 48 92 38 307 156 58 1287 3469 37 59 136 109 151 44 5062 161 1807 62 146 179 1660 3142 123 1053 616 126 4113 36 68 787 1626 4259 88 4515 1662 149 1633 139 3730 2297 3354 157 5591 662 1675 106 148 2573 91 391 3898 3381 45 34 147 82 3916 3818 169 42
1703 1917 5756 56 4740 72 117 2234 1476 163 88 99 1486 3176 2749 34 4188 53 5328 147 155 1414 3644 131 420 25 2284 2706 3342 1915 137 55 3017 48 1380 4965 76 148 3307 157 92 3843 69 26 28 89 149 82 2906 2885 90 3992 358 161 4021 5311 1870 107 38 2427 62 167 67 3397 1749 3028 35 24 151 3891 123
1720 4036 107 4864 133 65 3924 3561 90 118 2104 157 86 152 2036 37 149 33 1729 5059 92 51 527 38 1153 1292 141 2179 143 129 4882 917 131 5404 26 123 82 5203 4525 291 5189 2317 868 5225 218 1495 3962 34 156 148 3567 69 41 3857 4323 4395 146 39 80 48 1534 1381 6008 61 53 128 62 74 151 4258 3106
1967 1931 132 2642 131 818 145 213 5899 140 53 62 118 139 36 4521 99 128 2519 4272 3851 2297 3608 3820 133 175 2129 1837 1769 88 683 4806 73 4072 165 2782 166 137 152 3510 5143 535 42 68 106 146 173 4984 3581 4325 4641 34 151 28 82 48 3939 5095 123 1115 3860 3774 2706 58 2157 45 2797 79 1580 92 117
647 82 4758 3216 50 4549 1286 86 19 5858 1682 2229 48 52 1078 3025 28 5372 3651 26 1237 5266 101 3197 3080 2455 3750 1554 37 315 103 1357 98 2848 36 3714 71 44 22 179 1047 5715 73 4536 79 49 23 5261 24 747 133 2610 42 57 100 53 65 90 20 3750 60 92 5748 38 95 2460 31 3696 2099 85 93
2598 3757 3636 5761 116 1973 123 5063 102 922 3385 4575 133 1848 5641 145 63 159 43 3603 1189 53 2539 156 51 2224 4160 163 5263 39 118 151 5164 5130 3554 5448 73 4811 143 4284 131 70 78 152 577 4748 166 1557 4406 77 622 3470 1993 150 3363 36 129 45 4454 1635 161 154 1683 132 6005 91 99 149 175 92 168
31 192 1648 2505 181 148 2710 99 111 2490 1170 2518 4961 448 4155 256 28 48 384 131 33 2117 59 151 175 994 4555 32 161 113 58 127 169 2725 5150 53 1320 137 3347 730 11 5902 42 82 147 4882 2357 5901 4960 2152 846 2028 134 117 73 136 5192 170 3244 741 2468 149 3767 179 1565 5727 133 90 62 36 92
3792 2238 5117 4038 76 5034 1356 3700 61 394 5793 53 5856 39 4146 79 2700 4243 1696 92 772 2132 4466 64 5933 1455 113 4013 2136 73 57 2762 2565 25 101 1939 42 105 82 117 70 5532 50 28 912 29 102 1096 116 4628 87 85 36 4726 63 5818 4474 115 110 1518 99 4688 2120 93 43 44 10 49 4812 51 48
2173 6018 3855 48 53 146 139 2179 34 2618 760 147 4877 148 136 169 2430 3085 123 181 1577 151 62 28 2347 177 2084 2586 3010 150 2373 92 118 3524 957 3266 178 1387 3699 58 4348 31 2326 116 44 173 83 93 2920 3515 45 5616 192 4351 4917 1720 904 73 117 33 588 3670 2416 4540 166 3267 190 619 91 42 215
2796 53 136 48 2580 1220 218 36 181 166 4429 5390 681 3145 3439 83 131 4676 2724 860 683 3652 192 149 169 5242 161 147 99 33 159 44 117 118 116 176 1313 4221 2767 592 178 862 1105 175 191 1827 62 5389 132 150 1933 146 5224 1036 68 123 92 751 28 195 93 5356 4236 151 42 5478 1236 5226 148 2314 3232
2290 169 3654 230 149 1044 245 3310 155 156 146 3572 199 20 2883 48 2803 137 1716 3342 3975 264 1957 4056 1325 3805 3235 271 136 482 187 1432 238 4152 266 1477 1850 194 5307 166 253 126 4401 324 150 74 3108 151 123 1389 195 59 2449 3424 204 2813 163 58 992 4036 175 223 216 277 2553 225 4563 148 53 202 5768
2917 109 454 165 3859 147 34 1614 2867 1622 85 33 2455 166 190 135 146 151 4969 28 176 157 0 665 31 5680 1037 123 104 859 3008 91 5329 4170 1949 5364 116 2767 68 58 161 149 4252 169 36 136 48 2897 131 133 4469 3698 45 175 1457 5097 5749 120 192 92 73 44 139 118 4474 5419 194 4455 181 4055 3173
589 18 177 2110 62 157 111 96 2433 2425 48 4287 53 3324 137 5006 195 5313 60 751 44 3276 148 1198 5211 1212 4992 147 2630 173 169 4829 150 2272 118 248 187 3009 40 80 5724 59 417 3684 136 3204 4762 73 17 5312 2684 24 739 5134 181 82 69 688 820 127 510 192 123 129 2183 742 33 175 3466 2275 507
2958 4935 5138 4095 90 133 162 154 365 1360 77 157 33 102 76 150 149 4624 19 153 139 58 3892 143 163 39 1935 137 756 5290 1375 4427 147 5650 3038 63 135 4691 4433 243 169 166 2375 119 3246 2864 104 200 2724 32 4096 175 5685 53 3972 71 5068 5540 4220 5332 36 2877 745 181 83 92 4380 1777 4258 70 145
3470 2725 1484 92 3296 5844 6027 42 3766 5479 121 151 123 139 41 117 59 170 149 127 3720 155 632 62 58 4581 5565 146 161 2814 44 5164 2695 67 53 136 1650 157 3632 177 4212 202 199 3662 150 5985 192 166 114 5800 4730 5707 33 169 1339 872 1339 575 97 2321 1950 4909 3651 345 25 2780 198 48 5381 204 195
1373 42 190 149 48 49 2978 58 117 193 675 3073 2671 173 129 62 178 3793 2018 53 157 148 127 36 487 3509 139 1353 109 1307 1468 954 586 5620 3425 215 691 2562 151 4038 121 1787 3364 108 581 2296 1495 2564 1118 4081 165 5932 101 3330 174 65 179 44 1838 143 4139 125 118 40 105 73 177 4986 906 130 146
1393 2299 192 73 176 469 4648 729 4875 169 2065 2114 118 4649 4429 1804 729 2382 96 123 2735 3575 168 81 5837 151 139 4067 5008 58 57 150 146 91 208 205 471 1510 204 1439 44 5309 175 117 1456 5308 149 193 165 54 198 2521 4343 1692 161 29 120 84 33 726 2988 3010 173 1532 2352 88 2129 104 181 42 3833
2682 3243 186 149 90 3263 5624 140 77 102 48 166 602 83 1428 85 92 75 155 619 6015 170 5766 53 639 5922 3521 151 163 143 159 3194 3322 116 5778 1681 5502 39 36 2700 181 4162 145 2541 70 135 1143 1066 71 150 2242 5431 63 154 2928 1415 104 5473 4452 119 2789 5353 182 5525 5520 123 26 4455 2355 4474 148
591 3699 48 1955 6019 125 62 5009 5303 2784 65 166 92 5853 1502 3862 169 49 149 35 133 5064 118 110 163 4630 5537 1414 5211 147 40 146 3186 862 3793 100 139 36 58 5766 93 5698 4551 3240 117 131 4201 1690 5638 84 2354 73 664 33 53 122 2935 2002 2704 3102 162 321 148 26 5108 130 3542 4259 44 123 4764
1783 5014 111 3950 161 4173 26 82 123 5863 143 3664 155 132 2121 95 4523 2952 1805 65 1718 118 2837 4520 62 4382 148 2213 142 45 55 3096 73 5291 935 151 5921 24 1520 3030 32 33 72 34 48 136 96 3802 5012 53 30 78 5455 2662 3639 5398 1428 3537 90 134 2157 131 4873 2606 69 92 4686 157 4031 5593 2542
1572 92 3814 83 2384 1480 129 1239 4782 3153 3422 1474 1569 117 157 162 1391 113 23 2305 4092 65 169 73 6026 36 42 4252 103 1538 137 118 364 1316 3992 58 62 5889 532 835 93 148 5770 146 53 123 1123 927 147 428 44 153 3939 163 4079 52 2231 149 38 2382 3070 134 82 174 151 4925 3759 1553 48 25 5303
1303 178 139 128 100 174 118 6040 173 161 151 149 1162 733 5722 204 4698 1957 120 2230 3580 1615 127 45 117 105 58 59 3397 2806 5800 2721 4176 4768 72 148 2180 4781 3617 2210 852 1769 916 81 48 109 74 1840 62 157 169 4404 123 5771 187 170 2511 125 3830 1686 2166 202 205 2687 4905 150 258 68 1284 2807 54
3417 747 137 4902 1777 166 3891 105 36 151 1115 101 2855 80 17 4456 742 62 1115 72 95 58 123 401 76 4868 2949 1951 92 926 4348 48 149 124 53 1940 127 3868 146 4012 87 26 5420 129 69 4705 126 90 3268 2732 4419 4914 4874 172 33 5063 18 29 3208 4086 3821 3670 676 4200 147 133 117 157 2441 15 103
222 68 81 58 136 4807 2701 4334 150 44 123 73 4031 5411 135 4117 1464 3059 2642 63 152 4889 181 92 71 53 3522 36 2365 5149 145 175 886 5875 946 83 2269 122 2440 4846 115 134 2196 131 20 1919 117 149 99 4506 129 2783 2600 70 163 142 62 151 3394 118 169 132 1002 104 2592 95 1903 3154 39 246 173
379 130 5538 48 149 157 26 5200 92 156 1936 4506 73 101 3207 169 24 136 1503 4449 60 2941 151 127 163 100 1026 2444 93 49 4399 5826 65 1158 2503 123 118 6012 4225 1542 143 103 5417 4575 218 5363 44 3438 5975 34 5179 36 2207 185 902 4859 3234 1259 134 2236 3662 3989 3122 181 129 3046 3846 95 147 148 52
2705 132 190 3770 5515 52 85 2201 4440 173 4942 5802 1417 5708 3539 123 740 162 56 159 5993 885 2281 2248 5234 2239 1714 118 128 77 189 2186 4619 169 138 5932 5063 73 181 1378 104 116 53 1245 2817 149 151 150 163 166 3016 5511 4658 182 186 868 4019 58 92 135 1278 170 580 933 153 68 143 63 70 5734 145
1224 59 151 33 4988 1096 96 58 4428 2973 148 169 5056 173 2677 2948 865 1547 1687 5784 62 120 170 4539 123 149 2118 3543 4936 5506 88 63 4399 1382 161 5379 29 35 136 202 204 150 1374 139 1219 193 117 2974 2864 4380 3368 1645 99 190 3765 195 57 3049 642 146 1876 199 5218 131 166 1270 53 184 3692 1198 703
1583 1 122 694 76 58 3167 5881 177 53 99 166 147 485 173 73 581 3728 26 90 4189 121 789 3525 2359 137 151 1686 48 4107 148 4999 82 169 33 5690 1519 131 157 3220 42 139 1155 2815 3528 680 111 3004 49 175 2288 134 117 5253 44 399 884 5887 4513 2625 69 221 146 533 127 2091 136 5315 36 283 163
1526 90 58 53 137 4302 798 130 4037 29 4114 2639 3738 148 113 3674 117 174 5397 1724 151 1633 146 5670 92 179 5314 20 73 2978 139 988 3 4836 1937 4544 3301 23 5921 49 127 134 4813 6025 163 103 147 1456 2455 44 173 1150 2061 62 22 129 149 5119 42 4669 5370 2462 5006 169 166 2107 2922 36 48 1811 3475
3480 131 151 165 195 1104 1503 180 130 5868 785 2675 5596 3571 139 3957 187 1374 113 132 196 193 5507 5850 2124 4412 156 3042 138 150 2940 5671 192 1465 5083 4142 146 4348 3544 3343 821 5232 4090 175 2566 1009 163 169 4342 199 202 167 149 173 628 1532 161 197 134 2957 127 115 125 201 140 118 205 1360 4349 2650 3866
1922 51 1020 136 3983 1067 28 2160 118 169 22 123 3851 4940 1022 3407 111 149 2426 58 56 3895 1249 36 1418 95 162 2835 163 1029 5710 156 1888 3348 4579 99 26 68 5672 34 166 133 40 5673 2628 751 75 132 88 65 5726 151 150 644 847 1085 492 48 102 2839 117 92 45 3406 4370 1268 4244 73 78 157 726
749 5328 63 240 758 5487 5332 208 4729 1770 241 161 195 81 235 198 244 3146 4340 166 1664 1402 2375 4859 4805 170 277 204 173 232 109 139 2491 120 2206 967 169 117 3470 3973 4148 3082 149 136 62 4760 4947 193 2818 5651 1802 131 157 183 78 1576 151 1344 242 216 1462 102 4679 5751 205 107 84 2213 3629 553 2635
2698 181 147 198 998 5968 3869 48 39 4998 200 324 63 103 145 52 135 162 5001 379 1684 170 157 2727 4523 5126 3161 95 44 5844 199 179 163 65 116 1253 92 136 93 53 102 5080 195 73 188 85 389 4254 123 4258 117 1524 104 113 4398 55 454 186 101 576 83 3173 119 793 1862 4974 3776 166 397 3308 158
38 3314 224 522 3738 118 92 163 192 73 3397 193 104 1315 5729 187 870 56 202 404 4874 151 2637 166 4762 3300 78 3432 784 4512 45 136 235 4203 51 225 35 1439 2070 201 169 2235 1078 38 3157 5105 3914 119 2391 239 3816 334 80 182 48 2200 2333 2164 161 204 216 194 131 72 3069 758 5806 162 5841 149 58
20 192 130 2856 174 134 1321 3548 93 3075 111 5233 3033 1799 100 5979 60 163 155 5696 5238 1723 58 53 162 129 151 87 4383 743 3725 147 118 1523 1671 6001 5704 748 5579 103 82 187 157 1841 49 1603 1319 132 2674 4724 91 181 4463 3197 1885 123 5509 156 193 2325 3753 101 5376 190 149 52 2328 2590 169 62 86
1392 610 4316 146 76 193 163 1649 5935 150 92 147 1191 151 477 2031 2938 4423 4013 96 50 1497 2114 187 3115 4247 1061 4041 1200 118 5229 133 190 38 3090 5902 148 169 184 197 195 807 5926 123 4775 157 5410 217 3011 1664 3790 36 5001 1334 1550 53 82 175 149 192 143 1268 99 58 95 4722 142 183 4313 161 156
2803 133 57 5512 5169 139 3133 546 882 203 198 5055 120 2292 3823 148 5424 147 235 3756 48 3739 6019 195 136 305 5818 152 3441 2867 3939 3568 68 175 4391 132 169 166 1479 193 2401 5662 1136 216 721 223 1363 118 2197 5358 6033 161 173 117 192 190 151 237 236 58 4609 1890 96 179 1166 92 224 123 5366 5564 5632
587 4941 6034 2664 2647 169 65 51 114 117 4010 139 162 134 38 2313 3876 48 1662 1929 168 92 105 99 45 156 5264 1659 144 119 4756 5344 3058 146 2311 178 589 184 112 2317 5098 183 131 132 1288 3515 508 2680 3880 26 192 175 5262 4501 75 3108 995 2241 78 6019 36 2762 157 5194 394 136 53 334 93 4920 56
2405 711 176 500 44 4171 101 4135 5700 42 1582 4603 553 148 5118 59 38 132 2040 195 4572 169 151 123 129 45 2528 5622 100 37 36 149 2292 5802 1641 109 166 181 117 371 139 2026 118 1744 3533 5276 488 199 4524 58 4703 146 48 50 65 3882 4241 40 4215 1800 47 6002 4093 157 2809 173 5987 2691 62 175 130
1219 689 873 193 3266 5532 3299 58 1831 204 202 1344 5 3440 182 3927 1173 44 168 198 208 4761 48 59 151 117 709 3794 3323 5315 5792 65 260 5844 343 62 176 4301 2412 245 129 226 216 169 5415 231 251 181 130 122 105 146 242 148 174 6029 2852 928 212 132 2657 1327 2426 2204 2658 118 4435 149 126 4142 2634
732 134 40 33 5835 2770 4801 3120 689 48 149 118 2463 29 2798 87 5017 123 44 73 5841 166 42 4777 4297 3233 871 143 137 205 65 497 3587 122 92 2688 129 2292 318 3210 151 2516 163 912 3846 49 1575 157 1443 3028 3240 3423 52 1233 93 1 147 269 103 36 5219 2173 127 169 82 89 2086 5728 95 148 62