96 111 205 782 1750 1402 195 1565 71 855 165 531 98 870 266 263 132 177 114 958 1277 249 55 175 489 259 82 168 118 1296 482 94 119 152 85 105 115 217 510 252 334 1181 1334 526 87 62 1248 112 1077 248 423 1195 508 408 789 230 1126 107 1444 96 1403 241 199 243 1430 1084 1796 1439 256 218 1310
36 281 280 204 305 1754 186 367 311 451 176 166 93 221 181 1257 546 96 1566 173 269 149 183 108 272 730 249 161 1318 58 79 231 150 233 260 1408 224 242 1623 69 1643 80 199 1827 1819 1722 258 1353 60 1303 897 172 622 66 266 134 174 1661 48 1513 162 1525 182 307 265 488 1425 1837 174 219 47
46 889 321 1034 145 232 771 221 304 984 1829 1553 367 1063 266 227 342 864 192 1439 98 738 184 344 162 639 421 317 276 295 320 1163 997 333 1863 217 1489 1473 1157 903 1832 372 185 363 161 755 149 133 17 73 291 847 292 111 1066 309 303 160 1787 92 106 863 1467 427 435 1462 85 206 275 199 1734
55 898 378 199 920 62 1515 246 1137 186 321 964 330 278 457 53 351 66 65 337 304 846 990 359 98 159 275 1386 85 208 307 327 165 146 227 266 150 291 280 132 95 911 1720 1321 1337 1827 356 1106 282 984 206 160 243 1804 701 379 217 75 871 758 220 1850 846 915 940 1181 738 161 595 94 1734
87 237 78 481 93 216 140 124 318 239 294 474 1584 200 330 195 211 338 139 370 126 264 1820 213 229 91 1733 1793 128 930 220 127 251 1540 301 207 867 934 883 1196 90 143 263 1519 1430 185 85 1231 64 916 214 137 256 166 234 1340 1610 105 130 797 225 1252 215 51 1485 320 528 1053 210 1099 83
52 263 120 291 91 996 479 32 1250 265 773 184 199 260 234 152 1619 1257 436 1021 27 105 172 290 175 266 757 227 944 102 104 1205 1699 271 107 197 220 255 179 1492 980 90 1092 80 236 196 1644 1695 454 272 546 52 145 44 111 166 1023 1285 149 1863 183 1588 100 160 163 96 311 1344 1016 59 113
118 244 818 147 230 1248 866 437 298 322 920 875 227 120 1593 1865 499 1189 727 184 310 118 1725 211 125 116 345 142 1183 291 191 189 132 127 262 492 392 311 168 257 195 197 787 601 283 174 223 1199 643 1462 1819 282 121 178 290 940 330 113 705 1054 337 205 114 177 352 378 702 1486 1082 338 266
79 233 195 139 120 127 205 319 268 314 602 1294 256 1611 1581 247 993 1638 229 239 1449 145 123 1487 55 301 1628 230 927 42 820 305 74 227 1536 1337 157 147 508 886 143 126 128 1675 1172 44 1504 210 130 160 720 1676 330 1236 1798 105 163 140 1309 182 75 376 187 43 151 251 154 1727 207 325 146
105 260 453 431 473 309 232 404 1453 183 1075 266 353 915 321 108 227 455 485 839 486 104 62 1407 1682 442 1748 256 133 638 810 761 300 276 1355 184 1819 450 27 1485 1269 507 12 221 162 0 454 488 444 479 608 619 388 165 475 399 344 912 1563 430 206 303 1807 161 1145 441 85 1558 1039 1358 291
74 462 140 46 1376 147 126 157 972 436 282 83 1523 625 325 130 264 741 216 1668 50 860 68 459 90 195 762 210 298 1638 451 13 88 59 391 1031 1281 1285 1595 1644 152 304 1335 336 664 218 393 853 1820 369 1434 1295 383 1528 532 1482 129 234 920 239 44 51 410 91 375 141 475 225 632 571 370
47 424 213 503 1160 402 1804 1278 195 478 211 571 1666 291 442 330 321 205 1008 140 79 607 487 536 456 275 121 469 485 1055 802 230 505 443 415 682 455 1705 227 479 1113 644 566 147 1443 342 363 834 369 550 1664 952 374 451 590 1632 1251 1203 250 1094 1528 326 511 500 301 191 25 582 1410 373 1243
80 1551 976 443 327 68 223 881 1761 737 215 414 192 893 399 463 360 64 137 394 314 1038 1848 291 1003 120 438 1516 126 330 376 1139 807 395 1268 440 130 282 93 913 266 298 1207 496 261 1378 417 315 1283 499 237 357 268 652 1490 495 345 286 432 1181 1100 1141 953 88 1263 202 373 1662 1618 144 755
102 371 266 887 1275 337 268 396 1634 1404 117 493 1113 147 558 658 199 280 245 263 135 175 564 1311 374 1624 385 1699 235 1811 1681 1859 160 615 1040 1606 270 917 480 241 518 426 555 462 1704 362 570 673 282 1601 357 346 469 162 1635 399 321 145 1365 1756 488 552 265 1499 448 322 663 1842 444 342 543
127 93 873 195 317 383 31 1768 323 447 634 175 1351 1545 436 294 301 1161 385 1368 884 264 475 691 1415 379 124 783 914 131 1730 329 815 1645 353 1800 1748 1042 1850 1681 375 391 217 315 593 211 140 126 1677 382 1028 611 137 90 278 443 1854 1387 336 439 218 123 1279 853 1098 291 507 463 369 1300 304
133 140 330 101 118 40 347 400 1013 889 184 1281 912 259 1615 355 160 778 239 1858 119 299 276 776 392 227 0 505 135 95 1497 336 616 445 384 1787 98 86 149 530 762 130 1345 266 1035 849 696 922 263 466 264 314 938 1058 345 246 1014 987 842 640 905 1005 1081 1419 327 282 326 91 427 195 840
185 1187 1109 329 934 883 305 417 356 22 436 1603 233 156 314 302 1756 888 438 83 464 384 1322 239 210 543 1576 229 118 459 807 151 381 190 1539 268 123 1809 1678 469 129 68 370 385 328 394 606 1382 128 282 1299 456 126 878 868 373 11 478 38 107 1015 90 430 369 1227 349 1381 247 667 1238 1758
109 310 166 464 269 149 507 46 177 426 660 579 456 281 100 578 1050 254 109 559 573 379 431 184 475 876 1446 453 224 162 904 1790 327 319 260 419 423 342 1289 1766 1772 222 574 296 555 568 741 282 221 592 235 1508 500 206 1786 1050 922 1385 1424 596 467 562 1453 641 295 364 265 153 100 351 1523
184 452 709 361 356 394 1853 1178 1288 327 207 1095 247 1090 343 239 127 1394 459 323 549 411 1173 1650 326 874 417 822 1737 251 536 175 210 126 268 691 1355 478 1691 492 1132 473 1160 329 469 328 1691 466 458 537 233 1192 290 1464 370 1713 841 96 2 622 385 316 413 296 305 211 820 1351 151 1857 366
254 1273 880 616 544 405 478 369 142 581 124 1077 256 604 1201 1447 129 1521 1685 217 432 761 756 306 1148 385 193 1665 303 1801 1042 447 191 367 592 370 480 458 468 127 774 1361 128 1241 599 632 449 242 210 30 589 239 649 140 1053 570 466 621 186 1015 285 499 1841 1084 470 631 576 1055 355 1579 196
78 229 308 138 1189 466 1754 1371 553 492 288 326 1215 1040 517 214 1032 356 105 38 78 61 1594 1754 1806 614 417 328 674 342 447 305 878 147 590 519 199 685 469 247 927 51 847 340 669 385 629 1133 266 205 536 275 337 362 1705 1587 1467 145 647 468 1706 1211 577 455 587 1085 1219 1083 985 678 668
135 391 67 1289 90 1238 492 998 375 621 329 1206 797 1220 495 211 127 922 70 885 445 1057 314 210 1692 606 767 467 1622 482 128 1267 451 1776 935 279 631 499 871 139 251 487 63 282 1797 229 215 82 489 1497 804 281 301 762 898 353 123 438 1450 327 1060 114 1736 1151 17 568 360 1508 587 286 126
126 545 1820 1351 572 504 592 505 443 424 1679 359 279 455 220 441 435 571 227 857 21 1002 516 1340 694 557 214 240 498 379 645 187 431 864 496 310 1693 721 1324 610 1350 1634 1359 480 331 680 164 1771 1613 356 1169 175 601 1408 515 213 1017 173 738 1363 432 315 464 158 147 777 1051 1625 461 423 297
134 636 1496 1610 799 210 975 599 663 234 432 944 321 1059 229 462 1812 398 174 820 1834 1603 507 422 679 1595 1520 701 307 1050 350 722 301 385 384 336 305 376 382 346 255 1161 792 263 154 1518 684 58 314 421 237 808 718 776 83 1355 391 1785 369 328 1603 1568 743 763 144 742 1452 616 439 1217 571
22 254 1594 873 768 1783 1301 153 1477 526 523 1033 782 692 690 64 1278 243 409 1075 1626 842 783 1390 708 740 718 327 563 787 508 1048 503 966 50 501 522 831 297 564 1446 746 664 633 1173 839 345 576 702 910 158 407 940 1034 638 529 1228 210 935 258 75 287 289 994 296 596 21 637 902 605 349
187 331 975 161 578 911 707 477 162 947 1427 491 713 1836 882 733 320 934 1488 481 1022 258 638 275 627 1827 743 770 447 311 699 1564 164 1808 771 954 695 948 795 883 1070 706 956 839 192 836 400 1513 1835 280 802 700 1745 1011 562 789 1760 224 693 1106 622 721 1241 1252 505 567 95 563 332 430 1659
210 662 913 285 766 1418 824 670 918 301 295 687 177 806 693 685 516 214 903 185 1691 442 424 1315 704 511 473 582 475 476 701 771 323 619 597 724 80 234 74 287 541 376 318 1213 298 375 180 331 751 230 1071 659 838 1237 374 400 487 516 270 741 338 1727 538 1448 235 1084 1019 564 269 1235 577
863 384 975 692 591 34 419 307 536 382 868 1236 1699 795 442 842 291 966 1469 321 37 1649 581 1109 296 130 276 1131 1790 109 929 1309 447 964 278 883 925 1443 1685 794 1057 826 424 664 1761 807 58 1170 1007 1074 344 742 599 1291 324 1018 444 869 1199 1819 250 1611 455 994 1182 1050 1763 323 403 1080 1367
66 482 591 1361 494 460 261 831 1791 594 1121 819 585 663 164 677 210 308 527 143 513 451 253 988 716 443 266 279 1106 694 1431 557 857 325 804 539 489 752 1227 500 645 1621 666 452 856 1499 1048 1251 334 124 0 152 730 1070 1407 467 230 1136 586 536 838 897 496 264 698 768 774 733 1458 811 1468
75 748 456 784 163 422 1627 581 273 659 326 766 225 439 463 307 338 491 391 1042 557 785 237 454 269 663 397 369 628 442 394 1323 349 495 1271 650 700 606 716 355 195 1152 279 1782 572 282 191 458 387 1198 1027 1543 248 341 641 151 1652 792 1535 801 1044 1595 636 139 207 1102 383 759 783 831 583
98 1154 1130 394 621 405 54 246 1238 233 264 373 260 1392 151 119 385 1326 432 223 384 306 719 282 314 438 1021 215 692 302 402 1854 329 360 1709 831 1595 229 1595 256 633 1472 588 710 1868 1525 78 452 60 792 626 129 1536 668 134 904 1148 871 1596 139 308 1682 1343 356 138 211 1544 1234 291 130 514
107 1089 40 1139 1074 416 421 475 1414 317 724 1040 1184 687 529 1067 424 1041 161 1037 52 1214 882 464 1118 986 1767 165 1025 983 1862 562 1651 1221 794 1250 327 1161 604 649 570 1456 126 442 781 748 839 266 1801 563 852 709 876 578 890 823 250 746 1842 608 1474 421 729 900 519 543 1296 218 377 1489 595
137 698 1564 750 151 1568 1570 910 779 327 358 1858 233 44 203 447 302 776 459 1111 322 298 793 1627 528 1337 1110 648 816 1389 699 247 149 539 880 1202 178 956 1016 530 597 259 489 181 866 700 152 482 1377 638 307 622 830 193 330 226 716 714 1748 286 783 686 1729 349 727 102 272 1275 1853 491 831
377 264 1205 130 784 971 1246 1484 691 242 499 815 1535 755 708 1798 542 1657 327 211 1023 785 1188 1507 827 727 1794 300 251 452 616 1086 679 436 199 307 694 583 268 1758 864 164 1044 653 247 606 1575 1016 669 155 1157 897 677 599 1411 256 651 29 986 1111 349 143 496 229 336 362 1194 385 369 908 154
72 1325 1470 467 304 619 801 226 719 1624 514 832 193 585 92 495 749 1114 526 152 387 1057 575 100 123 1449 682 934 88 732 325 988 117 883 622 1080 161 280 751 957 1646 1435 557 643 353 459 1660 587 229 215 1376 286 375 1280 496 1704 1867 581 783 671 772 599 360 394 129 1608 784 631 1406 730 1116
77 760 810 520 1382 1033 353 852 779 463 286 857 523 598 636 1700 1042 935 632 774 261 115 1375 225 1033 1366 314 874 1317 389 806 801 719 1349 900 652 215 1246 375 205 213 1308 1459 784 307 1371 872 538 448 255 391 264 241 251 1014 809 443 856 794 329 568 298 1338 732 360 1554 1143 1746 783 216 648
171 462 780 520 195 1072 546 384 855 231 809 363 321 1492 1589 1480 624 407 278 127 622 606 336 468 115 1703 436 712 618 143 763 513 394 1256 1030 958 360 1209 1283 325 1232 803 343 530 1851 1669 910 782 310 260 1122 251 849 1806 926 422 1427 385 959 1398 587 1096 466 473 102 200 747 234 570 305 446
190 951 834 549 987 519 1151 751 731 277 270 1651 898 658 118 762 580 935 870 1302 389 781 114 1679 97 1655 335 617 246 276 1239 431 168 1243 1022 259 697 787 1386 448 728 599 453 975 794 346 556 36 441 309 1187 57 430 46 1044 301 757 852 492 221 703 666 267 388 598 991 317 573 996 1115 974
34 770 761 1149 411 765 1446 730 58 1868 820 559 784 173 103 156 809 506 1813 567 1729 416 260 204 573 166 209 800 1834 113 45 80 219 1626 502 574 741 211 1481 555 593 1024 467 1830 376 1815 1826 1338 428 1034 812 1398 176 818 1017 930 1770 931 456 545 224 269 676 220 791 1230 479 749 725 1018 99
130 626 164 499 881 629 1166 1002 955 595 438 729 33 126 960 432 240 1699 647 7 1581 135 687 389 806 1028 789 666 698 721 286 743 314 1792 881 302 247 1036 870 1066 636 979 614 482 370 1837 1611 547 1644 616 1003 949 90 601 598 803 1191 1047 1395 1184 1016 715 1481 127 669 1738 890 250 144 948 76
132 1472 130 1365 1466 674 1014 1115 513 249 13 1536 1404 1536 233 1072 854 1528 705 965 715 564 1075 1398 999 1028 831 459 1210 909 192 1754 1861 730 907 700 622 874 215 934 1070 1866 530 910 861 517 1029 304 821 605 587 617 311 793 1017 1745 637 1263 1620 495 1196 1485 1608 476 785 626 740 1616 869 839 1685
196 351 689 279 539 1067 386 1385 85 642 661 952 1511 1854 692 408 276 1558 124 1004 788 1068 1544 1466 465 711 1823 205 627 402 66 746 847 311 776 288 421 721 1160 644 576 145 177 873 739 837 341 1088 816 24 426 907 1134 770 1014 1114 769 1791 1369 1056 1060 998 720 365 1807 342 415 980 762 395 855
267 1546 753 678 1064 1546 757 464 708 399 382 667 764 651 363 466 1424 284 492 70 326 827 130 1024 799 855 1564 1035 794 932 1648 1610 1223 595 747 1082 1005 417 406 306 219 962 803 1075 878 294 882 239 868 742 1718 826 1281 590 800 313 862 1292 926 390 668 604 337 979 908 523 884 1766 1835 1673 504
24 523 247 421 835 317 88 100 571 450 1013 711 605 644 825 1323 1239 1072 1613 1291 1820 452 821 578 718 202 983 975 746 638 21 1597 1439 500 664 1442 617 235 477 484 377 311 497 125 60 395 1558 406 174 152 882 181 1248 824 599 864 1850 225 1057 591 1488 226 564 807 32 503 1766 173 409 1645 588
42 506 765 423 1255 929 800 1407 1219 351 1013 1477 1860 231 1137 820 510 345 538 146 632 934 461 788 113 812 274 376 224 962 532 105 167 208 574 1147 986 250 1607 777 166 666 1698 475 438 141 508 998 676 411 545 271 299 415 435 601 753 1238 516 590 559 1292 416 895 727 156 219 1291 927 1583 1010
131 999 164 876 1163 1466 210 282 1262 9 1358 1074 207 1183 1084 793 229 563 1018 995 272 443 277 84 860 622 1491 1430 259 462 611 663 593 483 929 634 1377 1011 233 1323 255 1022 50 520 564 824 718 449 576 1347 447 409 1180 327 1133 1070 790 640 385 1662 604 268 279 1409 1004 1113 1274 730 1788 377 621
155 189 114 769 1060 998 888 132 614 1463 311 236 1681 1642 394 1087 93 850 491 1669 101 647 847 106 368 318 995 526 1275 770 332 999 465 774 819 573 35 899 855 907 1555 1416 270 1068 421 108 5 725 110 318 1093 395 426 137 408 386 454 424 283 692 968 89 333 664 720 294 334 449 1707 23 341
237 1861 1043 152 292 256 1185 550 1071 402 286 1072 1237 564 777 910 1103 1014 831 234 1692 206 226 938 1402 1348 149 1604 113 1501 738 1028 467 548 207 1068 829 909 1040 387 637 1105 606 821 784 530 1471 176 1369 1178 459 1693 504 514 1497 1606 1549 1360 301 622 296 304 999 929 627 572 1361 358 663 325 1265
81 1299 514 1220 876 314 137 174 386 1014 229 1551 262 1334 1178 328 52 706 389 613 909 542 631 445 1004 1174 213 1235 463 175 1161 960 1110 801 648 1009 215 121 1158 821 302 934 216 1010 221 1229 1149 1343 299 294 195 789 659 102 568 394 429 1788 1019 367 353 1173 475 669 831 1646 360 661 494 809 152
41 265 1048 8 515 669 920 795 580 522 773 195 1522 1074 379 698 497 690 1474 463 1274 645 1109 548 315 583 447 846 174 310 259 635 578 1269 263 1238 235 839 582 727 709 242 1539 375 290 543 1413 276 246 466 928 848 300 215 181 355 625 105 785 982 777 1208 1256 304 249 1013 900 1094 237 962 1396
286 1775 1487 574 740 262 1068 1157 576 1036 1006 1122 1675 770 1116 952 607 1265 242 198 1176 503 1711 265 1477 1166 601 800 834 593 375 332 1152 772 245 651 188 1490 848 1022 1474 435 640 205 328 692 905 1513 1142 421 1217 223 36 1827 1095 1332 705 338 788 226 453 907 929 1121 612 1049 1503 600 746 844 1105
376 1291 507 716 1275 469 649 789 939 223 536 298 944 856 894 970 468 237 883 1077 642 650 708 1226 825 1828 499 477 438 217 724 241 286 947 330 1383 546 698 648 432 545 322 595 1654 938 793 903 647 1572 104 826 1723 187 394 210 1779 383 1665 920 501 340 1046 584 766 1763 688 234 497 338 528 1444
445 1822 1829 535 96 447 253 724 482 196 698 536 392 703 523 446 1758 197 181 949 1046 869 996 1499 1317 410 464 633 612 495 1781 413 519 988 346 706 367 1022 525 676 1805 500 707 254 281 1187 1389 88 882 1413 204 484 904 1000 74 1161 817 1854 605 1214 533 1225 598 1388 1674 577 458 1442 202 283 614
53 1148 762 347 1573 998 806 1561 768 1094 1045 37 892 865 1603 477 1742 1523 1507 110 888 1505 697 1286 268 1868 296 922 341 699 1017 103 274 1731 1211 1374 1041 814 1129 187 1213 1434 1008 1834 529 131 525 1146 579 980 408 396 1159 757 1195 705 1151 640 667 1776 1088 1604 414 112 1117 47 1128 1056 839 1100 780
538 1210 602 748 1116 389 468 1302 780 349 1260 114 789 1128 1021 1417 1857 416 1007 745 455 1533 192 261 601 485 496 327 117 839 849 879 1830 999 995 621 1167 1364 330 1809 1226 394 492 142 1246 1317 631 750 499 558 939 880 1212 742 608 575 385 1173 921 530 1420 1742 1850 134 790 832 949 462 1244 417 1277
104 699 1239 446 427 784 381 1525 384 224 455 933 813 251 983 1237 1067 626 447 412 32 821 767 393 1384 359 975 1229 1080 332 969 1437 1638 1435 503 1071 1315 1317 1087 1711 869 277 858 622 501 411 253 1243 617 1022 1318 1146 319 1754 609 1323 343 1274 768 1556 1093 1131 402 1043 505 470 700 1074 421 199 994
115 939 1462 313 514 648 927 353 653 1023 562 557 366 738 1052 1059 310 247 264 26 975 837 730 595 512 516 1210 1828 629 606 191 1484 984 810 409 225 323 843 1113 1050 1503 195 134 872 877 1033 214 277 933 369 549 1103 741 1827 1031 1861 1735 1812 138 809 546 612 698 1083 797 88 452 969 1035 325 659
159 573 1159 1245 829 1859 1180 1851 6 933 426 1106 679 692 1375 1499 984 281 221 1549 538 274 175 291 383 1680 921 898 1404 824 721 1200 1214 1811 1195 905 156 1533 706 440 388 611 939 1270 477 1852 1258 1135 1218 950 452 667 1066 958 952 922 158 149 244 1257 762 1266 712 171 254 1795 133 525 150 648 780
141 576 1120 696 1812 47 592 632 1809 1067 1213 1390 621 1182 1266 1102 1252 1216 892 419 846 1085 1148 1073 324 1334 911 1358 454 1334 486 388 1599 682 985 368 2 1257 1853 828 506 1057 1089 804 325 990 801 589 853 927 1802 266 1366 1146 1221 1260 697 579 238 393 1673 1714 1371 1316 1032 757 481 19 1574 984 418
165 1273 984 940 1218 1471 1769 1251 1616 1161 1594 1215 1503 839 1664 1165 1116 1541 820 922 576 1095 1308 1237 1595 885 882 596 1276 925 515 1180 1046 706 1650 1251 611 1696 945 367 1017 1509 642 1472 769 1008 27 1320 1171 1139 395 780 1172 679 1475 961 1159 889 491 1150 1120 166 854 221 593 965 1068 478 1782 1257 1189
119 1832 1198 1012 1664 1572 791 1543 813 1273 481 682 1847 342 786 1324 1817 292 532 1537 943 1006 1698 602 262 657 252 816 245 1074 1208 127 458 385 602 1665 1835 161 1408 199 992 404 880 67 968 1230 834 1793 751 714 569 1582 1762 393 817 1106 818 294 1368 1079 177 1061 400 609 1082 1268 132 704 1020 1511 417
111 475 165 431 100 132 184 573 1180 251 114 1249 1257 629 706 867 412 1231 69 1218 611 762 246 427 525 1074 948 479 160 291 1045 1815 1073 825 898 1096 721 1017 119 780 1032 195 1244 989 221 1060 128 199 1076 1159 324 852 310 1131 882 1396 87 408 1534 1575 1319 1726 576 437 354 917 952 643 1245 1602 851
206 1294 1662 394 1457 627 141 952 298 3 1083 1005 240 1299 482 36 547 1075 1151 1131 1262 1022 700 22 251 806 1634 188 549 1695 719 239 845 598 976 172 629 929 772 949 1263 1496 460 1253 546 793 708 253 1023 988 595 950 199 151 473 1159 1241 767 170 1035 903 492 995 1047 1796 406 1726 607 922 1625 1206
221 1235 1814 834 70 405 12 1123 24 246 1444 1182 1587 978 177 941 310 473 1440 741 251 523 1671 573 409 1190 526 852 1510 1039 858 710 283 1106 692 765 174 490 1726 1171 935 1542 524 761 407 974 1134 1083 658 899 1855 1524 1042 696 1086 430 794 642 221 158 317 586 108 1724 74 993 157 1133 1151 814 1786
242 551 113 399 798 159 1116 1020 510 132 147 27 50 717 759 1012 198 290 835 848 1232 544 1392 537 1138 96 489 975 1855 1103 1756 1188 1313 218 1696 945 889 1157 488 351 401 1442 1434 1062 1765 45 188 1533 272 1444 954 1576 1219 479 346 674 1835 1723 285 1868 506 669 898 170 423 744 846 425 824 676 1205
235 1559 640 1021 861 447 1844 1126 803 1400 1780 1372 297 1780 990 1686 906 788 1579 486 1415 320 372 1355 1046 1623 1195 1493 1385 1099 1501 867 1517 1832 1578 1810 1080 687 446 121 1224 1094 1404 1560 388 780 247 1148 875 1603 1227 978 982 531 1511 1524 1057 693 380 987 1414 130 693 260 1001 550 878 845 705 701 576
391 855 447 757 1648 1780 586 1386 787 1191 1406 664 463 1850 1326 314 485 601 1246 556 110 980 1171 1525 796 242 1172 1400 800 1377 1256 441 909 1074 1057 543 1165 1330 650 931 453 1788 834 706 1693 1085 1266 750 712 867 1241 1435 305 1808 276 1688 1374 131 658 476 687 1064 1059 526 98 426 176 580 710 1289 672
293 174 982 819 1477 291 807 141 633 1112 1273 563 319 1243 669 442 274 360 811 664 762 562 975 332 320 671 728 706 773 1057 289 834 1838 441 523 1550 926 993 673 164 317 1339 147 1317 431 284 1087 751 374 979 954 1260 700 503 183 306 852 899 778 323 1305 1309 87 184 753 409 685 655 1475 1156 1409
35 961 758 754 503 723 1224 769 813 889 333 1120 998 1704 1198 270 1172 666 1241 1448 1778 1231 679 1212 1551 184 1569 155 1008 1445 140 1139 339 182 1031 469 37 421 386 921 1217 459 1180 395 1046 378 555 898 709 99 745 695 1403 1302 311 1189 1057 627 1165 1314 642 1870 541 1068 1611 151 1130 1228 596 1704 306
45 1550 1575 914 1214 997 287 485 771 844 237 1311 505 538 1153 1546 1042 1067 760 919 638 847 1507 993 429 914 543 1171 899 220 1119 1545 1502 1121 549 712 358 310 1446 1135 563 1610 156 1075 269 441 975 1748 796 1372 658 1371 956 521 575 519 982 565 362 1747 979 1478 158 1266 442 1658 60 1286 1131 1743 163
250 717 1478 263 309 816 1548 1272 769 1640 595 466 1166 624 571 1089 1037 1836 198 217 1154 166 680 1105 577 683 393 1209 1225 1434 1254 389 551 666 423 608 791 985 268 1115 615 601 1421 597 1244 735 231 652 299 984 1748 661 1685 1140 1241 654 254 351 1623 946 607 1364 658 89 992 1266 1835 1514 219 435 1644
117 1254 1423 1072 1014 832 1180 645 1603 553 828 1221 1084 489 1227 1154 405 1005 927 375 1114 1367 1436 282 975 638 379 780 1102 446 1285 1213 945 1688 1253 659 156 135 1240 1070 685 1192 1178 727 716 562 626 836 388 529 1454 1818 1432 1654 938 991 1102 1358 1194 277 880 1274 25 1075 106 1833 679 800 508 463 1222
128 1448 393 396 1513 375 650 1714 339 1422 920 1548 746 1415 905 1756 1259 1474 1228 743 1446 1071 1634 785 772 598 458 1460 1774 613 647 115 1541 949 407 1426 306 1184 286 866 1345 294 62 853 944 874 381 1782 298 1739 511 1561 358 1552 519 1318 528 861 488 1016 1008 1066 266 1141 7 1224 435 991 524 711 568
223 1304 850 1767 1171 951 1139 1494 448 507 1836 841 277 1019 803 534 519 1082 1180 791 1414 1456 557 1350 1496 407 1476 1067 1376 1269 1112 1345 1519 927 1336 842 1080 888 936 1861 37 845 810 1472 586 343 1114 585 1764 502 988 1806 1083 1231 664 1554 1199 1349 873 523 922 262 704 1443 245 1450 1259 1439 1541 762 898
295 728 1672 617 686 451 1076 664 989 756 1452 1104 964 1233 563 519 1676 706 1508 366 266 656 471 1032 1363 904 431 733 274 956 607 1280 1048 1345 244 1436 1339 1238 710 123 561 1117 1202 1195 377 908 492 1227 1645 1315 408 999 481 770 868 1309 1324 579 912 1525 898 758 84 1187 1007 696 975 605 1638 1669 1060
73 1594 779 1362 1786 225 1411 360 978 938 931 1194 803 251 770 49 719 1065 656 948 1579 806 688 960 528 699 1783 229 1300 487 314 802 1457 1614 596 1679 578 279 1215 507 478 607 1695 1395 1391 846 1375 1106 33 839 1174 1372 832 646 495 1152 449 389 1287 616 336 484 1694 239 1267 801 831 553 353 710 897
136 1384 298 779 1060 213 887 1541 1535 703 332 646 1318 1012 8 612 1376 393 328 1574 901 711 57 1552 1248 715 1768 396 1599 383 373 1033 932 621 520 1238 76 1774 1099 1412 1483 1074 1421 874 1346 584 1399 1207 1324 944 1116 1375 1401 894 561 294 798 1612 29 723 379 1031 1023 1153 281 1302 804 941 912 1699 1513
275 1738 869 1707 737 935 1819 1060 490 670 1838 688 552 696 697 128 734 1091 471 899 164 1669 1276 1476 1155 67 718 1339 366 1795 1031 983 643 639 377 1441 1189 599 484 1038 646 658 405 1301 1037 1215 764 1016 1052 270 334 612 549 973 1469 421 1510 518 446 871 902 1590 676 544 523 703 535 1056 127 755 964
325 537 1069 1202 35 682 623 25 652 476 297 539 683 1637 1277 1021 834 1300 350 372 187 232 1709 1641 1132 1493 1086 324 167 1175 100 393 151 466 648 885 733 510 836 1331 820 1796 624 1034 850 213 194 1211 280 1153 959 150 450 1848 185 800 349 323 207 1821 1445 777 1627 567 365 551 318 1097 1356 1510 1778
442 1685 554 335 1562 1042 1308 1001 1455 611 515 770 893 1389 810 1526 1574 153 60 1243 598 792 475 670 296 1647 1477 676 359 528 252 1372 1249 645 1832 572 895 674 651 484 1366 934 108 54 306 468 1384 782 1038 551 1524 533 1001 1257 354 601 1044 1211 740 181 423 1080 393 929 429 907 1798 1385 314 330 1561
399 1370 478 16 1654 1406 109 1185 496 721 878 349 731 1101 1267 727 1169 307 1057 722 603 838 776 1375 1404 1329 1569 972 1522 992 1171 301 1127 584 1332 855 1470 877 1373 1665 630 837 1358 120 1663 711 1083 1861 247 1249 1232 1049 620 916 23 1446 974 466 1293 1674 663 33 276 297 1243 1503 306 1652 104 1575 268
560 818 457 1750 1498 1403 774 814 1283 1129 1504 1244 616 303 468 1420 1295 492 1305 760 1375 383 1396 1065 824 482 1644 888 460 557 668 1325 1461 776 197 920 559 387 1292 429 304 486 546 1725 615 811 960 1805 621 967 747 1698 1352 618 1457 1069 1705 987 701 218 1181 422 827 884 863 794 1785 1560 1297 969 532
776 550 611 1141 1567 945 1375 1611 1006 77 1044 1069 570 662 88 1465 1772 1290 840 1815 67 1843 459 1779 67 1437 311 1228 1621 1265 1673 1472 1667 1372 1686 195 546 1190 1552 1212 1365 440 836 1050 403 628 513 1200 700 1676 106 1395 690 696 1273 1357 1698 776 864 1292 1554 483 112 639 768 1582 1233 566 1626 1029 485
257 442 1543 1306 1041 423 660 1276 639 1263 397 1784 633 1837 718 757 1169 617 1092 1630 935 847 573 987 1301 519 67 1346 208 38 910 243 1334 943 1379 1859 1356 1205 249 1188 1292 1456 1018 917 1380 592 446 1093 398 1759 23 478 1761 646 1123 523 1246 1190 392 1639 395 1355 176 194 630 364 702 418 227 254 563
302 819 96 239 685 252 1267 118 487 1156 987 573 1240 1745 1253 864 511 448 1481 720 1360 1165 403 1297 619 473 1554 1050 1695 1 171 1007 1789 935 862 257 945 474 598 1236 1294 493 1826 363 1476 1348 690 1807 1482 550 1069 1273 918 1379 1220 776 362 515 1473 136 1039 1630 506 1179 837 911 305 370 840 1796 1232
361 1101 1113 1293 1552 245 567 1066 53 605 527 1551 667 1835 789 802 564 1238 1074 678 667 1076 675 999 699 975 1147 252 1260 506 955 1010 712 1116 1199 437 1223 41 1334 266 1524 396 1746 370 377 1192 617 886 959 1219 1566 1298 1203 243 1347 718 1048 730 1286 882 530 358 93 245 382 1489 468 563 1449 1014 213
110 238 1325 1836 1649 555 838 816 60 297 1131 1146 118 602 1651 742 700 109 823 44 1286 408 1406 1067 1139 1057 1246 1472 843 1295 1462 1377 604 1068 1533 1697 667 95 974 834 1204 592 1404 1413 157 814 470 1118 1101 875 1248 711 1039 1500 1509 1467 1354 1596 583 981 1299 1494 1453 584 1637 1663 1289 1757 634 1837 1330
1258 1426 1393 621 1373 1074 787 475 98 955 1679 1614 1215 438 199 450 802 1495 1391 110 1164 1811 1813 404 235 1665 331 547 1253 96 808 626 1582 779 945 1710 688 915 1454 1216 1563 1566 367 1283 1653 894 728 1362 1210 1202 749 896 889 747 489 54 1853 1619 191 1326 883 1127 1615 1300 631 1028 1629 125 1245 1030 1194
54 1306 602 867 1257 1364 1557 1462 1258 807 1810 477 980 1780 243 1775 640 950 1754 1180 434 889 441 1327 1095 474 1403 428 1366 987 859 849 1213 1611 797 6 332 892 1239 41 826 1770 485 67 480 664 431 1218 861 1271 562 654 1214 257 1384 408 1556 1158 397 1692 290 1036 302 1461 973 1420 1078 786 1620 791 1714
154 379 922 496 1480 1467 698 52 1454 1033 195 1097 1054 996 1044 1210 1596 310 590 716 1698 398 1057 1762 260 1281 1258 565 566 1319 1629 1172 1445 921 161 892 721 1507 563 1637 1239 1234 1752 1491 1755 1390 1257 484 1047 834 1214 1742 1237 1188 848 487 113 728 1571 1780 35 1119 1764 511 984 1458 607 1376 1695 762 660
277 1568 378 675 1112 1061 940 1088 630 967 734 951 1472 1198 1039 68 480 1474 1019 1504 1745 1093 634 453 1330 1624 1176 656 1128 1679 1774 804 461 1500 608 501 1472 1239 1795 177 1392 118 1133 241 4 1022 1696 552 1710 1460 108 929 1018 660 705 211 702 419 519 1063 1223 681 1409 715 1476 1433 858 432 1341 459 1847
354 1360 523 413 642 281 595 168 419 1543 45 246 386 7 516 1814 269 1395 1060 1565 278 990 1200 1557 1472 941 524 404 1350 1260 982 79 900 221 1082 1620 1063 1394 431 1271 961 1822 1296 561 196 800 1339 48 1175 379 1385 251 60 858 624 1570 612 1530 743 724 276 1460 731 256 1361 179 1262 873 327 1230 1358
608 1004 1236 1343 1207 1291 828 1400 1073 287 662 705 1293 1851 880 1674 991 1689 985 211 895 1453 1520 71 1649 1546 1699 335 481 851 1359 1325 509 1464 1142 1711 265 1165 426 815 1724 1776 1036 1669 1296 470 1201 888 931 326 1289 867 1199 143 1218 1177 486 1145 1686 816 742 152 1244 1202 1287 518 1089 353 1158 1666 666
878 762 1566 1638 1257 667 1137 1024 545 1099 1272 1214 763 244 488 1729 1224 814 951 1596 668 1077 757 847 710 660 1524 1306 1258 1595 1739 1629 286 1827 398 1696 1700 525 1199 334 922 871 1218 1261 853 742 699 1608 857 271 1191 635 926 1359 1148 921 1189 805 31 1660 976 1103 721 1581 826 1542 1713 986 961 1676 1401
57 1289 1416 1612 1068 1624 1356 1591 368 1782 839 1391 1131 1517 353 985 1026 1662 649 1262 1349 1084 1023 559 1442 1206 769 1640 1239 899 1208 1259 1315 516 984 956 1365 1747 1147 842 1507 1584 664 1637 700 1558 770 1447 1805 1159 64 1135 1162 570 1761 765 473 112 1611 563 773 1468 584 1017 789 1666 697 475 772 1604 1452
199 1214 160 1271 1708 1385 1288 1227 1012 520 1256 839 191 810 609 729 6 541 1287 254 1568 1499 1774 1570 331 658 1432 1654 1040 756 745 1552 1372 3 628 690 1800 766 1554 184 367 315 1317 724 1629 1290 540 1286 1871 246 1692 1590 924 1836 1298 434 487 408 677 403 161 776 1149 893 1267 584 1472 136 550 1055 133
356 1192 1112 337 107 378 1478 770 1350 665 440 576 612 935 1420 983 420 377 790 913 1692 1077 424 1085 371 1144 999 409 1104 1347 737 656 1461 715 1269 1510 719 1604 1449 1440 813 1410 1715 1107 1695 609 637 702 519 1209 899 177 769 1221 1022 1201 1798 1393 426 1819 1621 136 1282 229 65 1290 795 845 1551 1588 1416
413 1423 1804 1322 686 1636 747 1074 178 1634 285 407 54 1071 1054 1791 1846 1507 447 1360 564 435 945 562 746 218 1473 713 1854 789 1723 1227 1664 1237 553 370 1412 1721 1450 563 1482 802 1404 227 232 1765 169 966 1262 658 1801 1021 1318 699 1325 1186 348 1764 1812 1446 836 876 1844 1173 144 677 1705 1622 1400 477 1274
883 1290 940 613 143 959 1093 706 245 1067 1060 1123 1102 1543 1341 1359 519 110 1832 623 549 733 1480 1307 1385 1533 1827 706 1696 1494 1448 1262 1216 324 1117 998 1156 418 792 1795 740 644 1702 420 1040 26 1092 630 1682 1655 501 1045 1272 842 1483 506 1867 1030 1725 1112 452 1038 1139 734 1704 1573 1141 1834 1847 287 596
374 1173 1853 203 1057 1621 1364 1167 604 95 649 1661 1075 1322 698 1832 1285 1625 759 541 1105 586 3 827 1367 268 426 92 636 1337 132 1089 482 894 903 949 714 1523 1813 708 1040 743 806 1027 1003 1720 1264 160 1324 619 629 1353 1817 1174 1531 1506 1574 1804 1244 595 854 920 621 888 1744 1390 1128 1860 897 499 1414
498 406 673 476 617 1355 1721 1276 447 737 949 702 964 1199 1190 906 1485 670 564 481 446 1217 254 1185 1067 292 495 1833 775 851 421 484 600 910 686 1229 1022 728 420 1811 552 1240 1760 1532 988 660 943 1690 1799 1592 1387 1019 1795 1464 740 1724 1379 847 1412 627 334 1641 531 630 1740 634 1119 655 1153 1112 873