96 62 71 82 85 87 94 96 98 105 107
36 47 48 58 60 66 79 80 108 134 149
46 73 85 92 98 106 133 145 149 160 161
55 53 66 75 85 94 95 98 132 146 150
87 51 64 83 90 91 93 105 124 126 127
52 52 59 80 91 96 100 102 107 145 149
118 114 118 120 121 127 132 142 147 168 174
79 42 43 44 55 75 105 120 123 126 127
105 104 108 133 161 162 165 183 184 206 221
74 44 46 50 51 59 68 83 88 90 91
47 140 147 191 195 213 227 230 275 291 321
80 64 68 88 93 120 130 137 144 202 215
102 145 147 160 162 175 199 235 241 245 263
127 90 93 123 124 126 131 137 140 175 195
133 86 91 95 98 118 119 130 135 140 149
185 68 83 90 123 126 128 129 151 210 229
109 149 153 162 166 177 184 206 221 222 224
184 96 126 127 151 175 207 210 211 233 239
254 124 127 128 129 140 142 191 193 196 210
78 105 138 145 205 214 229 247 266 275 288
135 90 114 126 127 128 139 210 211 215 229
126 147 173 175 187 213 214 220 240 279 297
134 144 154 210 229 234 263 301 307 314 321
22 258 287 296 327 345 349 409 501 503 508
187 161 162 192 258 280 311 320 331 332 430
210 177 185 230 235 270 285 295 298 318 338
863 276 278 291 307 321 323 324 382 384 403
66 124 143 152 164 253 264 279 308 325 443
75 139 151 195 207 225 237 279 282 307 355
98 129 130 139 151 211 215 223 229 233 246
107 126 161 165 218 250 266 317 327 377 416
137 149 151 152 178 181 226 233 247 286 298
377 130 143 155 164 211 229 242 247 251 256
72 88 123 129 152 161 193 215 226 229 286
77 213 215 216 225 261 264 286 298 307 314
171 115 127 143 195 200 231 234 251 278 305
190 246 259 276 277 309 317 388 430 431 441
34 103 113 156 166 173 176 204 211 219 220
130 126 127 144 240 247 250 286 302 314 370
132 130 215 233 304 459 495 513 517 530 564
196 311 341 386 395 402 408 421 426 465 576
267 294 306 326 337 382 390 399 406 417 466
24 152 173 174 181 225 226 311 317 377 395
42 113 146 156 166 167 219 224 231 299 351
131 229 233 279 327 377 385 409 443 447 462
155 101 106 110 236 332 333 334 341 368 386
237 152 207 226 234 286 304 325 387 459 467
81 137 152 195 215 216 229 302 314 328 353
41 235 237 246 249 265 276 290 310 315 355
286 205 242 245 262 265 421 435 453 503 574
376 210 217 223 241 286 298 322 383 394 438
445 196 197 202 204 253 254 281 283 346 367
53 274 296 341 347 408 477 525 579 640 667
538 327 330 349 385 389 394 417 462 468 485
104 319 332 343 402 446 447 455 470 501 503
115 138 195 214 225 247 264 310 323 353 369
159 133 156 158 171 221 274 388 525 573 611
141 388 418 419 454 486 579 589 592 632 682
165 395 515 576 593 596 611 642 679 706 769
119 132 161 177 199 245 252 262 292 294 342
111 160 165 199 221 324 408 437 475 479 525
206 151 239 251 298 394 460 482 492 546 547
221 157 174 177 221 246 317 407 409 430 523
242 113 132 147 159 188 198 272 285 351 399
235 388 447 486 550 576 640 687 705 780 788
391 276 426 441 453 485 543 580 650 658 750
293 184 274 317 319 332 409 431 441 442 503
35 311 333 339 386 395 421 503 541 555 596
45 156 163 220 237 310 358 362 441 485 505
250 166 198 217 219 231 263 299 309 351 393
117 375 379 388 463 489 529 553 562 626 638
128 266 286 294 298 375 381 393 396 407 488
223 343 407 507 519 534 586 762 841 842 873
295 377 408 481 519 563 605 617 664 706 710
73 225 229 239 251 279 314 336 353 360 389
136 281 294 298 328 373 379 383 396 520 621
275 334 366 377 446 490 523 535 552 612 639
325 150 185 194 213 232 280 297 318 350 365
442 335 354 359 393 423 429 468 475 484 515
399 276 301 306 307 349 466 478 496 584 620
560 383 422 460 482 532 546 615 616 618 701
776 403 459 485 550 566 628 662 690 776 836
257 176 208 243 254 392 397 398 418 442 446
302 252 257 363 403 487 493 506 550 619 690
361 358 370 396 468 527 530 563 564 605 617
110 584 592 667 700 742 838 974 981 1057 1067
1258 438 489 621 626 631 747 749 779 802 894
54 408 428 431 477 485 640 859 861 892 950
154 496 511 565 566 716 721 728 762 848 892
277 419 461 480 501 519 552 630 634 656 660
354 221 246 281 404 413 419 431 524 612 642
608 486 509 518 666 705 828 880 888 895 931
878 525 545 660 667 699 721 757 762 853 921
57 368 475 559 584 664 700 769 770 772 789
199 160 161 191 331 403 408 487 540 541 550
356 377 409 420 426 440 519 576 612 665 702
413 447 477 553 562 563 564 658 686 699 746
883 420 501 506 519 596 613 630 644 734 740
374 499 595 619 621 629 636 649 698 708 743
498 254 334 406 421 446 484 552 627 630 634