96 1718 29 54 1631 1523 56 524 39 40 1454 7 879 1742 10
36 1627 220 17 2 482 41 40 256 21 1587 1632 31 20 16
46 66 1461 177 53 1810 44 1104 1083 1049 54 3 47 894 40
55 1621 1386 39 892 11 27 667 509 991 35 8 47 1493 3
87 1038 317 1374 42 1785 181 22 43 6 11 9 1662 50 1256
52 16 1547 162 23 3 29 1497 20 31 732 47 45 1340 429
118 1166 1429 1660 54 10 1633 1734 85 325 90 79 35 40 1
79 11 5 15 18 22 1255 677 541 1549 1778 27 9 621 1834
105 54 73 636 1061 930 53 47 8 260 94 89 1169 892 1258
74 1421 1776 42 31 1373 22 1119 5 21 18 677 657 481 11
47 561 33 3 431 71 85 26 1570 477 62 96 1203 549 1835
80 11 791 423 26 431 5 534 24 22 43 319 655 40 1219
102 1783 101 803 78 520 979 7 19 791 96 104 1593 71 415
127 418 1461 1562 918 230 1598 51 44 83 68 85 11 885 50
133 1653 916 749 15 39 27 71 774 857 11 381 73 1417 51
185 44 1689 43 1296 18 477 15 190 812 1701 55 54 26 1853
109 1483 8 20 962 41 1100 141 73 510 53 187 86 1745 142
184 475 18 44 55 88 1686 271 43 90 784 962 15 494 1497
254 44 1133 361 28 1138 24 757 730 322 68 71 45 419 123
78 1583 99 46 666 1774 93 96 1375 1842 781 15 216 88 5
135 654 241 1690 26 18 71 11 28 770 1124 64 22 42 1056
126 558 10 129 922 115 583 757 146 142 132 440 1537 358 70
134 744 90 1763 1338 140 1861 43 75 906 1290 11 115 1019 126
22 1670 68 120 766 1233 0 708 40 1053 1193 373 182 226 131
187 15 513 24 158 100 676 160 47 631 94 461 117 1363 1506
210 1341 29 155 1626 117 537 33 81 19 62 1130 70 92 75
863 258 132 798 192 785 473 275 274 131 1117 709 782 920 154
66 68 4 123 778 45 276 1471 6 83 425 105 1675 1844 90
75 127 1654 75 298 124 1016 6 1625 138 22 5 1858 181 610
98 1823 50 7 265 1336 55 616 1695 128 88 53 14 68 72
107 66 87 499 241 1303 92 73 663 651 35 8 50 106 1871
137 228 97 15 11 138 123 905 114 737 1158 56 379 1588 24
377 55 77 127 534 1760 1283 44 108 123 114 323 1114 1135 1868
72 567 569 1673 1358 50 1581 22 6 1019 68 51 731 5 56
77 44 1191 527 64 106 312 5 1701 90 128 1706 26 773 137
171 27 1534 14 23 43 1215 42 70 1193 71 1354 145 1251 549
190 184 27 1718 84 1691 1100 227 16 1224 1795 80 1786 176 161
34 1380 967 20 51 64 81 1804 195 30 2 1707 24 41 933
130 71 656 1554 634 18 50 1456 1083 304 22 26 846 11 64
132 11 124 16 1838 51 1208 1844 93 301 18 1590 91 83 50
196 298 17 881 212 1415 1686 247 202 588 40 100 165 158 839
267 27 214 217 1010 163 138 85 556 1571 96 33 476 1042 295
24 233 1090 2 131 117 965 40 0 188 98 1543 59 375 1763
42 1662 30 180 1534 822 99 611 83 103 48 834 67 205 2
131 317 126 1175 44 226 550 4 11 991 124 181 14 1773 1574
155 1063 65 1611 897 13 56 953 28 1159 100 1014 256 74 40
237 140 579 601 129 51 1784 22 687 123 124 1248 102 1665 1323
81 5 127 671 1381 1468 114 83 766 1445 42 109 1841 91 64
41 98 205 1782 120 1772 197 847 155 1584 2 163 597 39 144
286 667 1421 185 115 156 177 56 141 30 280 1478 1393 1337 172
376 174 299 1386 71 1422 52 126 1504 175 112 1798 978 43 23
445 59 56 1649 98 1508 94 118 172 425 1493 179 1126 876 1610
53 212 13 1740 231 561 506 203 221 3 1727 89 1273 1830 392
538 1301 268 824 754 68 200 229 1622 314 1281 305 474 102 93
104 8 173 951 24 519 239 234 805 226 241 549 146 403 123
115 634 44 98 916 130 83 27 1398 1597 9 947 1865 1138 120
159 67 1325 13 986 82 78 36 883 1557 52 84 122 31 756
141 1483 1397 183 60 315 274 717 49 320 12 501 339 583 363
165 1310 291 58 1100 1288 141 30 563 245 13 1045 1517 92 915
119 10 1298 118 399 35 117 1548 49 1462 550 849 256 74 62
111 99 147 8 733 918 1252 158 1003 417 89 78 84 117 707
206 1716 127 18 126 75 861 1227 983 145 882 1581 1322 90 55
221 95 161 578 1250 81 956 69 173 134 824 29 20 485 31
242 67 1828 1601 1032 1624 23 80 102 48 193 641 81 613 60
235 294 303 1692 624 287 278 940 21 345 355 1555 266 795 1362
391 47 754 1084 385 1805 487 99 545 78 101 73 53 1177 149
293 35 56 47 44 1639 31 688 144 1427 1621 146 1285 133 1454
35 1264 2 1830 470 536 180 146 449 142 221 1023 255 169 724
45 39 304 65 94 1801 57 514 84 3 702 144 1093 1059 138
250 41 1698 38 1689 23 1042 306 12 67 107 27 102 834 1165
117 68 328 1029 264 226 640 204 1001 9 29 289 1567 82 304
128 65 11 273 32 213 85 252 110 64 1658 1006 1376 313 1103
223 20 58 739 192 89 1795 213 1751 1665 1193 1454 182 274 1623
295 1681 332 321 1515 1564 31 666 317 754 358 66 202 588 364
73 1203 366 22 216 128 5 64 140 646 46 1055 59 320 642
136 220 241 490 1244 23 270 43 11 335 1066 1840 266 73 160
275 87 202 515 98 69 1642 1513 63 1325 28 1700 1424 258 949
325 36 1150 48 49 161 99 878 1656 291 102 103 1160 80 1764
442 268 1533 260 428 56 240 312 333 311 682 186 243 557 1076
399 256 1749 388 114 89 131 755 91 227 1286 264 75 219 49
560 369 71 195 301 75 337 1194 773 1424 144 1061 1382 115 750
776 1640 185 189 230 386 328 1157 371 133 245 107 1135 381 1568
257 135 1726 111 25 1852 174 69 1668 106 700 753 1056 63 805
302 33 99 150 162 54 1743 186 193 147 357 1379 536 1056 1106
361 233 286 532 1518 117 267 141 161 339 192 850 546 40 168
110 606 1044 247 145 258 21 1674 849 358 184 206 296 8 599
1258 279 285 746 584 326 389 233 1198 1797 1765 1570 124 302 375
54 1381 157 133 146 200 3 816 1476 84 46 934 1031 1172 165
154 370 133 817 206 156 358 1338 97 1007 13 1203 408 1869 1119
277 1135 28 406 172 892 687 1120 135 148 208 319 474 51 281
354 1211 674 1416 41 95 663 39 172 1196 1668 103 94 59 23
608 961 78 453 1597 161 97 40 208 91 434 339 634 913 1832
878 1014 281 112 388 408 1003 165 1315 133 479 418 1619 344 499
57 355 729 332 1356 221 133 3 86 160 1036 1178 950 255 427
199 17 37 1536 305 76 1696 159 96 1701 723 33 117 763 1036
356 161 40 368 1048 61 893 1492 1109 919 294 47 366 1476 172
413 121 338 912 1105 52 876 77 276 1090 998 160 320 226 192
883 452 451 244 91 724 1717 192 173 172 208 135 1617 366 343
374 128 960 779 328 107 1050 1738 384 71 43 489 1483 1083 131
498 1141 1856 202 63 165 965 1059 176 199 98 1252 477 208 1320