96 7 10 29 39 40 54 56
36 2 16 17 20 31 40 41
46 3 40 44 47 53 54 66
55 3 8 11 27 35 39 47
87 6 9 11 22 42 43 50
52 3 16 20 29 31 45 47
118 10 35 40 54 79 85 90
79 5 9 11 15 18 22 27
105 8 47 53 54 73 89 94
74 5 11 18 21 22 31 42
47 3 26 33 62 71 85 96
80 5 11 22 24 26 40 43
102 7 19 71 78 96 101 104
127 11 44 50 51 68 83 85
133 11 15 27 39 51 71 73
185 15 18 26 43 44 54 55
109 8 20 41 53 73 141 142
184 15 18 43 44 55 88 90
254 24 28 44 45 68 71 123
78 5 15 46 88 93 96 99
135 11 18 22 26 42 64 71
126 10 70 115 129 132 142 146
134 11 43 75 90 115 126 140
22 0 40 68 120 131 182 226
187 15 24 47 94 117 158 160
210 19 29 33 62 81 92 117
863 131 132 154 192 258 274 275
66 4 6 45 68 83 105 123
75 5 6 22 75 124 127 138
98 7 14 50 55 68 88 128
107 8 35 66 73 87 92 106
137 11 15 24 56 114 123 138
377 44 55 77 108 114 123 127
72 5 6 22 50 51 56 68
77 5 26 44 64 90 128 137
171 14 23 27 42 43 70 71
190 16 80 84 161 176 184 227
34 2 20 24 30 41 51 81
130 11 18 22 26 50 64 71
132 11 16 18 50 51 83 124
196 17 40 100 158 165 202 212
267 27 33 85 96 138 214 217
24 0 2 40 59 98 117 131
42 2 30 48 67 83 99 103
131 11 14 44 124 126 181 226
155 13 28 40 56 65 74 100
237 22 51 102 123 124 129 140
81 5 42 64 83 91 114 127
41 2 39 120 144 163 197 205
286 30 56 141 156 172 177 185
376 43 52 71 112 126 174 175
445 56 59 94 98 118 172 179
53 3 13 89 203 212 221 231
538 68 93 200 229 268 305 314
104 8 24 123 146 173 226 234
115 9 27 44 83 98 120 130
159 13 31 36 52 78 84 122
141 12 60 183 274 320 339 363
165 13 30 58 92 141 245 291
119 10 35 49 62 74 117 118
111 8 78 84 89 99 117 158
206 18 55 75 90 126 127 145
221 20 29 31 69 81 95 134
242 23 48 60 67 80 81 102
235 21 266 278 287 294 345 355
391 47 53 73 78 99 101 149
293 31 35 47 56 133 144 146
35 2 142 146 169 180 221 255
45 3 39 57 84 94 138 144
250 12 23 38 41 67 102 107
117 9 68 226 264 289 304 328
128 11 64 65 85 110 213 252
223 20 58 89 182 192 213 274
295 31 66 202 317 321 332 358
73 5 22 46 64 128 140 216
136 11 43 73 160 220 241 266
275 28 63 69 87 98 202 258
325 36 48 49 80 99 102 103
442 56 186 240 243 268 312 333
399 49 75 91 114 131 256 264
560 71 115 144 195 301 337 369
776 107 185 189 230 245 371 386
257 25 63 69 106 111 135 174
302 33 54 99 147 162 186 193
361 40 117 141 161 233 267 286
110 8 21 184 247 258 296 358
1258 124 233 279 302 326 375 389
54 3 46 84 133 146 157 165
154 13 97 133 156 206 358 408
277 28 135 148 172 208 281 319
354 23 39 41 59 94 95 172
608 78 97 161 208 339 434 453
878 133 165 281 344 388 408 479
57 3 133 160 221 255 332 355
199 17 33 37 76 96 117 159
356 40 47 61 161 294 366 368
413 52 121 160 192 226 276 320
883 135 172 173 208 244 343 366
374 43 71 107 128 328 384 489
498 63 98 165 176 199 202 208