96 62 71 82 85 87 94 96 98 105 107 111 112 114 115 118 119 132 152 168 175 177 195 199 205 217 218 230 241 243 249 252 256 259 263 266 282 283 291 292 301
36 47 48 58 60 66 79 80 108 134 149 150 161 162 166 172 173 176 181 182 183 186 199 204 219 221 231 249 258 260 265 266 269 272 280 281 285 293 299 313 317
46 73 85 92 98 106 133 145 149 160 161 162 184 185 192 199 206 221 227 232 266 275 276 291 292 295 303 304 309 317 320 321 333 342 344 363 368 378 382 399 424
55 53 66 75 85 94 95 98 132 146 150 160 161 165 186 199 206 208 217 220 227 266 278 280 282 291 304 307 321 330 337 351 356 359 378 379 390 399 404 409 430
87 51 64 83 90 91 93 105 124 126 127 128 130 137 139 140 143 185 195 200 207 210 211 213 214 215 216 225 229 234 237 239 251 264 294 301 305 308 310 314 323
52 52 59 80 91 96 100 102 107 145 149 152 160 163 166 172 175 179 183 184 196 197 199 220 227 234 236 255 260 263 265 266 271 272 290 291 293 304 309 317 352
118 114 118 120 121 127 132 142 147 168 174 177 184 189 191 195 197 205 223 227 230 244 257 266 282 283 290 291 298 310 311 322 330 337 345 352 356 361 363 379 394
79 42 43 44 55 75 105 120 123 126 127 128 130 139 140 143 145 151 154 160 187 195 205 207 210 229 230 233 239 247 251 268 301 305 314 325 326 328 329 349 353
105 104 108 133 161 162 165 183 184 206 221 227 232 266 276 291 303 309 321 344 399 404 430 431 441 442 444 453 454 455 475 479 485 486 488 507 564 570 578 579 580
74 44 46 50 51 59 68 83 88 90 91 126 130 140 152 195 210 216 218 225 234 239 264 282 304 325 336 369 370 375 383 391 410 436 459 462 463 496 499 526 529
47 140 147 191 195 213 227 230 275 291 321 326 342 363 369 373 374 402 424 442 443 455 469 478 479 485 487 500 505 511 536 550 566 571 582 590 628 632 635 652 662
80 64 68 88 93 120 130 137 144 202 215 223 237 261 266 282 286 291 298 314 315 327 330 345 360 373 394 417 432 438 440 443 463 495 496 499 527 528 533 548 553
102 145 147 160 162 175 199 235 241 245 263 265 266 270 280 321 322 337 342 357 362 371 374 396 399 444 448 462 469 480 488 493 555 558 570 615 619 620 625 635 640
127 90 93 123 124 126 131 137 140 175 195 211 217 264 278 291 294 301 304 315 323 329 336 353 369 375 379 382 383 385 391 436 439 443 447 463 464 466 468 492 529
133 86 91 95 98 118 119 130 135 140 149 160 184 195 227 239 246 263 264 266 276 282 299 314 326 327 336 345 347 355 384 392 400 427 445 505 527 529 533 561 581
185 68 83 90 123 126 128 129 151 210 229 233 239 247 268 282 302 305 314 328 329 349 356 369 370 373 384 385 394 417 430 436 438 459 469 478 482 492 499 508 536
109 149 153 162 166 177 184 206 221 222 224 254 260 265 269 281 319 327 364 379 419 426 431 453 464 475 500 507 555 559 573 574 578 579 592 596 612 623 656 667 673
184 96 126 127 151 175 207 210 211 233 239 247 251 268 290 296 305 316 323 326 327 328 356 370 385 394 417 452 459 466 469 473 478 492 536 549 572 581 590 595 629
254 124 127 128 129 140 142 191 193 196 210 217 239 256 303 306 355 367 369 370 385 432 447 449 466 468 478 480 576 581 589 599 604 616 621 631 645 663 668 677 688
78 105 138 145 205 214 229 247 266 275 288 305 308 326 337 342 356 362 385 417 447 455 468 469 492 536 553 587 590 614 629 647 668 669 678 685 691 718 748 750 783
135 90 114 126 127 128 139 210 211 215 229 251 279 282 286 301 314 327 353 360 375 391 438 445 451 467 482 489 492 495 499 568 587 606 621 631 636 637 649 659 719
126 147 173 175 187 213 214 220 240 279 297 310 315 356 359 379 423 424 432 435 443 455 461 464 480 496 505 516 557 571 572 592 601 610 645 680 688 704 717 759 764
134 144 154 210 229 234 263 301 307 314 321 328 336 369 382 384 385 391 398 422 432 439 462 507 571 616 636 663 684 701 742 743 763 776 792 799 809 811 813 827 846
22 258 287 296 327 345 349 409 501 503 508 523 529 563 564 596 605 633 637 638 664 702 718 740 746 768 831 839 842 873 902 910 935 940 966 994 995 996 999 1050 1070
187 161 162 192 258 280 311 320 331 332 430 447 477 481 491 505 562 563 622 638 699 700 706 707 721 789 795 839 882 883 947 954 956 975 1011 1022 1032 1074 1135 1161 1165
210 177 185 230 235 270 285 295 298 318 338 374 400 473 475 476 487 511 538 541 582 597 619 659 662 685 693 701 704 724 741 751 766 771 824 838 846 881 936 945 968
863 276 278 291 307 321 323 324 382 384 403 419 447 455 581 664 742 794 795 807 826 868 869 883 925 929 964 975 994 1018 1050 1057 1074 1131 1170 1199 1240 1244 1246 1347 1351
66 124 143 152 164 253 264 279 308 325 443 451 452 460 467 482 489 494 500 513 527 539 557 585 591 594 645 663 677 698 716 730 752 768 811 831 878 895 923 938 959
75 139 151 195 207 225 237 279 282 307 355 369 383 387 391 394 422 439 442 463 491 557 572 581 583 606 636 663 716 748 783 784 785 792 801 831 837 923 966 971 991
98 129 130 139 151 211 215 223 229 233 246 256 264 282 302 306 308 314 329 356 360 373 384 385 394 405 432 438 452 514 588 621 626 668 710 719 783 808 894 923 955
107 126 161 165 218 250 266 317 327 377 416 424 442 519 529 543 562 563 570 578 604 687 709 724 729 746 781 794 839 852 882 900 983 986 1025 1074 1076 1101 1120 1131 1195
137 149 151 152 178 181 226 233 247 286 298 302 330 358 447 459 489 491 530 622 638 686 699 700 714 716 750 776 779 793 816 831 866 910 956 1016 1017 1071 1072 1074 1084
377 130 143 155 164 211 229 242 247 251 256 268 300 307 327 336 349 362 369 436 452 496 499 542 583 606 651 653 669 691 708 727 784 785 897 908 914 923 959 960 972
72 88 123 129 152 161 193 215 226 229 286 304 325 353 360 375 387 459 467 495 514 526 557 581 585 587 622 631 671 719 730 732 749 783 784 801 831 909 923 939 972
77 213 215 216 225 261 264 286 298 307 314 329 353 360 375 389 443 463 520 568 598 636 648 719 774 779 783 784 801 806 809 810 856 857 872 874 880 894 897 909 933
171 115 127 143 195 200 231 234 251 278 305 310 325 336 360 384 385 394 422 436 462 466 468 520 530 546 606 618 747 763 803 809 849 926 958 959 979 1005 1023 1027 1031
190 246 259 276 277 309 317 388 430 431 441 448 453 519 556 580 598 617 658 697 728 731 751 757 762 781 787 794 834 852 870 951 974 987 996 1151 1171 1195 1199 1211 1228
34 103 113 156 166 173 176 204 211 219 220 224 260 269 376 411 416 428 456 502 506 545 555 559 573 574 593 676 761 765 770 791 800 812 818 820 863 889 900 907 998
130 126 127 144 240 247 250 286 302 314 370 389 438 482 499 547 598 614 626 629 636 647 669 698 729 743 789 803 806 949 955 979 1002 1016 1047 1066 1072 1075 1126 1149 1205
132 130 215 233 304 459 495 513 517 530 564 605 617 622 626 637 674 700 715 730 785 793 821 831 839 869 909 910 934 999 1014 1028 1029 1070 1072 1075 1100 1113 1125 1142 1151
196 311 341 386 395 402 408 421 426 465 576 627 642 644 689 692 720 721 739 746 762 769 770 816 847 855 952 980 998 1004 1014 1056 1060 1067 1068 1088 1130 1155 1159 1180 1186
267 294 306 326 337 382 390 399 406 417 466 492 590 595 604 678 708 742 747 753 803 826 827 862 868 878 884 908 926 932 979 1024 1035 1064 1075 1082 1129 1143 1148 1183 1220
24 152 173 174 181 225 226 311 317 377 395 409 421 452 477 484 503 523 564 578 588 599 605 617 638 644 664 718 746 807 821 824 835 882 975 983 991 999 1000 1053 1071
42 113 146 156 166 167 219 224 231 299 351 376 411 415 416 423 435 461 506 508 510 516 532 538 545 559 574 601 632 666 676 765 777 800 812 820 827 835 873 889 907
131 229 233 279 327 377 385 409 443 447 462 563 564 611 621 622 640 718 730 790 793 860 929 999 1004 1018 1022 1070 1074 1084 1113 1133 1183 1274 1323 1347 1361 1373 1378 1379 1413
155 101 106 110 236 332 333 334 341 368 386 395 408 421 424 426 449 465 573 664 692 720 769 770 774 819 847 855 888 899 995 998 999 1060 1068 1087 1088 1108 1115 1155 1197
237 152 207 226 234 286 304 325 387 459 467 514 530 548 564 572 606 622 627 637 663 738 784 821 829 831 909 910 929 999 1014 1028 1040 1071 1072 1103 1113 1151 1167 1169 1170
81 137 152 195 215 216 229 302 314 328 353 360 367 389 445 463 494 514 568 631 648 659 669 801 809 821 831 909 960 1009 1014 1149 1173 1174 1178 1220 1264 1300 1320 1323 1358
41 235 237 246 249 265 276 290 310 315 355 379 463 466 497 515 543 578 580 583 635 645 669 698 709 773 785 839 848 900 928 962 982 1013 1048 1074 1100 1125 1141 1148 1150
286 205 242 245 262 265 421 435 453 503 574 593 600 601 692 705 740 770 772 788 800 834 844 905 907 1022 1036 1049 1068 1105 1116 1121 1122 1152 1166 1176 1218 1225 1230 1287 1310
376 210 217 223 241 286 298 322 383 394 438 468 469 499 528 536 546 595 647 649 650 698 708 716 724 789 825 826 856 894 903 920 938 939 944 947 955 1013 1021 1149 1172
445 196 197 202 204 253 254 281 283 346 367 392 410 413 458 464 484 495 500 523 533 535 598 605 612 633 676 703 707 817 869 882 988 996 1000 1046 1052 1054 1077 1106 1112
53 274 296 341 347 408 477 525 579 640 667 697 705 757 762 780 814 865 888 892 922 998 1008 1017 1045 1088 1094 1100 1117 1128 1148 1151 1159 1195 1211 1213 1218 1258 1349 1359 1364
538 327 330 349 385 389 394 417 462 468 485 492 496 499 601 621 631 742 748 780 789 790 832 839 849 879 880 921 939 949 999 1021 1173 1210 1226 1244 1253 1295 1300 1312 1321
104 319 332 343 402 446 447 455 470 501 503 505 622 699 700 768 784 813 933 975 983 994 1022 1043 1071 1074 1080 1131 1146 1237 1239 1243 1274 1315 1318 1323 1345 1389 1456 1462 1470
115 138 195 214 225 247 264 310 323 353 369 452 546 549 562 595 606 629 648 659 698 738 797 809 810 837 933 939 969 975 1023 1031 1033 1035 1083 1103 1145 1154 1162 1235 1259
159 133 156 158 171 221 274 388 525 573 611 667 679 706 721 762 780 829 898 905 921 922 950 952 984 1135 1159 1180 1195 1214 1218 1245 1257 1258 1266 1270 1315 1396 1450 1507 1571
141 388 418 419 454 486 579 589 592 632 682 696 697 757 804 828 853 892 911 927 985 1032 1057 1073 1085 1089 1120 1146 1182 1213 1216 1221 1257 1260 1266 1390 1408 1429 1443 1448 1478
165 395 515 576 593 596 611 642 679 706 769 780 820 839 885 889 922 940 961 984 1008 1017 1046 1068 1120 1139 1150 1159 1165 1171 1172 1180 1189 1218 1237 1257 1336 1338 1416 1422 1446
119 132 161 177 199 245 252 262 292 294 342 385 393 400 532 609 657 682 704 714 751 786 813 817 818 834 968 1006 1012 1020 1079 1082 1208 1230 1268 1324 1346 1348 1405 1407 1425
111 160 165 199 221 324 408 437 475 479 525 573 576 611 706 721 762 780 882 898 948 952 1017 1032 1045 1060 1073 1076 1131 1159 1180 1218 1244 1245 1249 1257 1258 1269 1315 1349 1363
206 151 239 251 298 394 460 482 492 546 547 549 595 627 629 708 719 767 772 793 806 903 929 949 950 976 1023 1035 1075 1083 1206 1241 1253 1262 1294 1299 1302 1353 1365 1367 1437
221 157 174 177 221 246 317 407 409 430 523 526 573 642 658 692 696 761 765 814 834 858 899 935 941 974 978 993 1039 1042 1086 1106 1123 1133 1151 1182 1240 1260 1330 1349 1354
242 113 132 147 159 188 198 272 285 351 399 401 425 488 506 510 537 544 551 674 676 759 798 824 835 846 848 889 945 954 1012 1020 1062 1116 1157 1188 1333 1366 1465 1547 1552
235 388 447 486 550 576 640 687 705 780 788 803 867 875 906 978 982 987 990 1021 1057 1080 1094 1099 1148 1195 1224 1372 1385 1404 1414 1501 1511 1517 1560 1578 1596 1612 1636 1637 1676
391 276 426 441 453 485 543 580 650 658 750 757 787 834 867 980 1057 1064 1074 1085 1165 1171 1172 1191 1241 1246 1256 1266 1289 1326 1330 1374 1377 1386 1400 1406 1412 1438 1514 1542 1584
293 184 274 317 319 332 409 431 441 442 503 523 562 563 633 669 673 685 700 728 751 834 852 899 954 975 993 1087 1112 1156 1243 1260 1273 1305 1317 1339 1349 1376 1385 1400 1416
35 311 333 339 386 395 421 503 541 555 596 642 666 679 709 758 769 813 889 961 1008 1031 1046 1068 1120 1130 1139 1165 1172 1180 1189 1198 1217 1224 1228 1231 1243 1336 1338 1491 1518
45 156 163 220 237 310 358 362 441 485 505 519 538 543 565 575 638 658 844 899 919 975 982 1042 1119 1121 1131 1135 1171 1214 1286 1372 1478 1502 1507 1545 1556 1596 1611 1672 1690
250 166 198 217 219 231 263 299 309 351 393 423 435 551 571 577 597 615 624 652 658 661 666 680 683 717 735 946 984 992 1037 1089 1140 1166 1434 1478 1491 1524 1547 1613 1643
117 375 379 388 463 489 529 553 562 626 638 645 659 679 716 832 880 938 975 991 1005 1014 1070 1072 1075 1084 1178 1194 1222 1254 1274 1358 1367 1423 1432 1454 1472 1537 1563 1586 1601
128 266 286 294 298 375 381 393 396 407 488 528 598 613 647 650 711 746 785 861 905 920 944 949 1016 1066 1141 1224 1318 1415 1426 1446 1448 1513 1541 1552 1571 1577 1612 1672 1690
223 343 407 507 519 534 586 762 841 842 873 888 898 922 927 951 988 1067 1080 1112 1171 1180 1259 1269 1336 1345 1349 1376 1414 1443 1450 1456 1476 1494 1496 1541 1543 1596 1611 1637 1647
295 377 408 481 519 563 605 617 664 706 710 728 758 868 898 904 912 956 964 975 989 999 1032 1048 1060 1076 1117 1195 1238 1309 1315 1324 1339 1345 1363 1508 1526 1542 1572 1602 1619
73 225 229 239 251 279 314 336 353 360 389 478 495 553 688 710 719 779 801 802 806 831 832 846 897 960 978 1065 1174 1194 1215 1300 1362 1372 1411 1457 1489 1517 1523 1597 1605
136 281 294 298 328 373 379 383 396 520 621 711 723 779 874 894 901 912 944 1099 1116 1153 1238 1302 1318 1324 1346 1384 1399 1401 1412 1513 1535 1552 1599 1612 1693 1711 1723 1741 1747
275 334 366 377 446 490 523 535 552 612 639 646 670 688 703 718 734 737 869 899 902 935 964 983 1038 1052 1056 1060 1091 1155 1189 1276 1301 1339 1476 1510 1543 1675 1709 1759 1790
325 150 185 194 213 232 280 297 318 350 365 372 393 450 476 510 537 539 551 567 623 624 652 683 733 777 820 836 850 1069 1175 1211 1277 1331 1493 1510 1515 1564 1588 1615 1692
442 335 354 359 393 423 429 468 475 484 515 533 554 572 598 601 645 651 670 676 740 770 893 895 907 929 934 1038 1042 1044 1080 1372 1389 1455 1526 1562 1564 1644 1677 1721 1743
399 276 301 306 307 349 466 478 496 584 620 663 711 727 731 776 837 838 974 992 1057 1083 1101 1127 1169 1171 1185 1293 1329 1358 1370 1375 1404 1470 1503 1569 1597 1698 1734 1757 1775
560 383 422 460 482 532 546 615 616 618 701 747 776 811 824 827 884 960 967 969 987 1065 1069 1129 1244 1292 1295 1297 1305 1352 1396 1403 1420 1457 1461 1498 1503 1562 1594 1610 1701
776 403 459 485 550 566 628 662 690 776 836 840 864 945 1006 1050 1069 1141 1200 1212 1233 1265 1273 1290 1292 1372 1395 1437 1465 1552 1554 1567 1626 1667 1673 1676 1692 1718 1768 1778 1823
257 176 208 243 254 392 397 398 418 442 446 519 523 563 573 630 633 639 646 660 702 718 910 917 935 943 1041 1092 1093 1190 1276 1301 1355 1379 1380 1543 1554 1581 1696 1745 1795
302 252 257 363 403 487 493 506 550 619 690 776 819 840 862 864 918 945 987 1007 1039 1050 1069 1156 1179 1220 1232 1236 1267 1273 1297 1360 1473 1481 1554 1630 1657 1701 1718 1774 1821
361 358 370 396 468 527 530 563 564 605 617 699 712 718 730 789 955 975 999 1010 1014 1066 1074 1076 1101 1113 1116 1147 1199 1223 1260 1334 1347 1524 1551 1552 1568 1572 1633 1705 1791
110 584 592 667 700 742 838 974 981 1057 1067 1068 1101 1118 1131 1139 1146 1246 1286 1289 1295 1299 1325 1354 1377 1404 1406 1453 1462 1472 1494 1509 1533 1596 1637 1649 1714 1717 1791 1820 1835
1258 438 489 621 626 631 747 749 779 802 894 896 955 1028 1127 1194 1210 1215 1216 1253 1300 1362 1373 1391 1426 1454 1563 1566 1582 1629 1653 1665 1679 1710 1811 1813 1817 1832 1860
54 408 428 431 477 485 640 859 861 892 950 973 987 1036 1158 1180 1213 1214 1218 1257 1271 1306 1366 1384 1420 1461 1462 1556 1611 1620 1692 1754 1770 1775 1780 1810 1841 1869
154 496 511 565 566 716 721 728 762 848 892 921 922 984 996 1033 1044 1172 1214 1234 1237 1257 1258 1319 1376 1445 1467 1480 1491 1571 1596 1629 1637 1742 1764 1780 1824 1856
277 419 461 480 501 519 552 630 634 656 660 702 715 734 804 940 951 967 1019 1022 1039 1093 1112 1128 1133 1176 1198 1330 1341 1409 1433 1476 1568 1696 1774 1795 1827 1833
354 221 246 281 404 413 419 431 524 612 642 731 800 858 873 900 941 1060 1063 1200 1260 1271 1296 1339 1350 1360 1361 1385 1395 1460 1472 1530 1543 1557 1620 1814 1819 1868
608 486 509 518 666 705 828 880 888 895 931 985 1073 1089 1142 1158 1165 1177 1202 1287 1289 1291 1296 1343 1359 1400 1453 1464 1520 1546 1649 1666 1686 1689 1699 1711 1780 1787
878 525 545 660 667 699 721 757 762 853 921 922 951 961 1099 1137 1148 1191 1199 1214 1218 1224 1257 1258 1306 1401 1542 1595 1596 1608 1629 1676 1696 1700 1729 1739 1794 1864
57 368 475 559 584 664 700 769 770 772 789 839 842 899 956 1068 1135 1147 1159 1208 1239 1259 1262 1315 1349 1416 1452 1507 1558 1584 1591 1604 1611 1612 1761 1805 1868
199 160 161 191 331 403 408 487 540 541 550 628 690 724 729 745 756 766 776 893 1012 1055 1214 1227 1256 1267 1271 1290 1317 1372 1385 1499 1552 1554 1568 1692 1718
356 377 409 420 426 440 519 576 612 665 702 715 737 770 813 845 913 935 983 999 1022 1077 1209 1269 1282 1347 1420 1461 1510 1551 1588 1604 1621 1692 1798 1819 1869
413 447 477 553 562 563 564 658 686 699 746 802 966 1021 1071 1074 1227 1262 1274 1318 1325 1404 1412 1423 1450 1482 1507 1622 1634 1705 1764 1765 1791 1801 1804 1812 1856
883 420 501 506 519 596 613 630 644 734 740 842 940 1030 1038 1045 1060 1067 1092 1093 1112 1139 1156 1216 1272 1341 1359 1448 1494 1543 1655 1682 1696 1702 1795 1827 1829
374 499 595 619 621 629 636 649 698 708 743 759 806 894 897 903 920 949 1027 1075 1128 1173 1174 1244 1264 1285 1353 1367 1506 1523 1531 1574 1804 1817 1832 1860
498 254 334 406 421 446 484 552 627 630 634 660 673 702 728 740 847 873 943 949 988 1019 1067 1112 1153 1190 1276 1355 1379 1387 1641 1721 1740 1795 1811 1833