96 62 71 82 85 87 94 96 98 105 107 111 112 114 115 118 119 132 152 168 175
36 47 48 58 60 66 79 80 108 134 149 150 161 162 166 172 173 176 181 182 183
46 73 85 92 98 106 133 145 149 160 161 162 184 185 192 199 206 221 227 232 266
55 53 66 75 85 94 95 98 132 146 150 160 161 165 186 199 206 208 217 220 227
87 51 64 83 90 91 93 105 124 126 127 128 130 137 139 140 143 185 195 200 207
52 52 59 80 91 96 100 102 107 145 149 152 160 163 166 172 175 179 183 184 196
118 114 118 120 121 127 132 142 147 168 174 177 184 189 191 195 197 205 223 227 230
79 42 43 44 55 75 105 120 123 126 127 128 130 139 140 143 145 151 154 160 187
105 104 108 133 161 162 165 183 184 206 221 227 232 266 276 291 303 309 321 344 399
74 44 46 50 51 59 68 83 88 90 91 126 130 140 152 195 210 216 218 225 234
47 140 147 191 195 213 227 230 275 291 321 326 342 363 369 373 374 402 424 442 443
80 64 68 88 93 120 130 137 144 202 215 223 237 261 266 282 286 291 298 314 315
102 145 147 160 162 175 199 235 241 245 263 265 266 270 280 321 322 337 342 357 362
127 90 93 123 124 126 131 137 140 175 195 211 217 264 278 291 294 301 304 315 323
133 86 91 95 98 118 119 130 135 140 149 160 184 195 227 239 246 263 264 266 276
185 68 83 90 123 126 128 129 151 210 229 233 239 247 268 282 302 305 314 328 329
109 149 153 162 166 177 184 206 221 222 224 254 260 265 269 281 319 327 364 379 419
184 96 126 127 151 175 207 210 211 233 239 247 251 268 290 296 305 316 323 326 327
254 124 127 128 129 140 142 191 193 196 210 217 239 256 303 306 355 367 369 370 385
78 105 138 145 205 214 229 247 266 275 288 305 308 326 337 342 356 362 385 417 447
135 90 114 126 127 128 139 210 211 215 229 251 279 282 286 301 314 327 353 360 375
126 147 173 175 187 213 214 220 240 279 297 310 315 356 359 379 423 424 432 435 443
134 144 154 210 229 234 263 301 307 314 321 328 336 369 382 384 385 391 398 422 432
22 258 287 296 327 345 349 409 501 503 508 523 529 563 564 596 605 633 637 638 664
187 161 162 192 258 280 311 320 331 332 430 447 477 481 491 505 562 563 622 638 699
210 177 185 230 235 270 285 295 298 318 338 374 400 473 475 476 487 511 538 541 582
863 276 278 291 307 321 323 324 382 384 403 419 447 455 581 664 742 794 795 807 826
66 124 143 152 164 253 264 279 308 325 443 451 452 460 467 482 489 494 500 513 527
75 139 151 195 207 225 237 279 282 307 355 369 383 387 391 394 422 439 442 463 491
98 129 130 139 151 211 215 223 229 233 246 256 264 282 302 306 308 314 329 356 360
107 126 161 165 218 250 266 317 327 377 416 424 442 519 529 543 562 563 570 578 604
137 149 151 152 178 181 226 233 247 286 298 302 330 358 447 459 489 491 530 622 638
377 130 143 155 164 211 229 242 247 251 256 268 300 307 327 336 349 362 369 436 452
72 88 123 129 152 161 193 215 226 229 286 304 325 353 360 375 387 459 467 495 514
77 213 215 216 225 261 264 286 298 307 314 329 353 360 375 389 443 463 520 568 598
171 115 127 143 195 200 231 234 251 278 305 310 325 336 360 384 385 394 422 436 462
190 246 259 276 277 309 317 388 430 431 441 448 453 519 556 580 598 617 658 697 728
34 103 113 156 166 173 176 204 211 219 220 224 260 269 376 411 416 428 456 502 506
130 126 127 144 240 247 250 286 302 314 370 389 438 482 499 547 598 614 626 629 636
132 130 215 233 304 459 495 513 517 530 564 605 617 622 626 637 674 700 715 730 785
196 311 341 386 395 402 408 421 426 465 576 627 642 644 689 692 720 721 739 746 762
267 294 306 326 337 382 390 399 406 417 466 492 590 595 604 678 708 742 747 753 803
24 152 173 174 181 225 226 311 317 377 395 409 421 452 477 484 503 523 564 578 588
42 113 146 156 166 167 219 224 231 299 351 376 411 415 416 423 435 461 506 508 510
131 229 233 279 327 377 385 409 443 447 462 563 564 611 621 622 640 718 730 790 793
155 101 106 110 236 332 333 334 341 368 386 395 408 421 424 426 449 465 573 664 692
237 152 207 226 234 286 304 325 387 459 467 514 530 548 564 572 606 622 627 637 663
81 137 152 195 215 216 229 302 314 328 353 360 367 389 445 463 494 514 568 631 648
41 235 237 246 249 265 276 290 310 315 355 379 463 466 497 515 543 578 580 583 635
286 205 242 245 262 265 421 435 453 503 574 593 600 601 692 705 740 770 772 788 800
376 210 217 223 241 286 298 322 383 394 438 468 469 499 528 536 546 595 647 649 650
445 196 197 202 204 253 254 281 283 346 367 392 410 413 458 464 484 495 500 523 533
53 274 296 341 347 408 477 525 579 640 667 697 705 757 762 780 814 865 888 892 922
538 327 330 349 385 389 394 417 462 468 485 492 496 499 601 621 631 742 748 780 789
104 319 332 343 402 446 447 455 470 501 503 505 622 699 700 768 784 813 933 975 983
115 138 195 214 225 247 264 310 323 353 369 452 546 549 562 595 606 629 648 659 698
159 133 156 158 171 221 274 388 525 573 611 667 679 706 721 762 780 829 898 905 921
141 388 418 419 454 486 579 589 592 632 682 696 697 757 804 828 853 892 911 927 985
165 395 515 576 593 596 611 642 679 706 769 780 820 839 885 889 922 940 961 984 1008
119 132 161 177 199 245 252 262 292 294 342 385 393 400 532 609 657 682 704 714 751
111 160 165 199 221 324 408 437 475 479 525 573 576 611 706 721 762 780 882 898 948
206 151 239 251 298 394 460 482 492 546 547 549 595 627 629 708 719 767 772 793 806
221 157 174 177 221 246 317 407 409 430 523 526 573 642 658 692 696 761 765 814 834
242 113 132 147 159 188 198 272 285 351 399 401 425 488 506 510 537 544 551 674 676
235 388 447 486 550 576 640 687 705 780 788 803 867 875 906 978 982 987 990 1021 1057
391 276 426 441 453 485 543 580 650 658 750 757 787 834 867 980 1057 1064 1074 1085 1165
293 184 274 317 319 332 409 431 441 442 503 523 562 563 633 669 673 685 700 728 751
35 311 333 339 386 395 421 503 541 555 596 642 666 679 709 758 769 813 889 961 1008
45 156 163 220 237 310 358 362 441 485 505 519 538 543 565 575 638 658 844 899 919
250 166 198 217 219 231 263 299 309 351 393 423 435 551 571 577 597 615 624 652 658
117 375 379 388 463 489 529 553 562 626 638 645 659 679 716 832 880 938 975 991 1005
128 266 286 294 298 375 381 393 396 407 488 528 598 613 647 650 711 746 785 861 905
223 343 407 507 519 534 586 762 841 842 873 888 898 922 927 951 988 1067 1080 1112 1171
295 377 408 481 519 563 605 617 664 706 710 728 758 868 898 904 912 956 964 975 989
73 225 229 239 251 279 314 336 353 360 389 478 495 553 688 710 719 779 801 802 806
136 281 294 298 328 373 379 383 396 520 621 711 723 779 874 894 901 912 944 1099 1116
275 334 366 377 446 490 523 535 552 612 639 646 670 688 703 718 734 737 869 899 902
325 150 185 194 213 232 280 297 318 350 365 372 393 450 476 510 537 539 551 567 623
442 335 354 359 393 423 429 468 475 484 515 533 554 572 598 601 645 651 670 676 740
399 276 301 306 307 349 466 478 496 584 620 663 711 727 731 776 837 838 974 992 1057
560 383 422 460 482 532 546 615 616 618 701 747 776 811 824 827 884 960 967 969 987
776 403 459 485 550 566 628 662 690 776 836 840 864 945 1006 1050 1069 1141 1200 1212 1233
257 176 208 243 254 392 397 398 418 442 446 519 523 563 573 630 633 639 646 660 702
302 252 257 363 403 487 493 506 550 619 690 776 819 840 862 864 918 945 987 1007 1039
361 358 370 396 468 527 530 563 564 605 617 699 712 718 730 789 955 975 999 1010 1014
110 584 592 667 700 742 838 974 981 1057 1067 1068 1101 1118 1131 1139 1146 1246 1286 1289 1295
1258 438 489 621 626 631 747 749 779 802 894 896 955 1028 1127 1194 1210 1215 1216 1253 1300
54 408 428 431 477 485 640 859 861 892 950 973 987 1036 1158 1180 1213 1214 1218 1257 1271
154 496 511 565 566 716 721 728 762 848 892 921 922 984 996 1033 1044 1172 1214 1234 1237
277 419 461 480 501 519 552 630 634 656 660 702 715 734 804 940 951 967 1019 1022 1039
354 221 246 281 404 413 419 431 524 612 642 731 800 858 873 900 941 1060 1063 1200 1260
608 486 509 518 666 705 828 880 888 895 931 985 1073 1089 1142 1158 1165 1177 1202 1287 1289
878 525 545 660 667 699 721 757 762 853 921 922 951 961 1099 1137 1148 1191 1199 1214 1218
57 368 475 559 584 664 700 769 770 772 789 839 842 899 956 1068 1135 1147 1159 1208 1239
199 160 161 191 331 403 408 487 540 541 550 628 690 724 729 745 756 766 776 893 1012
356 377 409 420 426 440 519 576 612 665 702 715 737 770 813 845 913 935 983 999 1022
413 447 477 553 562 563 564 658 686 699 746 802 966 1021 1071 1074 1227 1262 1274 1318 1325
883 420 501 506 519 596 613 630 644 734 740 842 940 1030 1038 1045 1060 1067 1092 1093 1112
374 499 595 619 621 629 636 649 698 708 743 759 806 894 897 903 920 949 1027 1075 1128
498 254 334 406 421 446 484 552 627 630 634 660 673 702 728 740 847 873 943 949 988