2857 156 86 1257 159 2169 1993 165 180 170 3025 1818 2601 173 4224 166 160 154 177 169 2923
259 236 231 245 248 235 611 249 225 237 229 5481 240 5899 2502 242 3725 2243 5727 2081 230
1195 239 3890 14 1829 5007 703 222 240 237 223 5461 5932 234 235 5128 216 225 3801 226 238
1209 5498 242 4730 4518 4551 478 235 2391 231 3856 229 236 224 240 217 233 239 218 4435 5406
479 208 3307 4555 215 1445 206 204 2364 5393 1654 211 1463 5498 212 202 210 4293 193 217 5230
2027 2028 204 230 5057 224 229 86 5197 2410 212 3520 219 208 5138 241 1504 222 239 1500 225
588 273 4071 1716 787 2001 434 289 290 281 261 4809 292 272 263 3806 284 264 258 260 271
2570 257 242 231 2807 230 236 3517 256 241 255 2062 2780 248 78 5140 3595 252 258 235 249
1269 310 5386 314 4256 784 316 301 319 1147 2087 1536 3802 306 303 2331 1539 5547 331 4479 326
592 287 264 271 281 270 2839 277 2821 5295 275 4377 941 1594 265 268 274 1154 683 694 3384
1579 3453 5234 257 260 252 245 242 255 654 249 2667 258 2915 272 3106 3417 271 222 2152 267
1197 245 2513 61 271 634 1918 2958 1553 272 255 248 258 270 2560 256 263 4953 264 2076 203
607 5006 301 308 1616 915 295 5414 299 286 274 281 4288 297 300 303 289 302 307 6013 3181
2761 5960 4874 272 270 1744 5904 4880 4272 3731 293 287 273 277 295 269 281 285 289 299 3950
109 3335 3576 273 267 283 284 4645 3078 4375 1092 2193 4325 264 261 5468 3790 271 4525 6040 279
2395 287 263 271 5771 64 265 4307 267 4120 291 273 272 5976 3620 2210 1740 264 294 1759 293
1196 4813 1524 273 1273 297 572 300 270 3524 277 284 302 1400 275 1394 268 4724 2622 4880 295
526 21 295 310 5724 307 297 309 301 314 308 4701 293 291 319 1637 311 5707 3170 2450 4922
1616 324 532 423 295 3194 301 309 297 300 2127 3928 5380 4200 308 153 796 314 321 323 704
1264 890 259 263 819 284 249 939 4926 529 2075 420 271 4638 609 268 4098 255 215 264 261
1096 286 2045 302 3099 3917 4998 1354 301 275 290 857 784 293 4522 299 2420 274 4936 2741 314
2627 2864 324 1363 3188 321 335 306 323 338 628 329 337 1437 5538 5962 2412 1313 5178 331 308
2996 1267 1705 5486 370 1939 2409 329 2823 5352 1521 1562 351 331 302 55 352 4266 323 309 308
317 274 267 3559 427 263 271 261 287 1518 2094 301 295 2346 2110 300 2732 5162 284 2920 2971
857 358 3743 2384 346 2939 3990 2316 355 2224 371 2543 1045 366 5893 391 310 370 3859 332 352
355 310 4137 2952 306 293 319 4522 4485 284 286 2968 1519 3226 322 1573 283 3055 308 279 290
2715 1330 322 4128 1287 346 4420 441 1910 331 351 344 212 333 5961 2676 5509 340 329 5986 326
295 297 667 286 3437 3807 306 383 299 303 308 287 5035 836 5860 5338 301 2262 309 311 319
1239 4973 16 372 326 4597 323 1225 3655 338 355 3304 331 5644 2164 3027 343 336 321 351 342
0 5988 310 301 3923 321 326 1441 2227 3022 329 5391 3069 306 358 3627 307 337 302 314 4911
1213 2528 349 5249 391 373 1459 385 390 341 381 207 587 239 1256 581 2506 397 366 1029 352
2915 3294 2668 349 329 3804 3440 336 3633 337 2879 752 319 340 335 342 321 3421 343 338 2115
456 350 5341 3278 1963 50 3904 4854 311 337 314 2737 326 349 309 5467 324 2527 328 3131 329
3577 235 814 5232 2033 227 4542 60 222 224 3846 5548 244 931 3909 225 5116 599 230 237 220
1199 5115 2444 260 414 406 469 424 397 386 375 2130 412 614 1026 4289 409 422 2078 398 252
540 4717 498 472 461 477 3260 2412 203 456 5648 476 496 5542 5979 464 503 1636 462 475 5183
2986 797 377 372 962 393 376 3486 3727 2082 1948 392 360 354 2609 358 4912 5968 355 1461 370
1258 409 2443 400 408 398 2426 292 386 406 860 385 402 3860 2673 388 411 3985 396 3739 2858
49 398 4827 5849 2090 349 342 4495 400 3486 4963 386 371 378 385 523 377 353 2350 3144 231
33 408 441 375 1989 3910 3972 380 438 2426 411 412 420 3346 415 615 398 939 386 413 5467
2790 340 2885 313 307 5476 1926 326 301 2721 331 917 5989 5540 333 3125 308 296 329 811 297
779 930 412 342 372 631 352 355 1289 366 2685 398 348 349 280 5311 383 2647 3016 1921 4660
3174 426 4149 396 3294 2840 864 3070 416 415 423 4776 406 425 411 431 2130 435 4415 424 386
1192 349 4252 3637 1699 353 2016 2229 361 335 393 1821 5625 357 366 390 4723 962 1417 3890 383
918 392 360 377 888 2738 403 406 436 2758 434 3666 366 373 2582 3122 5117 4563 3333 4532 4642
923 429 1444 480 462 619 1250 471 476 3498 5201 5180 441 469 5447 442 5704 472 2173 4139 5407
1126 419 2229 392 422 402 424 415 426 398 401 4454 1395 409 1192 385 1565 1588 1327 5822 5195
2354 344 369 5162 385 2286 4802 5752 355 5601 1583 370 378 343 380 2808 376 4461 500 2327 5495
1386 364 431 481 4200 428 1438 1208 449 477 438 505 509 457 1085 1455 5050 520 1046 442 5986
1220 5800 3983 478 457 466 953 474 2227 498 477 443 3510 445 4690 4810 435 429 461 1950 471
911 3772 442 4464 503 1864 443 419 894 5615 5720 423 466 5721 444 1209 453 415 1758 456 435
1035 394 398 4542 392 3794 397 5571 5357 3931 400 388 3127 377 4214 403 2644 409 1189 4587 3123
1212 560 2975 857 4002 461 2671 439 456 5472 431 454 2137 864 5604 426 451 424 4969 443 3726
1609 503 2213 438 426 406 409 5528 412 403 435 425 4461 2720 384 4942 3428 1185 1097 374 5578
376 328 329 3670 324 5119 4895 5652 4805 1239 368 5027 362 2390 337 2998 349 342 355 352 1987
1290 372 2385 3804 408 3485 1286 2508 4164 956 279 5820 1710 895 351 1878 360 400 421 355 377
1999 415 481 4730 461 2958 401 479 634 426 7 454 5711 5785 475 1081 1045 3234 477 476 4656
1135 5208 4128 419 3775 430 402 3384 5291 412 3998 3277 5072 438 411 78 750 405 3276 410 415
3113 3503 1486 378 403 419 1454 399 4894 385 4913 380 368 397 1008 417 413 386 406 1098 4504
1306 386 409 3078 887 400 4511 402 3372 3126 411 132 392 127 5116 405 406 410 2622 404 21
1703 386 389 411 412 5608 372 5595 382 400 2655 2703 404 1175 385 1801 397 403 392 2432 829
1720 833 336 3693 631 5765 544 3026 333 2639 415 2545 3459 338 352 382 344 894 355 349 368
1967 4324 438 416 386 424 402 1080 392 415 93 4801 4276 406 397 4174 980 5540 409 442 1123
647 805 283 978 4416 275 242 264 469 263 4382 5647 1881 244 260 5175 267 3417 270 250 4500
2598 1205 3401 411 454 423 2060 453 410 429 467 3104 957 4775 5446 3244 457 4580 4159 390 1656
31 989 438 475 958 5666 1216 3546 1114 453 2523 472 471 4792 431 508 445 457 429 1093 424
3792 2093 321 330 295 297 298 4423 293 306 2056 329 296 5694 323 4705 3796 3363 2086 308 319
2173 1355 449 442 438 436 424 409 2788 454 5379 127 431 402 4927 3968 1934 64 575 565 429
2796 1220 3622 497 476 5391 508 4567 4518 463 451 3635 2575 470 4208 454 2748 479 5585 498 2276
2290 401 534 5743 4240 549 583 5746 558 585 577 541 5639 4457 3028 3134 543 4339 559 547 5125
2917 412 457 3745 2912 411 2382 417 436 4228 461 438 5994 3255 1703 3870 5724 451 415 80 439
589 479 1000 442 478 3983 1567 424 5619 4002 437 3575 475 2674 474 457 2140 452 1851 5073 453
2958 5363 483 5348 5479 486 3463 3476 5146 467 5980 426 4360 429 4293 457 438 453 474 454 5772
3470 557 510 5064 558 594 3875 514 522 549 2188 5697 1370 547 563 1472 757 4395 550 530 4413
1373 530 532 1256 1410 429 3156 5145 538 535 1134 523 539 5209 544 387 550 516 4530 543 529
1393 505 515 482 3601 531 523 520 2600 1409 2603 0 463 5936 524 5381 481 245 4614 475 1280
2682 2602 1464 496 5805 459 5241 487 1770 4465 495 476 2675 506 122 457 454 484 2141 494 103
591 990 1687 467 479 4965 509 475 461 1069 3753 4262 1289 448 513 520 524 508 476 5204 4642
1783 2465 403 392 386 409 402 2503 2980 398 375 3255 2660 228 410 372 4841 4915 534 3984 395
1572 547 543 530 226 539 2809 68 509 1936 4184 2616 475 4860 531 294 452 5331 2368 457 3165
1303 482 4646 520 518 515 456 1267 453 451 3259 1471 481 2418 5067 505 455 516 476 4270 3451
3417 4767 482 4293 479 4490 5403 4336 481 477 2237 539 5311 1820 526 531 464 4114 541 528 3307
222 4356 5253 4614 509 1654 531 5289 524 2689 498 533 506 3774 4222 5889 1766 520 527 528 496
379 1321 3105 2644 402 457 2642 1849 5259 424 453 438 426 461 415 452 3728 462 439 403 756
2705 1561 513 2886 3948 454 442 5381 2178 4264 524 496 445 459 5928 4254 158 482 4066 1302 457
1224 4708 517 5929 477 4708 1827 499 464 5525 3798 3821 3021 513 5110 462 469 4722 451 498 453
1583 472 5060 1357 480 4694 524 705 301 499 516 456 2574 1370 3929 482 1796 528 490 462 531
1526 482 509 505 494 3114 4010 5789 5442 452 5405 474 475 471 496 476 4348 530 454 5907 508
3480 426 424 1797 453 411 438 429 5981 2407 454 412 5017 2812 4602 409 1490 448 1868 5650 425
1922 1652 4108 454 3982 2989 1208 1278 411 482 597 2825 5016 453 5311 1156 466 476 438 428 3616
749 832 534 558 1195 5103 557 556 3409 580 3459 5336 2538 566 3610 564 537 5866 551 505 4371
2698 1054 566 2926 5420 602 624 2048 439 621 543 585 571 5887 3604 1107 546 4166 4809 5432 4753
38 917 550 531 3313 2711 1627 520 549 1198 1696 566 541 553 558 556 2533 547 509 241 3584
20 463 3006 515 496 1173 528 904 474 1003 481 482 41 1455 497 5013 4511 1876 2911 2928 531
1392 451 468 461 1036 3646 5820 499 467 528 3823 482 439 2716 1514 5887 4503 442 1730 126 457
2803 5923 517 482 5459 499 451 475 3663 565 513 489 466 453 520 510 5582 2815 454 5984 5290
587 57 531 741 500 510 918 141 509 520 539 516 541 684 2553 3316 2019 524 536 2570 528
2405 3486 323 4907 3218 524 516 4057 287 543 1210 499 965 810 509 505 520 536 1437 3795 838
1219 588 556 120 4684 587 4831 2079 3972 536 550 3166 558 1091 3464 4439 560 549 457 566 533
732 4588 2297 5656 496 461 435 482 509 4419 456 3090 453 4666 700 477 5990 1651 4871 5941 480
1229 615 3959 630 4736 655 5963 651 2023 1531 3533 624 656 3597 3805 3324 5621 2125 635 641 644
3175 6040 3734 2649 3839 604 559 577 751 3922 3994 3782 588 633 1351 784 554 600 535 621 593
1960 3019 462 532 531 165 233 481 5313 451 533 3799 497 1359 2571 471 5092 2605 482 479 499
3750 319 302 303 330 300 313 2870 325 5397 301 331 5824 1518 318 310 3199 2006 5246 4463 5873
1078 543 1656 5535 2651 523 591 5919 1990 588 515 5966 4973 5710 1497 531 2598 594 2392 5243 3792
907 549 1804 611 591 588 4860 555 617 586 2094 616 550 566 4727 551 4260 1670 2440 3263 3130
3407 487 2176 456 506 426 500 439 618 445 5873 499 4011 2750 438 429 2293 485 459 1262 464
1072 3171 453 5341 479 476 695 462 449 482 508 3388 5613 304 1294 515 2126 475 500 1864 4540
3622 476 509 2731 2582 480 482 1382 533 516 5228 5376 461 5719 518 506 520 4423 512 2676 1004
1355 5653 547 541 560 549 530 528 2669 997 3284 1962 510 408 5644 508 533 3296 550 536 3685
3526 775 5700 480 2404 5435 472 442 481 508 477 461 435 454 4740 55 999 1749 1859 440 1407
2699 509 5436 5030 546 4685 4713 533 529 506 531 2179 1619 500 318 2003 543 515 510 1945 5136
1218 4155 692 639 665 676 667 1693 5084 2725 671 651 637 3667 670 1229 687 664 4231 5625 661
1246 5093 499 547 509 546 515 2652 3590 527 5065 4632 524 4983 531 2165 3089 43 540 543 518
1088 1441 577 467 583 4450 262 5431 524 530 549 1945 1307 571 5528 531 566 332 574 2756 585
1543 5881 3976 438 392 442 426 424 1792 933 3340 415 2038 435 5027 431 429 441 427 3021 436
1221 626 622 624 608 549 401 580 3653 4196 5676 591 4477 601 5944 631 704 263 995 4969 556
149 2637 533 5473 513 1667 499 496 481 531 498 509 528 924 4896 2569 493 3169 479 2923 5714
110 624 1400 277 206 1238 655 623 591 282 867 602 4307 3174 629 601 621 2747 550 4294 4731
3752 5168 352 3403 368 380 349 376 354 416 209 395 370 4253 363 364 2553 3679 2788 403 355
2709 3246 2843 663 5675 643 1646 2397 2608 667 1627 4217 2744 580 621 598 1852 4864 587 468 4426
356 5266 547 543 518 3298 2730 1413 524 550 2236 2058 5700 533 551 520 523 549 782 528 531
2656 3102 2902 583 563 604 549 1487 588 601 3962 550 518 3273 460 547 543 5423 277 541 546
1093 1250 590 577 754 595 2464 611 593 2088 2846 625 630 601 558 588 3019 648 4328 5696 879
1205 624 651 660 4710 673 2074 646 3181 419 3284 3803 664 2672 4685 676 1 4920 637 615 631
2984 5600 2965 1282 550 623 604 3728 1033 621 624 566 4719 575 1565 170 4370 610 602 5479 636
2639 4566 558 631 625 639 86 604 637 588 587 2321 624 566 2424 4499 583 2237 1336 563 3139
3146 1332 5836 607 588 631 4474 928 2953 558 583 571 2243 639 3316 5319 5636 570 5638 3864 551
2394 553 533 587 549 2577 1926 4558 620 578 546 4275 88 2439 115 3366 613 5437 4014 556 604
3420 594 200 674 676 2184 4030 3699 624 631 678 664 610 651 2799 2785 660 2269 1218 588 378
1516 504 1381 513 523 4684 5190 510 520 533 5986 531 1234 361 543 1511 5750 5016 4657 509 517
1640 647 559 656 5221 464 576 631 660 577 1069 590 3951 620 664 1267 1908 666 4828 651 655
1277 3468 549 3920 536 5588 615 4805 543 624 4849 4296 841 637 651 566 550 630 587 174 4205
1251 54 687 4411 711 1521 696 672 656 4315 283 94 660 886 699 677 700 1824 4544 725 3969
366 4851 2610 4527 569 2897 4168 3782 558 1195 727 620 2892 560 2090 608 541 1976 2811 4641 3544
1357 2916 5622 3344 1033 1361 587 591 3751 577 5130 588 967 571 563 549 2759 558 790 914 2940
1207 5171 3526 671 637 1816 5346 5994 651 1518 551 5175 646 990 5606 655 1949 645 615 591 403
1675 647 610 4375 1296 585 632 3927 2528 615 4910 5144 566 602 575 651 631 571 2102 2471 609
2099 2591 3914 1454 563 551 571 4952 3030 631 550 601 624 4248 566 629 577 627 2259 5971 3443
2528 678 8 27 2989 2188 749 712 692 4681 2952 2404 677 696 2606 4541 690 4810 823 2204 716
2010 2255 549 587 1743 557 591 3937 579 2778 563 5901 2650 547 604 602 4854 550 2539 566 601
2320 524 528 2868 591 550 2579 553 3016 2437 541 551 546 575 531 1132 3505 569 581 2415 1005
919 5531 524 2955 520 549 558 533 5017 4892 516 5850 4981 534 518 537 1483 2670 531 2323 3602
2323 4813 464 1661 531 463 5966 4479 498 482 4532 537 5452 495 1219 493 2656 2488 4892 499 549
2011 5445 550 4282 589 407 1272 636 610 1274 274 602 575 544 2831 563 4421 1716 637 1212 571
1089 100 3707 601 5701 1253 2229 2718 543 2812 615 5040 580 610 530 551 550 5409 3857 608 558
46 621 5512 3042 1601 1859 4393 595 2682 587 543 1901 577 531 549 4307 2355 1620 550 541 585
1499 1387 1652 631 1167 712 3939 647 275 3061 692 660 697 3753 710 4164 4246 1027 835 651 676
1369 580 998 543 505 482 539 531 2355 4904 513 2179 3139 3017 81 2668 533 1300 528 549 541
1953 1111 587 601 2938 901 566 5849 2881 143 1571 639 649 615 860 637 591 5591 625 5328 4542
1672 671 673 3207 5095 4724 648 5764 3245 950 1554 5824 631 640 727 621 618 2791 1193 2410 658
2114 3704 1650 588 536 543 550 533 577 539 531 556 5009 524 2516 5603 2975 3094 4065 3758 601
2193 1968 577 3580 620 588 631 639 4963 4296 2607 2384 604 3983 591 655 891 4924 3666 638 651
1375 1498 624 2769 637 5853 2272 651 5849 604 696 678 576 610 639 3854 3769 638 5674 642 3258
586 145 556 531 2881 541 4777 2408 2348 543 577 596 570 553 583 946 558 4123 5556 587 1485
363 629 585 4899 3194 614 1717 563 1864 3291 587 635 551 601 550 583 3236 1558 3427 634 406
3252 575 2097 3797 549 5990 420 550 378 651 5656 647 620 587 4395 605 5971 3091 1302 660 628
3670 588 676 5411 5778 587 615 637 631 660 624 594 3796 3663 4014 1607 651 179 5821 678 626
1287 5902 664 601 3858 645 4247 14 4957 4301 3613 692 594 624 4585 5875 2070 614 1397 655 678
315 4900 636 678 687 646 2719 4742 2520 652 5522 2224 660 3337 685 1553 632 2234 663 610 2885
922 5479 671 710 2035 1300 1171 4820 677 664 3209 3179 706 649 411 698 2034 670 696 692 702
3159 616 635 3207 4115 667 1310 2433 643 621 4341 623 2006 2653 5079 669 673 638 612 2437 671
1241 528 558 566 2970 4197 543 1267 3063 2320 2759 4704 580 5612 2417 883 530 536 1227 588 2674
735 549 604 528 543 566 3236 534 1602 4869 608 603 550 2103 69 5216 414 2672 639 646 605
1916 632 646 566 608 2171 563 1489 5379 1870 658 827 2362 604 4212 3443 4307 610 652 3135 571
1293 624 3559 5386 377 1461 2248 594 651 2725 937 4600 641 635 619 4000 660 1730 640 340 2815
3254 558 3787 625 595 4340 651 566 603 577 2166 676 4246 2528 583 693 2327 1429 3156 2086 3581
1731 668 678 4259 698 671 710 687 701 5006 702 4059 923 993 2352 692 1597 180 2997 64 676
3360 4029 1625 2676 2495 1017 685 558 677 566 4410 551 655 624 676 651 660 577 631 288 99
1395 676 2444 624 20 2802 576 1725 678 5829 674 620 2104 4693 651 4372 631 494 666 660 610
2762 554 549 1412 4711 560 646 2197 1365 4351 3835 5692 648 959 1078 3788 3407 4452 566 607 4646
1257 798 379 839 2531 830 757 863 824 753 1092 802 65 735 791 816 752 5275 1918 808 5973
2301 1773 4311 691 699 281 659 669 5088 702 4363 1874 676 710 660 692 3104 2898 418 730 3984
3447 1072 528 4559 5906 3065 558 580 3924 588 591 534 550 1621 515 4160 608 566 3403 1767 5913
1652 2386 4469 696 1186 691 2 666 714 4787 5202 652 692 2551 699 660 4311 706 2111 713 655
1607 552 1156 605 601 575 603 604 4629 647 660 4858 4598 577 4799 595 1032 5730 2607 3822 815
1390 702 2639 669 2337 698 746 716 1498 4266 729 752 721 349 699 731 579 2689 564 1869 2597
2691 551 4268 530 31 5863 1100 498 5289 509 520 602 493 469 500 511 2080 1729 506 960 526
2454 4612 736 765 4608 705 2745 3753 772 3095 2893 1629 777 792 752 710 749 468 52 3571 3600
3080 811 752 774 1392 709 721 712 772 1572 724 3385 145 710 304 777 720 2570 2413 746 127
3701 3856 720 2071 3183 716 698 673 5312 2534 679 752 735 3696 744 712 2736 2122 3316 687 739
2267 549 966 5611 3290 4457 583 851 603 631 2425 624 625 595 5354 591 1836 558 2151 577 2514
594 1176 5123 2133 566 624 5309 634 1097 4910 550 2950 570 1199 583 3949 4050 639 631 614 628
348 4623 5074 647 714 687 660 4399 683 692 654 756 334 512 941 254 3958 652 2604 3103 676
968 651 688 615 646 637 5048 2294 3401 704 5437 594 4891 4898 656 672 639 702 641 1759 1110
3255 637 5619 652 3383 661 660 5385 663 2523 683 800 1805 378 692 2171 674 639 687 481 3043
903 4768 737 1571 765 4281 1816 696 656 3890 5826 664 755 749 670 674 711 3495 2279 710 6005
1233 1399 5941 639 977 1151 3267 646 615 4991 1945 1907 1235 651 641 631 538 655 656 677 664
596 676 2774 1109 660 5295 3982 5858 639 588 630 651 4134 595 4320 5017 541 637 601 486 591
1673 1223 5981 759 715 735 713 721 711 755 731 3504 1919 1408 5476 4276 2517 4518 3711 732 757
2053 563 3795 5793 604 5097 5654 578 5144 5230 550 5835 566 800 556 794 571 602 610 601 591
912 829 808 798 811 793 1710 800 840 796 3068 752 2902 3886 1932 1197 839 824 5907 837 3102
2080 631 5106 735 637 2027 5318 5875 695 3338 634 669 699 696 662 4558 2778 655 676 6035 685
3702 712 646 4646 696 661 687 1226 692 671 651 21 2189 2910 1433 678 2253 4328 2596 644 20
10 5952 708 4279 1910 129 628 3172 595 658 646 588 196 659 3295 3667 581 593 4702 4623 639
1376 5646 3763 678 5079 695 663 687 5887 3897 692 1131 153 336 510 5693 710 721 685 696 3653
2889 504 660 2359 5235 673 3185 691 2851 5690 669 4637 4395 624 601 623 3119 2580 4067 696 5526
3754 424 392 567 2754 380 4599 403 386 421 5791 376 429 1920 379 5328 651 5162 415 427 5295
1027 651 629 699 3709 3810 1427 1204 2226 721 678 4419 714 713 3128 1206 692 639 5544 634 360
2000 5570 791 752 2831 757 1686 798 802 780 998 4645 2256 754 443 749 1437 2538 796 785 4820
1100 1773 2903 324 692 2768 3408 654 604 624 4517 637 1197 2965 676 1688 4669 630 626 678 639
2967 816 4382 830 2565 840 788 844 792 802 2176 2880 2759 905 3070 889 3549 796 4684 4692 881
2616 5770 686 3983 685 3727 2601 669 667 5089 687 4224 2037 1709 5912 797 652 639 1646 695 654
2406 3115 4584 4103 124 1021 130 1962 1483 5529 129 711 687 689 690 5806 744 764 770 713 1159
1681 679 5220 608 4274 607 5092 678 692 5395 4253 706 676 660 655 1342 659 97 3315 669 83
1232 1018 746 2825 4516 660 556 749 674 2312 702 5574 671 3900 661 755 383 725 696 688 4665
1371 689 4174 2079 4128 610 690 669 663 624 2541 1365 678 651 5967 1510 2024 639 604 156 632
1265 5476 2235 4933 991 699 716 720 618 1289 4531 2269 692 1430 690 5782 5625 6001 2646 696 734
550 532 595 60 533 566 553 588 4570 549 3540 167 3495 351 1031 585 550 5577 536 2518 546
1908 654 652 712 1562 692 3060 710 5498 700 2113 669 6027 660 678 484 687 674 668 2539 698
3896 558 2425 1405 2611 550 3124 2403 528 5517 524 3451 548 5020 4989 536 4250 1523 3327 561 555
328 4529 692 4209 3359 5998 651 652 3598 5734 5645 669 1402 660 2461 1024 1525 3978 699 2572 696
3362 4516 765 2068 749 731 801 1795 770 2165 802 4045 5261 2552 4263 746 2647 719 776 727 1152
1182 765 1952 3854 5899 706 727 1849 702 721 5865 691 2463 2175 755 3159 2487 746 2773 752 4530
3051 855 629 822 578 3632 823 848 3497 1985 189 775 3044 832 2703 852 3055 889 839 781 4547
2352 676 692 2289 5393 710 4691 669 699 687 1594 1532 2089 5125 1736 712 662 683 4650 714 2198
538 4519 3835 702 669 689 2263 677 678 687 5316 674 5299 4848 5777 676 5082 3315 718 713 701
2005 5168 2702 592 41 560 626 5839 605 1934 4588 4772 570 603 4005 572 608 104 687 4143 604
3071 624 5582 4098 2821 576 651 577 4556 563 655 600 613 5439 4987 630 359 660 635 588 131
24 891 843 905 2026 3097 4731 483 4464 911 897 918 881 846 845 991 889 855 5778 870 414
2288 569 752 2578 737 5850 810 731 832 801 733 5147 350 5332 4088 795 2640 727 5910 728 824
1407 660 604 615 570 5685 590 4353 2381 655 624 3049 4309 669 4336 639 626 5485 637 609 1966
473 646 4364 2407 663 655 668 676 647 5116 687 5865 604 4568 692 660 2418 107 683 3640 1843
2104 751 2187 3002 651 735 5548 222 716 2089 696 421 731 663 646 603 1429 713 5158 729 638
3551 770 4677 4061 788 749 735 796 4731 765 793 802 5624 407 766 4773 347 572 1388 711 732
1638 737 1186 802 728 3398 727 5227 5451 801 817 828 1932 1588 3336 1547 3531 736 770 752 3607
1551 660 3302 687 724 714 685 678 1747 3200 695 4289 721 5552 3442 710 698 2270 1426 559 699
439 355 3774 603 669 1007 651 3647 3070 628 660 4123 3637 637 689 4334 600 5301 613 1751 647
787 715 716 2640 720 157 979 2079 1954 1430 762 3433 698 5593 752 2318 757 710 770 745 714
1214 746 733 1323 5185 2378 716 5828 712 1783 731 737 901 2488 744 730 709 702 4110 690 5772
2711 694 710 4875 772 579 603 619 744 3132 284 739 787 720 3059 5690 2122 2179 4555 734 1631
3107 1848 4445 698 2235 4884 737 759 5477 697 5237 735 726 713 4660 786 722 710 1086 3838 724
1281 1157 3954 3433 1270 509 5703 525 473 462 1027 510 3298 520 501 5214 467 531 490 4586 461
5 1737 808 2005 778 5087 796 770 1314 818 4961 5389 5061 802 5543 1638 781 5626 783 795 749
1249 474 513 5280 501 3533 482 518 2994 1646 345 524 1804 3417 471 460 477 2086 717 515 2283
2335 3501 692 5234 752 3999 706 731 5382 704 774 755 5650 5536 754 727 414 3304 1752 3657 721
2745 749 1849 1809 842 5078 3426 753 721 4487 735 5604 780 796 4390 1572 766 793 765 744 752
2769 773 2002 727 274 752 776 770 652 712 5003 2107 757 743 710 314 4868 696 4006 699 3687
1275 796 749 720 3882 1991 731 752 743 2936 5048 811 5973 758 3024 2180 776 3568 737 2506 4577
35 3911 2218 692 275 6034 5616 5662 699 758 795 774 4723 3059 2195 728 770 798 143 5290 721
1206 5993 746 692 5198 737 4018 1474 661 1669 674 4115 670 698 1501 702 4735 5804 673 5865 2102
234 702 752 657 2298 1812 4699 801 770 737 744 699 796 731 5456 710 3732 884 3738 823 909
1374 266 802 224 3966 780 606 739 785 800 765 777 788 4928 4325 4501 2502 4113 796 791 1559
1079 840 780 2050 3568 769 802 889 3843 852 791 401 3666 3872 796 864 337 752 5987 1387 2683
1319 3267 3900 3390 817 796 5927 780 802 1991 3288 5360 24 777 767 744 752 810 4165 447 808
292 802 810 1960 928 839 4511 893 2923 881 818 3434 607 905 3969 774 1802 3304 3537 855 2409
69 2442 2369 710 752 735 2850 757 5240 2204 2788 791 3958 746 2241 4441 712 3376 748 715 765
2247 5520 4045 1324 1045 786 713 2453 727 5 691 721 693 728 2725 2513 743 1099 752 733 735
1198 881 816 802 882 1725 2184 685 5150 5742 595 929 839 5092 885 824 953 850 2318 954 1204
2469 752 5427 749 5261 1244 744 765 780 2247 710 788 1080 770 49 5825 721 716 2490 5373 5593
1776 734 903 3323 721 5433 713 3921 594 1993 687 5976 258 744 726 731 714 727 724 3955 699
1911 845 3806 781 5375 757 3298 4451 808 822 4830 1425 783 3874 2511 791 817 844 802 5697 1756
3554 662 5987 5777 644 631 608 650 688 612 624 5139 664 4995 4320 638 3244 637 4798 833 604
1746 710 752 757 5719 678 3396 2094 728 2840 4613 262 4984 765 718 743 731 3051 4131 184 2972
902 3826 2491 903 2815 922 840 862 872 914 844 4908 874 928 2803 889 5575 864 2039 931 5283
2700 746 716 712 710 539 5245 605 729 802 698 1853 101 1582 720 2841 699 714 3885 743 1668
3032 2536 766 757 762 752 4474 732 990 1640 1666 1430 2445 765 788 770 2643 5606 737 744 1701
2946 796 2847 793 735 981 756 808 3930 837 124 5379 1512 3548 716 717 3009 2076 791 5478 780
1875 858 967 851 5284 894 816 4457 4860 5199 5962 768 1039 838 789 780 4304 876 2429 777 5903
9 5675 4666 3244 781 1295 5792 780 2574 752 1061 762 320 35 99 2429 757 718 128 651 753
1406 1873 1235 889 1440 830 3791 5185 808 855 859 5747 4767 868 2949 869 840 884 839 2989 2629
3209 1226 973 877 919 899 2977 3192 5672 921 812 916 538 935 904 929 948 1898 970 5245 2536
1178 1536 4993 873 801 1005 810 831 3015 2479 3687 994 758 1626 877 796 2055 839 837 850 2440
1996 1154 793 677 3405 3466 676 679 651 743 667 714 764 3403 3497 4281 711 656 678 1048 3435
1128 4129 631 3750 673 638 799 5385 602 5397 604 660 701 120 651 639 2626 624 411 4857 1348
3005 930 952 490 855 4834 5614 4519 2308 957 877 204 1536 943 4230 875 3543 4325 928 889 999
3498 872 5298 1495 663 3903 877 1071 817 904 1525 27 1982 889 822 911 880 868 850 4768 897
1034 3301 771 824 2876 669 4157 3832 796 836 5497 764 777 2429 735 830 4238 731 833 780 2051
1147 748 4129 4628 1877 887 691 5111 655 702 656 2093 719 5753 681 2402 669 722 5426 2649 743
1624 312 780 793 4163 2996 4397 5159 4136 5136 855 854 876 1451 5594 818 829 802 770 777 2625
1747 829 1342 3117 765 788 616 737 786 521 770 978 3174 818 1853 780 4251 4700 324 2869 774
3173 3575 2474 2155 973 890 935 984 3982 190 948 920 957 940 934 963 967 918 4215 4220 3243
2501 696 2002 735 228 694 4614 2406 5390 2822 5882 731 732 720 710 692 698 1618 701 3555 5279
3106 728 5943 744 1362 1523 656 718 763 3671 757 3891 768 2601 746 485 1205 767 879 5880 752
3698 770 3383 765 541 777 2089 4358 796 759 846 3403 850 816 1226 694 834 838 735 767 744
2079 767 721 557 710 712 764 5372 692 3653 1220 3646 2607 780 770 714 791 731 713 1537 749
1721 2406 4670 780 817 1520 770 5332 777 2719 805 5791 822 753 735 1198 752 4296 783 1898 810
3081 344 1051 1121 4646 2822 4320 1097 3032 4006 1120 1117 1112 1018 1054 21 4717 1053 1099 1088 1087
3947 614 5211 2818 5690 457 5045 5799 978 3629 462 3265 473 2696 2938 474 1536 475 451 4616 478
1952 948 1795 949 2321 3058 3983 858 931 889 975 839 873 3897 929 633 829 955 939 639 4429
3607 2377 731 4650 802 735 764 791 256 711 982 4475 796 1772 752 732 788 765 4612 5101 757
1245 5932 185 646 696 698 639 654 4269 637 697 5266 5751 4500 692 3177 660 3403 669 677 2660
2722 721 4986 186 720 704 1617 712 2486 669 5258 694 718 1706 729 2941 5709 710 3262 5259 1048
2914 798 749 796 817 794 4733 2642 1686 2450 5024 802 739 713 711 3920 3439 5389 732 752 744
2907 2439 869 896 937 4351 3247 846 924 129 2259 854 1174 5395 877 5978 3983 867 891 2495 1877
2640 5794 4145 609 899 963 913 983 428 5532 984 2362 881 996 987 5135 905 949 1526 2650 4084
2368 881 832 1819 822 4018 855 850 3582 919 5920 4235 2208 2158 895 900 4306 879 889 854 4379
3038 777 770 817 1900 2779 780 795 2026 3099 832 5702 801 846 3185 3452 2002 802 796 214 852
3542 902 2235 1638 873 911 903 1369 2687 895 958 975 889 5177 2963 939 3722 5519 3784 857 1120
499 1222 781 4567 5719 729 520 753 795 749 535 739 5622 822 752 809 2904 2031 4114 1093 744
2351 4479 921 3644 928 916 870 3197 970 4465 955 889 934 4839 5912 5711 858 912 977 1601 4752
2423 615 737 699 765 3972 4368 735 1233 2126 726 673 752 707 2079 777 1911 4918 4917 3891 731
16 750 3510 3391 801 3690 1785 3086 721 755 731 5244 4461 797 2845 791 3219 1206 845 839 5081
909 829 948 830 4752 869 857 5002 837 4824 3374 864 931 881 934 3447 1577 5453 849 839 3101
1203 957 993 3987 907 857 3670 974 439 2178 953 5965 948 889 872 902 1079 3339 4464 910 881
1644 854 2415 2905 2005 1503 859 4189 3428 890 911 6034 1921 904 3795 889 894 3021 869 2636 880
164 2534 846 4528 877 5590 757 869 2657 597 4402 2329 796 780 746 777 2647 854 770 365 3004
2107 1048 4693 2797 809 1313 877 5834 813 1342 800 5432 649 2707 5154 5279 817 1175 1433 881 839
453 904 4440 934 924 955 854 1595 881 933 887 2175 922 911 205 957 4686 901 877 46 814
1200 1744 929 837 2555 4339 955 223 981 730 839 977 5536 949 953 4479 858 984 910 250 948
3509 695 667 648 676 685 3222 678 4875 3542 504 710 933 696 5210 673 4730 692 717 2339 5967
1568 828 813 3568 713 805 192 5381 541 839 4558 824 5190 744 834 791 798 5073 2608 1532 801
1379 839 2309 4008 802 764 2976 3020 800 780 3293 571 796 791 1219 765 5535 777 836 797 3793
3808 6035 929 5580 952 2037 887 2352 881 899 4091 942 3402 949 4211 1080 877 869 4480 934 963
1596 4084 5082 891 889 904 877 2828 927 379 5068 899 152 911 903 269 869 915 920 922 1145
3525 5005 1475 794 5963 746 1043 486 1331 1775 822 752 817 802 4959 623 770 793 801 765 739
2166 5629 839 2818 2050 854 819 3046 785 774 817 2846 809 770 803 736 4450 780 777 5142 783
3449 883 887 809 5349 2709 4194 818 817 1485 2856 538 881 510 832 877 921 901 981 889 869
2392 768 780 4012 3256 811 783 1456 1491 4683 716 777 2439 729 774 2466 4069 772 733 721 735
2277 1445 950 839 877 215 929 876 785 890 783 818 780 5080 1276 869 4866 4037 2121 4618 817
1284 919 1004 926 2972 977 3201 1010 5396 2999 1017 5970 4252 3991 5194 1029 937 5342 996 970 1015
2426 5628 2610 787 1884 4223 818 2699 735 760 783 749 1959 4138 752 746 196 757 3547 839 5163
367 718 765 4394 3147 3797 770 752 720 5574 778 714 5263 3609 744 2059 746 3212 780 3533 721
2001 2083 1324 918 937 1730 854 624 935 838 653 869 1386 3887 4608 934 2368 877 929 911 839
2192 2563 800 853 5981 434 4933 2067 970 963 802 924 2516 1034 869 976 839 855 5811 955 877
3100 697 840 839 3910 4123 2223 922 937 1632 3307 2597 5864 5501 904 854 1539 5480 965 914 5903
2057 1189 737 4597 3232 876 904 780 877 881 2809 2985 1176 854 778 783 869 1276 1846 3558 820
2063 829 2360 715 839 3020 712 798 716 843 826 794 823 824 749 3340 5395 3315 2060 796 4243
1993 5778 5472 858 977 5729 314 904 877 5885 911 3663 984 954 71 3775 1644 868 970 975 854
3353 1728 685 713 738 923 1939 663 712 664 693 720 682 728 5608 2835 2066 735 660 3723 710
1370 839 3249 881 867 5584 232 788 816 1248 800 889 846 4520 791 5994 3593 877 838 1618 3967
2693 1904 929 927 926 95 5484 936 891 881 3686 1567 940 934 892 869 890 1055 5929 718 5318
3623 3494 1715 692 2350 718 664 571 738 671 731 702 456 1461 714 721 613 696 710 2729 1825
2020 1042 881 1565 949 4457 3632 955 963 2020 2107 69 889 2958 975 3909 2405 5030 741 948 4773
2242 3362 855 3053 850 4669 928 854 330 839 3951 1351 934 858 947 889 4405 4536 2585 3057 935
1059 4195 6019 5474 832 5086 309 854 2817 1268 621 818 757 3827 2856 823 869 3358 3701 802 795
2880 1724 791 810 2733 871 779 802 818 5809 822 3317 2987 805 962 2873 1150 4105 851 4372 773
3423 984 5592 5909 561 938 977 939 5421 1010 953 5960 2209 4872 2576 3635 973 958 2374 948 970
2670 2296 4757 839 899 869 1968 854 5694 832 853 848 822 2046 5173 849 3602 889 890 4530 897
1689 781 801 802 877 818 817 880 5942 3519 796 5585 5091 1362 1381 786 2608 808 421 2608 3048
152 770 753 736 777 731 4119 3016 746 765 277 774 1535 721 2856 3574 5320 5090 2958 767 737
2604 838 158 2687 766 1336 877 1517 801 3346 881 6013 4106 3586 436 780 779 812 828 5545 815
2002 998 816 4554 855 5564 850 832 869 861 822 849 868 5067 808 4022 4590 2111 802 817 968
2022 1017 3045 5773 897 4958 162 1038 966 3793 929 1010 3901 1766 65 891 994 5786 984 1261 4469
2019 673 5254 5694 987 963 982 975 919 3180 2164 3223 1023 921 1821 1015 1012 1145 899 973 1251
2489 854 783 869 5171 808 817 322 1290 774 818 812 789 5194 4879 853 2628 781 1381 871 2229
264 14 905 932 899 5882 3459 924 5863 31 5848 873 889 885 943 90 919 3336 1870 891 955
2947 714 660 651 751 3585 5665 4450 4883 3124 702 748 661 737 5903 713 692 667 1656 2136 3298
1301 739 796 894 839 808 12 755 777 749 2998 770 3645 791 902 827 855 1438 5071 1248 889
343 822 945 4266 767 5780 967 869 4401 2185 877 881 927 2077 5946 854 840 890 339 2997 934
784 929 881 5148 843 855 5580 1398 891 2785 2763 849 2152 4019 3928 3612 3438 1771 854 895 1861
1266 5607 1019 1087 1052 1435 374 1370 2710 1088 1077 192 1053 3213 1080 4122 3664 1010 4165 1021 1015
3103 72 975 996 2814 1010 2118 1005 970 3871 3326 935 1019 5722 977 2835 3098 1475 1717 931 1015
3361 1036 1339 1227 1015 589 2306 1035 4324 2392 1062 1010 2257 1019 1068 1098 43 5360 5589 1038 1088
593 829 5372 855 869 5730 764 4031 770 4078 391 487 510 836 1362 798 2554 780 800 4982 840
1946 770 824 1909 797 1286 834 5850 793 679 629 796 795 801 769 780 828 839 2182 3915 777
160 2337 5206 713 382 4229 749 3945 746 710 718 2191 757 752 5549 395 728 1566 767 765 2560
2365 4220 976 948 4932 3284 1059 1053 949 5960 1017 771 924 1000 1157 1034 1062 1255 1029 5150 3288
3385 4135 5363 869 839 918 789 4739 1848 889 1952 903 777 911 4182 854 899 881 2126 3518 5067
1512 900 3356 849 1939 824 855 896 5298 895 1289 3338 820 862 3966 877 869 850 3587 838 1289
777 2770 2716 1024 1051 2547 1022 3802 1099 3522 1087 1059 1027 5365 2609 983 1109 4723 1068 3077 1088
898 2499 872 3510 869 2574 914 1934 891 850 922 596 2387 4393 911 2381 4374 864 840 899 855
1091 641 987 985 4548 984 3449 1601 3089 1019 1053 1015 5464 1010 812 970 996 1040 963 5035 1962
1964 5306 4830 952 3213 1005 1023 996 949 1057 2497 1058 3143 1019 3233 5006 3683 955 3524 1308 972
1230 1002 984 4982 934 970 746 278 929 3684 980 973 939 2619 5137 4060 1105 963 4798 1398 981
2825 5749 877 934 802 5332 839 5254 1228 1034 787 850 889 785 789 5281 869 939 881 4948 4234
2390 4636 928 914 930 854 4284 934 821 5812 4926 4632 894 3896 841 3585 876 850 877 839 2399
1076 1033 984 1134 1128 2155 1119 1088 3669 4457 981 1122 1087 3926 4794 2994 977 4686 1059 1015 1101
3395 1015 1004 948 925 984 1890 937 5840 977 963 4397 939 2300 3908 2 3916 4574 1059 5884 1019
2871 963 817 948 977 911 4669 912 1593 981 975 5887 862 1182 984 921 1952 5205 5564 973 3711
1274 4097 3635 1004 4453 975 985 439 963 715 984 2532 3041 983 936 876 1847 3974 406 954 971
2287 1015 1044 1112 1988 5665 1010 1124 1017 1057 1058 5332 3701 1089 1053 5909 3249 1385 4775 1087 6029
1662 3924 2301 929 877 955 849 852 861 2912 889 3494 954 2513 935 869 5204 855 811 5662 2775
252 1553 1128 1186 1101 1109 2553 2545 5740 1137 1140 3883 1151 907 4429 1181 1146 1795 1078 1165 786
2093 2147 889 1573 922 5966 830 2228 555 858 817 839 559 949 3183 905 877 948 5170 5109 2293
352 929 2320 1110 3203 990 970 963 915 999 1693 927 1896 4321 919 2397 5981 4212 1010 996 461
291 1016 996 1068 999 1082 3881 1025 3364 2023 1084 1031 1574 984 3615 2982 1051 4365 1002 1069 1004
1248 2291 937 839 72 1800 817 792 2720 2478 770 811 752 760 3563 2535 1111 831 780 5793 806
1332 2456 1115 2267 5701 1089 2510 1105 5587 1869 5198 1094 2419 1128 1124 1112 1130 4420 2374 1101 1140
1298 3655 948 1000 984 980 2464 1687 957 963 3036 5618 958 3566 1005 981 988 1847 4110 929 953
3697 1057 1109 1917 5915 2889 1051 344 984 639 999 606 3685 1010 2287 1086 970 1106 1753 1175 1301
952 840 3846 6019 4497 770 91 5322 5719 829 796 755 824 5551 2500 5647 3388 855 821 752 767
2870 1087 1134 4377 1084 3175 1469 1077 1474 1985 1088 2247 213 1098 4380 1112 1059 1131 3941 1101 1113
1728 1077 1084 1010 1086 644 1015 5483 1069 1001 5339 4289 999 4796 3261 5639 1050 4897 1002 1730 1193
2579 850 838 816 899 525 881 828 2920 3076 1546 1700 818 823 4211 891 5720 1724 940 1599 4990
3488 5384 1811 742 3183 877 869 911 1004 817 1051 1050 5226 984 1015 4452 822 1010 1809 46 855
3703 3860 999 2483 3091 2430 963 1575 1030 5567 1486 437 1015 553 1019 983 970 1053 5543 1017 1004
528 4030 2348 2007 1101 1938 1128 5979 4027 1121 1032 1015 1027 3622 5993 1970 1119 1286 4515 1117 1099
1465 801 1058 4910 757 791 5330 732 752 4417 731 737 4701 324 774 4274 770 818 740 772 795
2143 3991 2834 855 4390 5427 3653 1355 861 899 935 934 3628 955 3071 2062 846 921 889 869 843
1243 3212 1176 1137 2361 1128 845 1150 1059 1062 3962 1147 3607 1162 1170 1119 4080 2332 1074 2635 1088
245 2449 958 953 4709 5710 957 975 987 924 973 963 996 5618 1920 969 4439 1003 1178 933 4246
2004 4859 950 984 3964 855 285 853 3889 627 174 3928 869 2963 949 963 405 1004 929 937 877
967 1063 2566 1254 3827 2714 3349 1017 1015 1192 1056 1077 976 977 1053 1008 643 5873 665 1055 1005
2123 4323 1109 1770 3572 46 1009 1017 929 4732 910 911 889 895 952 2165 2693 3584 5521 984 1015
2159 946 954 4165 909 4949 919 3182 4670 916 928 910 948 1508 938 3836 5769 3921 224 955 4861
3147 1121 1214 1150 1120 764 3317 1112 1172 1173 2455 1142 1094 1097 153 3306 1125 1117 5560 1087 436
2139 4043 1031 1541 1033 3762 3613 996 3852 971 949 1967 889 2729 1010 963 1011 3714 2130 1015 911
2943 1140 1124 1130 1170 1058 1077 2234 1181 1179 864 1596 5931 3909 1093 35 3505 1128 1132 2950 2318
265 839 4996 897 859 854 3169 927 4409 889 12 2316 901 833 915 877 3004 817 910 4753 911
299 850 976 5267 881 4476 899 3151 889 954 924 3501 855 1094 172 2280 3303 854 1325 911 5482
1286 1101 1090 4008 5187 2319 4931 1087 5430 980 1000 1034 1071 3644 5914 195 1110 1053 3327 1019 534
2358 963 5623 3309 927 1545 1032 987 5913 964 1869 3545 919 974 3595 924 533 1001 984 968 3077
1 1650 1412 961 5094 869 4418 701 890 877 1004 911 984 2113 955 880 4878 5587 182 1010 5513
3762 2595 1288 1244 1146 1716 3631 1224 6 1130 4421 1202 3680 1155 1236 1128 1150 2644 5141 1151 1181
287 1475 970 2981 929 1947 855 877 16 2381 392 839 869 814 97 935 937 819 2469 1678 2751
1262 880 4651 2540 4154 1119 3952 4811 1150 1059 289 1128 1077 1133 1137 5131 1043 5903 1131 496 1021
2571 2150 927 896 889 4776 76 970 3047 855 5989 937 3025 497 2854 396 4231 3570 869 1321 926
2160 798 1218 846 2488 844 1108 814 2542 800 791 16 877 869 182 1217 855 803 2007 4480 5480
1234 1128 1077 4876 1589 1141 1877 1113 1029 1150 5047 1121 1162 1145 2080 1869 3262 4429 2605 1634 3045