2857 11 14 15 17 18 19 20 22 23 24 26 27 28 30 32 33 34 35 36 39 42 43 45 48 49 50 51 52 53 56 57 58 59 62 63
259 18 19 23 24 25 26 27 28 29 33 36 41 42 44 48 53 54 58 59 62 65 70 81 83 84 86 87 90 93 96 97 99 100 101 105
1195 17 18 19 22 23 25 26 28 29 33 34 35 36 40 41 42 44 48 49 53 57 58 62 65 66 69 73 75 81 83 84 87 93 95 96
1209 13 15 17 18 19 21 22 25 28 29 31 33 35 36 37 40 41 42 44 48 49 53 58 62 64 65 72 73 75 80 81 84 86 93 96
479 11 13 15 17 19 22 23 25 26 28 29 31 32 33 36 37 42 44 48 49 50 52 53 57 58 59 62 65 66 67 71 73 75 80 82
2027 13 15 17 18 19 20 24 25 30 32 36 48 49 52 53 56 58 59 62 64 65 66 69 72 73 80 81 84 85 87 88 89 90 92 93
588 19 20 22 23 26 29 30 32 33 36 42 44 48 49 52 53 55 58 73 80 82 87 92 93 95 96 101 103 105 113 117 118 123 126 127
2570 15 17 19 20 22 23 25 28 29 30 32 33 35 36 42 44 48 49 53 56 58 59 65 73 75 76 82 84 87 92 93 95 96 100 101
1269 24 25 26 31 33 34 36 42 44 45 48 53 58 62 65 68 73 79 82 83 92 96 102 108 109 117 118 121 123 127 131 133 136 147 148
592 15 17 19 23 24 26 28 30 32 33 36 42 44 47 48 52 53 55 56 58 62 69 72 74 76 80 82 92 95 96 97 98 100 107 108
1579 17 18 19 22 23 24 25 29 31 36 40 42 44 45 48 49 52 53 58 59 60 65 72 73 75 82 86 90 92 93 95 100 101 103 109
1197 15 18 19 22 24 25 26 27 28 29 33 35 36 40 42 44 48 57 58 62 64 65 71 73 81 84 87 88 92 93 99 100 101 107 109
607 23 24 28 30 32 33 35 36 47 48 53 56 58 59 62 65 72 74 76 80 82 88 90 95 96 100 107 110 120 123 127 129 131 136 137
2761 17 19 22 23 28 29 30 32 33 35 36 39 41 43 44 48 53 55 56 58 59 62 63 64 65 68 70 76 77 80 82 83 86 90 92
109 17 18 19 20 22 24 25 29 33 36 41 48 52 55 56 58 59 62 64 66 73 80 82 84 87 88 90 91 92 95 96 99 100 103 117
2395 17 22 23 24 28 33 34 35 37 38 39 43 44 45 48 51 53 56 58 59 60 63 68 70 72 76 78 83 86 91 92 95 96 99 102
1196 22 24 28 31 34 35 36 37 40 42 43 44 45 48 58 59 68 73 82 84 87 91 92 93 96 99 100 105 113 117 118 127 129 131 132
526 18 19 24 28 30 33 36 42 44 45 47 48 49 52 55 56 58 80 82 84 88 89 90 92 95 96 98 99 100 113 120 123 124 127 131
1616 23 27 28 30 32 36 39 48 51 53 56 58 59 60 62 71 74 76 79 81 82 90 96 97 107 110 111 112 123 127 129 130 131 133 136
1264 17 19 22 23 24 26 27 28 30 31 33 36 37 42 44 45 48 51 59 68 73 78 80 88 90 91 92 95 96 97 99 106 111 117 118
1096 22 23 26 27 28 30 33 34 36 42 44 48 53 58 59 62 65 75 83 92 93 99 102 109 114 116 117 118 119 121 123 127 131 133 136
2627 24 25 26 36 41 42 44 46 48 49 52 53 58 60 62 65 73 75 80 83 84 86 90 93 100 101 110 117 118 119 121 122 127 134 137
2996 23 27 28 30 33 39 42 43 45 53 56 58 59 63 68 70 71 72 73 77 78 86 88 90 91 92 95 96 97 99 102 104 111 114 131
317 17 19 22 24 26 27 28 29 30 33 34 35 39 42 44 47 48 51 53 55 56 58 59 62 67 76 82 88 90 92 95 96 97 98 99
857 29 33 36 42 44 47 48 49 53 58 62 74 88 90 97 100 104 105 107 116 120 122 123 126 127 129 130 131 136 138 140 146 148 149 151
355 26 31 34 36 37 38 40 42 43 48 53 55 58 60 65 66 69 72 73 74 78 80 82 84 90 92 95 96 110 111 117 118 121 123 127
2715 31 33 34 36 39 42 44 45 48 53 58 59 62 63 70 73 83 86 92 94 99 117 118 119 123 131 133 135 136 137 139 143 145 146 148
295 18 22 23 24 30 33 35 36 38 42 48 49 53 55 56 58 62 69 74 76 81 82 96 97 98 99 102 110 111 120 123 127 129 130 131
1239 23 26 28 29 33 36 42 44 48 53 58 62 73 84 87 92 93 101 102 117 118 122 123 125 127 129 130 131 147 148 149 151 157 163 165
0 21 23 26 28 34 36 38 44 45 48 49 51 56 60 65 68 73 75 76 78 80 90 92 96 99 109 112 114 117 118 119 121 123 131 132
1213 29 33 36 42 48 53 58 62 64 81 84 92 93 97 101 105 117 120 121 123 127 129 130 131 136 139 146 149 151 157 161 163 165 166 169
2915 18 22 23 26 29 32 33 36 42 44 48 49 52 53 58 62 73 82 90 93 95 101 103 111 117 118 121 123 125 127 129 130 134 137 139
456 20 22 23 29 32 36 42 48 49 52 53 55 56 58 62 73 82 84 87 90 93 95 96 99 103 105 117 118 120 122 123 124 125 127 130
3577 18 20 22 23 25 36 39 41 48 49 50 53 57 58 61 63 64 66 68 70 73 76 77 82 83 84 85 87 90 92 96 98 99 102 103
1199 29 33 36 42 48 49 53 58 73 84 92 93 100 101 105 117 118 122 123 127 129 130 131 139 146 148 149 151 157 161 165 166 169 170 173
540 48 53 58 59 62 63 88 100 107 112 117 118 121 129 136 139 146 148 149 151 157 161 165 169 170 173 175 177 179 181 183 190 195 199 208
2986 24 25 27 36 40 44 48 53 62 63 65 70 83 92 93 102 104 112 116 117 118 119 123 129 131 135 136 137 139 146 148 150 157 159 162
1258 22 24 26 31 33 34 36 48 53 58 62 65 66 82 88 96 99 117 118 123 129 131 132 136 139 146 148 149 150 151 152 157 161 166 169
49 23 24 28 29 30 32 33 48 53 55 56 62 65 74 76 82 90 97 99 110 111 120 123 127 129 131 133 137 138 142 146 148 149 151 163
33 34 36 38 42 44 45 47 48 51 53 54 56 58 65 73 74 75 78 90 92 99 114 117 119 124 132 137 139 146 148 149 150 151 157 161
2790 34 36 37 45 48 50 54 57 58 66 67 68 71 73 82 89 90 91 92 98 103 108 109 115 117 118 120 123 125 128 130 134 135 136 141
779 23 25 26 36 40 42 44 48 49 52 53 58 62 65 73 75 82 90 92 93 100 101 103 109 113 117 118 127 131 134 137 139 144 146 147
3174 24 25 36 39 42 44 45 48 53 58 60 63 65 70 72 73 75 78 83 86 90 92 95 102 104 109 117 118 119 121 123 127 132 134 135
1192 24 28 33 39 42 44 47 48 49 53 54 58 59 62 80 81 88 89 95 96 99 102 104 107 109 120 123 131 136 139 146 150 151 155 166
918 22 24 28 33 34 35 40 42 44 48 53 58 59 75 78 92 96 97 99 100 107 109 114 117 123 131 136 139 142 146 149 151 166 169 170
923 48 53 58 59 62 75 81 88 100 102 107 109 116 117 121 123 127 131 136 139 144 149 150 151 155 157 161 165 166 169 173 175 177 183 192
1126 29 33 36 39 40 42 44 48 53 58 70 83 92 93 102 105 117 118 121 123 125 129 135 137 145 148 149 151 154 157 162 163 166 169 174
2354 17 18 19 21 23 25 26 31 36 38 39 45 48 49 53 56 60 68 70 73 75 76 78 80 83 92 93 95 102 104 109 112 114 119 121
1386 29 33 34 36 42 48 53 58 65 87 92 93 97 100 105 117 122 123 125 127 129 130 139 148 149 150 160 161 163 165 166 169 170 175 186
1220 33 36 42 47 48 53 57 58 62 81 88 97 100 105 120 121 122 123 126 127 129 130 136 138 140 146 148 149 151 155 157 163 168 169 170
911 33 35 36 37 40 44 48 53 55 58 59 62 63 81 88 91 97 102 103 107 109 123 131 140 146 151 156 157 158 161 169 170 173 178 190
1035 42 48 49 53 58 65 73 87 93 96 101 116 117 118 120 123 125 126 129 130 133 139 147 148 149 150 162 163 166 169 170 173 174 181 190
1212 23 24 30 33 47 48 53 55 56 58 62 67 76 81 95 96 99 100 107 110 120 123 124 129 137 138 149 151 157 161 163 166 169 173 181
1609 23 25 29 33 36 42 48 52 53 58 65 73 82 87 93 95 96 103 117 123 125 130 131 133 137 139 143 147 148 149 151 157 169 173 174
376 22 23 26 29 33 36 37 38 42 45 48 49 53 58 59 62 65 73 82 87 90 92 93 95 101 102 106 111 117 118 122 123 127 130 134
1290 24 25 26 28 29 33 36 40 42 44 48 58 62 64 65 69 73 84 87 92 93 100 105 109 117 118 122 123 125 127 130 131 136 139 147
1999 33 34 36 42 53 58 62 65 73 87 93 101 117 118 123 125 129 130 132 133 138 139 148 149 150 151 157 162 163 169 174 175 176 181 182
1135 33 35 36 44 48 54 58 68 89 90 92 118 120 123 131 132 136 139 146 148 149 151 152 157 161 165 166 169 173 181 182 186 188 190 192
3113 26 36 39 42 43 45 48 49 51 53 54 55 56 58 63 65 70 75 78 80 83 90 92 96 99 112 117 118 119 134 135 139 143 147 148
1306 34 36 37 38 42 43 44 45 48 58 59 62 68 82 88 91 92 106 109 118 123 126 131 136 139 146 147 148 149 150 151 156 157 161 169
1703 24 25 26 28 34 35 38 48 53 55 56 62 67 69 72 76 82 88 89 90 92 107 117 123 131 137 147 148 149 151 155 157 161 163 167
1720 26 33 34 37 38 39 41 48 51 53 61 62 65 69 74 80 82 86 90 92 107 118 123 129 131 133 141 143 146 148 149 151 152 156 157
1967 28 34 36 42 45 48 53 58 62 68 73 79 82 88 92 99 106 117 118 123 128 131 132 133 137 139 140 145 146 151 152 165 166 173 175
647 19 20 22 23 24 26 28 31 36 37 38 42 44 48 49 50 52 53 57 60 65 71 73 79 82 85 86 90 92 93 95 98 100 101 103
2598 36 39 43 45 51 53 63 70 73 77 78 91 92 99 102 118 123 129 131 132 133 143 145 149 150 151 152 154 156 159 161 163 166 168 175
31 28 32 33 36 42 48 53 58 59 62 73 82 90 92 99 111 113 117 127 131 133 134 136 137 147 148 149 151 161 169 170 175 179 181 192
3792 25 28 29 36 39 42 43 44 48 49 50 51 53 57 61 63 64 70 73 76 79 82 85 87 92 93 99 101 102 105 110 113 115 116 117
2173 28 31 33 34 42 44 45 48 53 58 62 73 83 91 92 93 116 117 118 123 136 139 146 147 148 150 151 166 169 173 177 178 181 190 192
2796 28 33 36 42 44 48 53 62 68 83 92 93 99 117 118 123 131 132 136 146 147 148 149 150 151 161 166 169 175 176 178 181 191 192 195
2290 48 53 58 59 123 126 136 137 146 148 149 150 151 155 156 163 166 169 175 187 194 195 199 202 204 216 223 225 230 238 245 264 266 271 277
2917 28 31 33 34 36 44 45 48 58 68 73 91 92 118 123 131 133 135 136 139 146 147 149 151 157 161 165 166 169 175 176 181 190 192 194
589 17 18 24 33 40 44 48 53 59 60 62 69 73 80 82 96 111 118 123 127 129 136 137 147 148 150 157 169 173 175 177 181 187 192 195
2958 19 32 33 36 39 53 58 63 70 71 76 77 83 90 92 102 104 133 135 137 139 143 145 147 149 150 153 154 157 162 163 166 169 175 181
3470 33 42 44 48 53 58 59 62 67 92 97 114 117 121 123 127 136 139 146 149 150 151 155 157 161 166 169 170 177 192 195 198 199 202 204
1373 36 40 42 44 48 49 53 58 62 65 73 101 105 109 117 118 121 125 127 129 130 139 146 148 149 151 157 165 173 174 177 178 179 190 193
1393 33 42 44 54 57 58 73 81 84 88 91 96 117 118 120 123 139 146 149 150 151 161 165 168 169 173 175 176 181 192 193 198 204 205 208
2682 26 36 39 48 53 63 70 71 75 77 83 85 90 92 102 104 116 119 123 135 143 145 148 149 150 151 154 155 159 163 166 170 181 182 186
591 26 33 35 36 40 44 48 49 53 58 62 65 73 84 92 93 100 110 117 118 122 123 125 130 131 133 139 146 147 148 149 162 163 166 169
1783 24 26 30 32 33 34 45 48 53 55 62 65 69 72 73 78 82 90 92 95 96 111 118 123 131 132 134 136 142 143 148 151 155 157 161
1572 23 25 36 38 42 44 48 52 53 58 62 65 73 82 83 92 93 103 113 117 118 123 129 134 137 146 147 148 149 151 157 162 163 169 174
1303 45 48 54 58 59 62 68 72 74 81 100 105 109 117 118 120 123 125 127 139 148 149 150 151 157 161 169 170 173 174 178 187 202 204 205
3417 15 17 18 26 29 33 36 48 53 58 62 69 72 76 80 87 90 92 95 101 103 105 117 123 124 126 127 129 133 137 146 147 149 151 157
222 36 39 53 58 63 68 70 71 73 81 83 92 95 99 104 117 118 122 123 131 132 134 135 136 142 145 149 150 151 152 163 169 173 175 181
379 24 26 34 36 44 48 49 52 60 65 73 92 93 95 100 101 103 118 123 127 129 130 134 136 143 147 148 149 151 156 157 163 169 181 185
2705 52 53 56 58 63 68 70 73 77 85 92 104 116 118 123 132 135 143 145 149 150 151 153 159 162 163 166 169 170 173 181 182 186 189 190
1224 29 33 35 53 57 58 59 62 63 88 96 99 117 120 123 131 136 139 146 148 149 150 151 161 166 169 170 173 184 190 193 195 199 202 204
1583 26 33 36 42 44 48 49 53 58 69 73 76 82 90 99 111 117 121 127 131 134 136 137 139 146 147 148 151 157 163 166 169 173 175 177
1526 20 22 23 29 36 42 44 48 49 53 58 62 73 90 92 103 113 117 127 129 130 134 137 139 146 147 148 149 151 163 166 169 173 174 179
3480 113 115 118 125 127 130 131 132 134 138 139 140 146 149 150 151 156 161 163 165 167 169 173 175 180 187 192 193 195 196 197 199 201 202 205
1922 22 26 28 34 36 45 48 51 56 58 65 68 73 75 78 88 92 95 99 111 117 118 123 132 133 136 149 150 151 156 157 162 163 166 169
749 62 63 78 81 84 102 107 109 117 120 131 136 139 149 151 157 161 166 169 170 173 183 193 195 198 204 205 208 216 232 235 240 241 242 244
2698 44 48 52 53 63 65 73 83 85 92 93 95 101 102 103 113 116 117 119 123 136 145 157 162 163 166 170 179 181 186 188 195 198 199 200
38 35 38 45 48 51 56 58 72 73 78 92 118 119 131 136 149 151 161 162 163 166 169 182 187 192 193 194 201 202 204 216 224 225 235 239
20 49 52 53 58 60 62 82 87 91 93 100 101 103 111 118 123 129 130 132 134 147 149 151 155 156 157 162 163 169 174 181 187 190 192 193
1392 36 38 53 58 76 82 92 95 96 99 118 123 133 142 143 146 147 148 149 150 151 156 157 161 163 169 175 183 184 187 190 192 193 195 197
2803 48 57 58 68 92 96 117 118 120 123 132 133 136 139 147 148 151 152 161 166 169 173 175 179 190 192 193 195 198 216 223 224 235 236 237
587 26 36 38 45 48 51 53 56 65 75 78 92 93 99 112 114 117 119 131 132 134 136 139 144 146 156 157 162 168 169 175 178 183 184 192
2405 36 37 40 42 44 45 47 48 58 59 62 65 100 101 109 117 118 123 129 130 132 139 146 148 149 151 157 166 169 173 175 176 181 195 199
1219 44 48 58 59 62 65 105 117 118 122 126 129 130 132 146 148 149 151 168 169 174 176 181 198 202 204 208 212 216 226 231 242 245 251 260
732 29 33 36 40 42 44 48 49 52 62 65 73 82 87 89 92 93 95 103 118 122 123 127 129 134 137 143 147 148 149 151 157 163 166 169
1229 54 58 59 62 65 68 81 88 109 126 131 136 146 149 150 151 156 157 169 171 173 175 177 183 195 205 216 222 225 230 233 235 239 241 245
3175 39 58 60 62 63 70 74 79 82 83 92 102 119 133 135 137 148 149 150 156 163 166 175 186 187 192 202 208 216 220 221 225 229 230 242
1960 43 53 58 62 66 73 88 89 92 94 96 118 123 131 136 140 144 145 146 148 149 150 166 167 169 172 175 181 184 195 198 204 208 215 216
3750 35 39 44 49 50 53 57 58 63 68 70 73 75 77 90 92 93 96 102 103 109 114 115 117 118 119 121 123 127 128 131 132 134 135 138
1078 42 44 54 62 88 91 107 118 123 132 136 146 149 150 151 157 169 173 175 176 181 193 198 202 204 212 216 220 224 225 226 230 235 242 243
907 58 59 67 70 81 88 94 97 106 107 109 114 123 146 148 161 166 169 170 173 183 193 195 196 208 212 216 224 235 237 244 245 261 265 266
3407 34 35 36 38 59 70 71 74 75 76 77 83 85 89 90 92 96 99 102 113 117 133 143 144 145 146 147 148 149 150 151 156 159 160 163
1072 26 27 31 40 42 44 48 53 58 62 68 75 83 92 93 96 99 109 114 116 117 119 129 132 133 136 139 146 147 149 151 157 161 165 166
3622 36 38 39 42 44 48 61 65 70 76 86 90 92 93 96 99 110 113 117 127 130 134 135 143 144 147 148 149 162 163 166 167 169 188 195
1355 29 33 36 42 44 48 49 53 58 60 62 73 80 93 95 100 101 103 117 118 121 127 130 134 137 139 148 157 162 169 174 179 181 185 192
3526 29 33 36 42 48 51 53 58 73 93 101 105 116 117 118 121 122 123 125 130 139 148 149 151 157 163 165 166 169 173 174 179 181 183 184
2699 39 45 49 63 64 70 73 76 77 83 90 92 102 108 112 117 122 129 132 135 139 143 145 149 150 153 161 163 165 166 169 181 182 186 190
1218 59 62 90 102 107 117 120 123 127 131 136 149 150 161 165 166 169 173 190 193 202 208 216 225 245 254 261 264 278 282 284 285 289 295 296
1246 33 35 37 38 45 47 48 53 58 59 62 67 81 107 109 120 123 131 137 146 148 149 155 156 161 166 169 173 186 195 204 216 225 235 238
1088 47 53 56 58 62 76 90 95 110 123 129 131 137 138 142 149 151 163 165 166 169 173 175 181 182 186 190 192 195 196 198 204 205 208 224
1543 26 36 42 48 50 57 58 60 73 75 86 92 93 100 101 103 108 110 113 115 117 118 122 124 127 133 134 137 146 147 148 149 160 166 167
1221 58 62 73 84 105 116 117 118 120 123 125 129 130 139 147 148 149 150 157 163 165 170 173 174 179 181 192 195 197 198 199 202 204 208 216
149 33 48 53 55 56 65 67 72 82 90 96 117 123 133 137 147 148 149 150 157 163 166 169 181 183 187 192 195 198 199 202 204 216 223 224
110 58 62 67 81 88 91 97 102 107 120 123 127 131 142 146 149 150 158 161 166 169 173 175 195 196 199 202 205 208 212 221 225 245 259 261
3752 29 36 39 48 57 61 63 65 66 70 72 73 74 76 77 82 92 93 96 99 103 113 117 120 125 127 130 134 138 143 144 147 148 149 151
2709 63 64 71 77 83 85 88 92 104 116 117 131 133 135 136 137 139 145 149 150 151 154 159 162 163 166 170 175 186 187 188 202 208 218 227
356 35 37 38 45 48 58 59 60 78 92 95 106 111 118 129 132 133 136 137 146 149 150 151 155 156 161 163 166 187 192 193 195 196 199 204
2656 45 53 57 58 59 62 66 68 73 92 98 103 108 113 115 117 121 128 136 139 146 147 150 151 157 170 175 181 190 192 195 198 199 202 206
1093 59 62 63 65 67 106 111 123 124 126 127 131 133 136 137 139 149 150 151 157 161 166 169 175 180 187 193 203 204 208 215 225 230 235 237
1205 58 97 114 127 139 146 149 150 151 157 165 166 169 170 172 173 175 181 183 186 192 193 195 199 204 208 216 225 230 241 242 244 245 271 272
2984 53 58 62 73 84 110 117 118 121 123 130 141 148 149 151 157 166 168 169 174 178 179 181 195 198 199 202 204 208 216 231 236 245 255 256
2639 33 36 42 44 48 49 53 58 62 71 93 100 101 109 117 118 121 123 129 130 136 139 146 148 149 157 161 166 169 173 192 195 198 199 202
3146 33 36 48 65 76 80 82 86 90 92 95 96 127 148 149 163 169 175 187 192 195 197 198 201 204 208 216 224 229 237 238 245 249 255 257
2394 56 57 58 62 63 70 77 90 102 116 119 131 132 135 136 145 149 150 151 157 161 163 166 168 169 175 181 186 187 188 190 192 193 201 202
3420 54 62 68 81 91 96 97 99 118 123 142 146 149 151 157 161 181 183 191 193 202 204 208 215 216 224 225 235 245 249 264 271 272 280 284
1516 48 51 58 68 73 75 78 109 111 118 132 134 136 143 148 149 151 163 166 169 175 181 182 187 191 192 194 195 198 202 216 223 224 225 232
1640 58 60 73 78 92 95 111 123 134 136 139 149 150 151 156 169 175 187 190 192 195 201 202 212 214 216 223 224 230 232 235 237 240 242 243
1277 35 36 44 45 53 54 68 91 97 109 117 119 123 132 139 146 149 152 157 161 175 192 193 195 198 202 204 205 208 216 224 235 240 245 254
1251 49 59 62 74 81 97 107 112 123 127 129 136 146 149 150 157 158 161 166 169 173 183 190 195 196 205 216 234 235 241 245 256 259 261 270
366 58 78 83 90 92 110 111 116 117 118 132 134 136 137 146 147 149 150 151 155 163 166 175 181 182 187 192 194 195 202 204 212 214 216 222
1357 35 36 48 56 58 69 76 82 92 95 96 123 124 127 131 133 147 149 150 151 169 173 175 177 180 187 192 193 195 199 201 202 208 212 216
1207 53 58 59 62 88 97 100 120 123 139 147 149 150 155 157 161 165 166 169 173 181 183 189 192 198 199 202 208 216 224 225 230 232 236 238
1675 48 49 52 53 58 60 73 92 93 100 101 103 113 117 118 121 122 131 134 137 139 147 148 149 151 157 169 174 185 192 195 199 202 215 222
2099 27 34 35 36 37 42 45 48 53 83 92 93 106 116 117 132 133 136 142 146 148 149 150 151 157 164 166 169 175 176 178 181 202 204 208
2528 42 44 48 53 58 62 87 92 105 117 121 122 123 127 130 148 149 151 157 165 166 169 173 177 198 199 208 216 235 237 242 245 256 262 264
2010 34 42 44 45 48 58 62 73 92 102 115 117 123 131 136 151 157 166 169 176 178 179 181 192 195 198 199 202 216 237 242 248 255 261 262
2320 19 22 26 28 36 37 44 45 48 56 58 72 73 75 78 88 90 95 111 118 132 136 142 143 148 150 151 163 169 187 190 192 194 195 198
919 40 44 45 48 53 58 59 62 68 80 86 89 91 92 95 97 98 99 106 107 123 131 136 146 150 151 156 161 164 169 170 175 187 202 204
2323 38 48 53 58 68 72 78 88 95 96 117 120 131 143 147 149 150 151 155 161 166 169 170 173 175 187 192 195 197 201 204 208 216 220 225
2011 45 48 53 58 73 75 90 92 99 102 117 123 134 136 139 144 148 166 169 179 181 192 194 195 198 199 202 204 216 229 237 240 242 245 251
1089 48 53 57 58 62 65 66 88 107 116 117 118 123 147 148 149 150 157 161 165 169 175 179 181 186 189 192 195 197 198 199 202 204 208 216
46 22 23 28 32 33 36 37 38 48 53 57 73 76 82 85 90 95 96 99 110 123 127 129 131 133 136 137 138 149 161 163 166 169 173 181
1499 56 58 60 68 91 95 117 118 123 129 134 136 149 151 152 156 161 162 169 175 182 187 192 193 198 202 214 216 220 224 225 235 245 249 258
1369 29 35 36 48 49 52 53 58 73 82 95 103 111 116 117 123 129 130 134 136 147 148 149 157 162 166 169 174 178 181 185 192 195 197 198
1953 36 42 48 53 58 65 67 87 93 96 100 101 118 122 123 125 127 129 130 131 136 146 148 149 150 161 163 169 194 195 198 199 202 204 205
1672 92 110 120 123 131 139 149 150 157 163 166 169 175 187 192 195 199 202 204 216 223 225 229 235 258 267 272 274 281 284 287 301 302 303 308
2114 33 36 40 42 44 48 58 62 64 65 73 93 100 105 109 117 118 123 129 130 131 139 146 147 148 149 157 166 169 173 174 175 181 192 195
2193 58 62 65 87 93 105 110 117 118 123 125 129 130 136 138 139 146 148 149 157 165 166 169 173 174 175 179 181 190 198 202 208 216 223 225
1375 29 36 40 42 48 58 62 73 101 109 117 118 121 127 130 131 139 148 157 173 178 179 192 195 198 199 216 222 240 241 242 245 262 264 268
586 36 37 38 44 45 53 62 65 67 72 78 82 123 127 133 136 137 148 149 151 155 163 166 169 192 194 195 198 202 204 212 216 223 244 245
363 33 38 48 49 53 56 75 78 80 86 92 93 99 109 111 112 114 117 119 123 131 133 136 139 142 146 148 150 162 163 166 168 169 178 184
3252 45 48 73 78 92 116 121 123 136 142 149 153 155 157 163 169 175 181 187 192 195 198 199 202 204 212 213 216 219 220 225 237 240 242 245
3670 45 48 53 54 58 62 68 91 109 117 123 132 139 146 150 157 161 169 175 190 192 193 198 208 216 222 224 230 235 245 264 272 280 284 302
1287 58 59 114 118 131 132 139 146 149 151 157 165 169 173 179 190 205 208 216 220 229 235 237 238 242 245 263 264 265 272 273 274 296 297 302
315 42 44 48 53 58 60 64 73 93 103 113 117 118 136 137 139 147 148 149 157 163 166 169 179 192 195 198 199 202 204 210 215 223 242 245
922 62 67 88 97 102 107 120 131 136 140 146 149 158 161 166 169 170 173 184 193 195 216 224 225 227 235 236 238 245 255 261 270 297 300 308
3159 58 63 76 90 102 114 133 135 142 147 149 150 161 163 166 169 173 175 187 190 192 195 197 199 216 225 229 235 238 242 271 272 273 274 281
1241 58 62 96 105 107 117 118 123 125 130 131 139 147 149 161 163 169 173 174 179 181 189 190 192 195 199 202 204 208 224 225 229 234 235 239
735 45 48 52 53 58 60 65 90 92 93 101 117 118 123 129 134 137 147 148 151 156 157 162 163 166 169 181 192 198 199 202 204 208 210 223
1916 53 65 73 80 90 92 95 103 117 118 122 127 134 147 148 149 151 163 166 169 179 191 192 195 198 199 202 204 210 223 230 240 242 245 260
1293 53 58 62 65 81 91 97 107 109 118 123 139 146 149 150 155 157 161 169 173 181 190 193 195 199 202 204 205 216 245 264 279 280 284 293
3254 36 45 48 51 53 65 72 78 90 92 95 111 118 123 133 136 148 149 152 156 157 159 169 182 187 194 198 202 204 216 223 229 237 238 245
1731 53 73 74 82 95 110 129 131 132 136 137 150 151 157 163 166 181 187 190 191 192 195 201 202 204 205 214 216 220 221 225 231 235 240 242
3360 62 88 107 109 118 123 132 146 150 151 157 161 169 176 178 181 182 183 184 193 198 202 216 220 224 225 226 231 235 237 244 245 251 261 263
1395 53 58 62 95 117 129 134 136 138 144 147 149 157 160 184 192 198 199 202 203 204 216 224 225 229 237 240 242 245 258 261 262 263 264 272
2762 52 65 83 90 92 93 101 102 116 118 122 123 129 133 134 135 137 143 144 147 148 149 150 156 157 159 162 163 169 185 188 198 202 204 217
1257 62 81 94 107 116 123 131 136 139 146 149 150 166 173 175 181 190 195 202 208 216 220 225 230 231 235 245 255 275 278 284 302 305 319 329
2301 34 45 48 56 60 62 78 88 90 98 111 123 124 134 151 156 157 163 169 181 182 187 198 202 204 209 212 215 216 217 220 240 242 245 249
3447 45 48 53 58 62 65 73 116 117 118 123 136 139 143 146 147 151 157 167 169 171 179 181 192 195 198 199 202 204 212 216 223 229 230 240
1652 25 33 36 42 48 53 58 59 69 113 117 127 134 136 137 146 148 149 151 157 166 173 175 179 187 188 192 195 198 199 203 224 231 238 245
1607 52 53 65 73 92 93 95 103 117 123 129 133 134 143 147 148 149 157 162 166 169 173 181 183 185 191 192 198 201 202 204 212 213 216 240
1390 58 75 90 92 93 103 117 127 129 134 136 137 139 147 148 151 157 179 192 195 202 204 210 214 216 229 232 235 242 245 252 255 260 261 264
2691 23 24 25 30 35 39 49 53 58 59 63 68 73 76 83 93 102 105 110 111 122 125 126 127 131 135 137 138 145 146 147 149 151 161 162
2454 92 94 117 121 123 131 133 136 151 157 161 166 179 199 208 216 230 240 245 255 263 264 278 284 296 305 309 316 328 329 343 390 412 424 425
3080 39 48 63 70 77 83 92 117 119 131 133 135 136 137 148 150 162 163 166 186 195 202 221 223 225 245 272 274 278 284 295 301 302 305 308
3701 53 58 62 65 93 97 100 107 117 118 121 125 129 130 139 149 151 157 165 177 190 195 199 202 204 208 235 241 245 248 252 255 264 271 274
2267 23 26 33 48 53 62 65 82 95 96 99 110 111 116 123 129 133 137 144 148 149 157 161 162 167 169 175 181 187 192 195 198 199 202 203
594 26 33 35 36 48 49 53 58 65 75 92 93 102 112 114 117 119 131 136 137 139 142 146 150 162 163 169 184 186 187 192 204 225 229 233
348 36 42 44 48 49 52 53 82 93 95 100 103 117 118 130 137 139 143 147 148 149 157 169 181 185 192 195 198 199 202 204 210 212 225 237
968 42 44 45 48 53 58 59 62 65 91 93 97 100 106 107 123 126 136 140 146 157 161 169 173 174 177 190 193 195 205 216 233 245 256 264
3255 29 33 36 42 48 53 82 90 95 105 111 117 118 123 125 129 130 134 137 143 147 148 149 157 169 174 181 185 192 198 199 202 204 216 240
903 58 59 62 81 86 97 120 123 136 141 146 161 166 169 173 177 183 195 196 205 208 224 231 235 241 245 266 280 285 286 289 300 302 307 308
1233 54 59 81 97 99 109 118 120 123 138 139 146 148 149 150 157 159 161 169 173 181 193 195 204 205 216 224 230 235 240 242 243 244 245 255
596 36 37 48 62 65 72 73 80 123 131 133 137 146 148 151 156 157 163 166 169 182 195 198 199 202 204 208 209 216 223 237 244 264 267 268
1673 53 58 62 88 106 107 118 123 127 133 146 148 150 151 161 173 181 201 202 208 220 231 235 238 239 245 258 264 272 274 275 291 293 300 308
2053 40 44 45 48 53 58 62 73 75 83 92 93 102 109 117 123 136 146 147 148 151 155 166 176 179 181 184 192 195 198 202 204 216 222 223
912 59 62 74 81 83 90 97 102 107 112 123 137 140 141 146 157 169 172 173 183 188 193 214 216 218 235 245 264 270 274 287 293 299 300 304
2080 26 34 35 36 37 45 48 49 53 73 75 78 92 106 114 117 131 136 146 148 166 176 181 184 186 192 198 202 204 216 224 233 237 261 264
3702 49 53 58 62 73 93 107 117 118 121 122 125 129 130 139 148 149 151 157 165 173 174 179 181 193 195 204 208 216 236 241 245 255 256 264
10 62 72 78 88 111 118 123 131 136 137 143 147 148 151 156 157 169 175 178 183 187 192 193 198 199 202 204 212 213 214 216 229 244 245 251
1376 58 73 90 92 93 110 117 122 123 131 134 137 139 145 147 148 149 162 163 166 169 181 192 195 198 199 202 204 214 223 232 237 245 264 268
2889 57 58 69 76 95 123 127 131 136 137 142 147 148 149 150 157 161 163 166 181 187 192 195 198 199 202 203 224 225 229 237 238 239 240 245
3754 50 57 58 61 64 65 66 71 76 82 83 85 90 99 101 102 108 110 113 115 116 117 118 120 125 127 129 133 134 138 140 146 148 149 150
1027 35 44 45 48 53 59 73 74 75 92 96 109 114 117 119 136 139 146 166 173 175 178 184 192 198 204 205 216 224 231 233 245 264 266 271
2000 34 36 42 58 62 73 101 110 118 123 133 139 151 162 169 174 195 198 202 216 240 264 272 273 284 288 293 300 302 306 308 326 329 331 349
1100 42 48 49 58 65 76 85 92 100 113 117 118 122 123 129 130 133 148 149 151 163 169 174 178 181 199 202 204 208 217 223 237 240 245 249
2967 53 58 83 116 117 139 148 151 157 169 173 179 190 193 195 204 216 225 235 241 245 255 261 262 264 284 301 316 326 329 335 352 359 366 377
2616 29 36 44 48 49 52 53 58 60 73 84 86 93 101 117 118 127 133 134 137 139 146 147 148 149 163 166 169 174 185 192 195 199 202 204
2406 42 44 45 53 58 62 79 92 123 133 136 138 148 151 155 157 166 169 175 176 178 179 181 192 195 199 202 216 230 245 255 264 272 275 300
1681 26 33 48 53 58 63 64 69 90 92 111 131 133 136 148 149 150 166 175 187 192 195 199 202 203 204 223 229 230 237 238 245 255 258 267
1232 59 69 76 81 90 93 95 107 117 130 147 148 149 151 157 161 169 173 185 187 193 195 222 238 240 241 245 251 253 256 264 267 279 287 299
1371 36 42 48 58 60 62 73 82 93 100 101 103 117 118 121 127 130 134 137 139 148 157 173 174 179 185 192 195 198 215 216 222 229 240 242
1265 55 59 62 90 96 102 117 123 131 136 137 149 161 163 169 170 173 181 184 190 192 195 204 216 222 225 237 245 251 255 259 261 264 284 299
550 36 44 53 57 66 70 75 78 90 92 94 103 108 109 117 131 132 134 136 137 139 142 146 151 162 166 169 175 184 187 190 195 202 204 214
1908 36 42 48 53 58 73 79 90 117 119 123 134 136 137 148 149 166 169 192 195 198 199 215 216 221 225 229 240 242 245 262 263 284 296 302
3896 92 99 110 118 127 134 140 146 149 150 151 157 161 169 173 180 192 193 195 196 197 201 204 205 206 214 218 221 222 224 225 229 232 237 239
328 36 40 42 48 58 60 62 73 92 93 100 101 103 117 118 121 127 134 137 148 149 157 181 185 192 195 198 199 204 223 229 240 242 245 258
3362 91 97 99 123 132 146 150 161 169 181 183 190 205 208 212 216 230 235 236 245 246 261 264 265 273 280 291 293 300 302 308 312 314 319 321
1182 82 106 118 127 131 133 137 148 149 150 151 156 161 163 167 169 175 187 192 193 195 199 225 239 255 258 261 265 267 269 279 284 287 291 292
3051 123 132 139 149 151 157 162 163 169 181 182 187 192 195 203 214 216 224 232 242 259 261 271 272 284 302 319 326 329 331 338 349 352 355 368
2352 49 52 53 65 73 82 92 95 101 103 117 118 123 130 133 134 137 143 147 148 149 163 174 187 192 198 199 202 204 210 240 242 245 255 258
538 45 48 78 90 109 118 136 137 146 148 151 156 157 163 192 201 202 204 214 216 223 237 242 244 261 264 267 290 293 302 308 310 319 329 331
2005 18 44 48 49 58 80 86 87 92 93 101 103 105 108 111 117 118 127 134 137 143 146 148 149 156 157 162 163 174 185 187 192 195 199 202
3071 36 38 54 58 62 78 82 88 109 118 123 132 146 149 150 151 157 161 175 181 183 188 193 195 202 204 205 206 215 216 224 225 226 231 235
24 62 67 69 123 137 142 146 147 149 150 151 156 161 169 175 187 192 202 203 208 225 229 235 238 259 272 277 286 290 301 302 306 308 322 331
2288 78 97 129 131 149 157 166 169 187 190 192 193 204 224 225 232 235 238 243 259 272 280 287 299 302 303 307 308 314 319 323 331 338 368 380
1407 48 49 52 53 56 58 62 67 80 87 92 96 100 103 105 123 125 127 130 133 134 137 143 148 149 157 161 169 181 192 199 202 204 210 223
473 49 52 56 62 76 82 93 96 101 103 105 111 118 123 125 127 129 130 134 148 149 157 166 167 169 173 181 190 192 199 202 204 212 225 241
2104 42 44 48 49 53 58 73 83 93 116 117 118 121 131 136 139 148 157 174 178 179 181 183 188 195 198 199 204 230 235 245 255 256 260 262
3551 36 42 48 58 62 65 73 118 123 133 136 146 151 176 181 198 202 204 216 223 245 255 264 272 284 286 293 301 302 306 308 317 319 329 331
1638 53 58 62 68 99 106 111 118 120 131 137 146 147 149 150 151 157 161 163 169 173 175 187 192 193 198 199 202 216 225 229 238 239 259 271
1551 52 53 58 60 65 73 90 92 93 101 103 117 118 123 127 129 136 147 148 149 151 157 162 163 169 181 185 192 198 202 204 210 212 223 225
439 78 90 92 106 111 123 136 137 147 148 151 156 161 162 163 169 182 187 192 194 195 202 212 213 216 237 242 244 245 249 268 271 272 290 291
787 37 42 48 53 58 75 82 90 92 116 134 148 151 163 166 169 192 195 199 216 222 223 229 240 242 245 260 262 268 271 301 302 309 312 329
1214 44 49 53 58 64 73 84 87 93 117 121 130 136 163 165 169 173 179 181 192 195 198 199 202 205 222 225 242 245 260 263 272 278 284 289
2711 43 44 53 59 62 63 65 71 77 83 90 114 123 136 137 149 150 154 163 166 168 175 187 192 195 199 203 216 219 225 227 229 238 255 270
3107 44 45 58 62 72 82 90 111 123 131 134 136 146 149 150 151 156 157 163 175 187 190 192 195 199 202 204 208 216 224 225 232 235 238 239
1281 50 53 58 59 62 75 85 92 97 103 108 109 112 114 117 119 120 128 130 134 136 139 140 146 150 154 157 160 169 175 178 190 192 193 198
5 52 56 62 63 92 93 105 123 129 130 134 147 149 151 157 161 162 163 169 173 181 190 192 195 202 204 210 225 241 251 258 260 272 295 301
1249 58 59 65 67 71 88 90 97 98 103 107 108 122 123 125 128 130 131 141 148 149 154 156 157 164 169 170 173 185 193 195 202 204 208 216
2335 58 59 69 70 76 83 92 102 111 117 131 135 137 139 149 154 163 175 186 195 209 216 218 224 225 229 235 245 247 253 258 259 261 267 274
2745 48 53 58 62 106 117 136 139 146 166 169 176 195 198 202 208 216 224 229 235 245 264 268 278 284 302 305 314 324 326 329 346 348 377 390
2769 63 70 77 92 104 111 119 123 135 149 154 162 170 183 186 188 195 198 200 202 216 218 225 228 242 259 268 272 284 287 295 302 319 323 329
1275 62 67 81 91 107 120 123 139 148 149 151 152 157 161 165 169 173 178 192 205 216 243 245 255 265 274 285 291 299 300 302 307 308 312 314
35 56 59 62 67 74 92 95 96 111 123 133 137 149 151 157 161 169 175 181 187 192 193 195 199 216 225 230 233 238 258 261 287 301 302 307
1206 53 59 62 67 81 88 96 102 120 123 136 161 169 173 175 190 192 195 199 202 216 224 225 235 238 242 245 247 261 265 266 285 291 293 295
234 58 60 72 78 90 129 131 136 137 139 146 149 150 157 163 169 175 187 190 193 195 198 202 216 220 225 232 240 242 245 271 272 274 280 281
1374 42 48 58 62 73 93 100 101 109 117 118 121 131 139 146 148 151 157 174 178 184 192 195 198 199 240 242 245 255 262 264 284 302 316 326
1079 58 68 89 90 92 131 132 139 146 149 161 169 170 181 190 192 193 195 198 202 216 224 230 235 242 245 272 273 284 299 302 307 309 326 327
1319 73 82 93 101 117 121 123 146 148 151 157 166 169 175 181 192 195 198 204 210 231 240 245 251 252 260 264 283 284 302 308 309 316 321 329
292 76 110 117 129 138 146 148 149 151 161 162 163 173 175 186 187 190 192 195 199 204 205 208 224 225 239 257 259 271 272 277 289 290 302 308
69 58 63 73 92 103 110 113 115 129 130 137 156 163 169 170 181 190 192 195 199 202 214 225 232 242 245 252 255 260 261 272 273 278 284 301
2247 53 68 111 118 123 126 131 132 146 149 151 157 166 173 175 176 179 180 181 183 192 193 208 224 225 231 249 263 268 271 272 274 275 300 301
1198 84 117 123 136 141 146 150 151 157 166 173 193 195 205 208 216 220 235 261 292 308 326 327 329 336 352 357 377 406 412 422 429 445 446 451
2469 48 65 73 92 109 117 118 123 129 146 147 148 155 157 166 169 175 176 181 198 202 204 216 223 245 247 255 263 264 271 272 273 275 284 300
1776 48 78 92 118 137 143 151 163 166 169 182 187 192 195 198 199 202 204 214 216 223 237 249 252 257 261 267 271 273 301 302 306 308 310 319
1911 87 90 102 110 118 123 125 138 146 147 149 154 156 163 181 192 193 202 208 225 235 241 253 259 261 272 286 288 295 299 300 301 302 303 306
3554 92 99 101 102 103 105 108 110 113 115 117 118 127 130 134 148 149 157 166 170 174 186 202 204 207 211 219 222 224 228 229 230 240 252 258
1746 62 68 69 72 78 82 88 90 111 118 131 134 148 149 151 157 163 182 187 195 199 202 203 204 214 216 223 229 238 242 255 258 267 271 272
902 86 90 109 120 123 131 136 146 148 161 165 166 169 173 183 193 196 205 216 235 237 245 261 266 285 295 300 301 308 314 315 319 326 327 329
2700 82 83 86 92 93 104 116 117 119 134 135 137 147 148 150 163 170 181 186 188 195 199 202 204 210 218 245 261 268 272 274 284 295 302 306
3032 58 62 73 92 109 117 121 136 139 148 151 165 166 169 176 179 192 195 198 202 216 223 240 242 245 249 255 262 264 268 271 284 300 302 306
2946 48 49 58 87 89 95 101 102 105 107 118 123 125 126 130 136 138 139 146 149 161 164 165 169 173 174 184 190 192 198 202 216 235 240 245
1875 48 52 53 92 93 101 103 109 117 134 136 137 148 151 157 163 166 169 192 198 202 210 215 229 242 245 258 260 262 268 302 316 319 321 328
9 60 82 93 95 102 117 118 130 134 136 143 146 147 148 149 152 162 163 169 173 174 184 192 198 199 202 210 216 237 245 249 258 261 264 267
1406 115 123 131 133 137 163 165 169 175 187 192 195 208 221 245 259 272 273 281 296 302 305 308 310 319 321 329 331 337 349 352 355 372 377 390
3209 73 88 123 133 149 151 157 169 181 190 212 216 225 245 249 264 270 271 280 284 301 302 306 319 326 329 331 343 349 369 386 392 396 406 409
1178 112 123 124 126 129 138 146 149 150 157 161 166 171 172 173 183 184 187 195 202 225 235 238 256 261 270 281 285 287 291 295 303 304 319 327
1996 33 34 37 49 53 58 67 73 79 85 92 97 98 116 117 123 127 136 139 140 148 150 162 165 166 169 175 183 195 202 204 208 216 225 230
1128 40 42 53 58 93 98 103 108 115 117 118 123 125 129 130 148 151 157 163 169 173 174 179 184 190 202 205 206 207 208 211 216 232 235 241
3005 69 95 99 107 120 131 147 149 151 180 192 193 195 202 203 225 229 239 247 253 258 268 273 281 287 301 302 303 306 308 312 319 329 331 346
3498 58 62 121 123 127 136 139 149 150 163 166 169 175 182 187 190 204 216 221 225 245 254 257 278 281 301 302 305 306 307 319 321 329 337 338
1034 53 59 62 78 86 92 107 109 123 136 146 150 166 169 173 175 178 192 233 235 265 302 305 308 314 324 326 329 331 333 340 346 348 358 366
1147 49 73 75 76 111 112 117 131 138 139 149 151 157 166 177 193 195 208 224 231 232 236 239 240 242 259 264 265 271 301 302 303 307 332 333
1624 60 62 82 90 96 99 111 123 131 144 149 156 163 166 169 192 195 196 198 220 221 225 242 245 249 255 258 261 272 282 286 302 306 308 309
1747 117 127 131 136 139 146 149 151 163 165 169 170 173 192 193 195 208 214 224 231 236 241 242 245 251 255 261 271 272 273 274 284 295 304 308
3173 39 53 63 70 77 78 83 116 134 135 149 182 187 192 203 204 214 218 229 242 268 270 272 274 293 294 295 301 302 303 321 329 352 354 355
2501 63 83 84 92 102 123 132 134 135 143 151 163 169 182 187 195 198 199 202 216 255 272 274 284 293 295 299 301 302 306 329 343 346 349 354
3106 58 62 65 73 92 93 95 100 103 117 118 124 130 134 137 143 147 148 149 163 166 169 174 181 187 192 198 199 202 203 204 216 229 240 245
3698 33 42 45 48 58 106 118 121 123 146 148 149 151 157 161 166 173 178 179 192 193 195 204 223 240 241 245 255 260 261 262 263 264 275 284
2079 37 44 53 59 75 78 92 99 106 109 112 114 117 136 139 146 148 157 175 178 184 186 198 199 202 233 245 246 264 265 271 284 296 307 308
1721 36 37 48 73 82 92 100 101 102 103 111 117 118 122 130 134 143 146 147 148 149 162 163 169 184 192 198 199 202 210 216 220 223 242 245
3081 101 111 117 118 122 130 146 147 148 149 163 169 174 192 195 198 202 210 242 245 261 264 268 284 300 302 308 331 338 349 351 355 372 403 426
3947 52 56 58 61 65 81 90 92 99 100 101 108 110 115 117 119 125 127 134 149 150 151 163 167 169 173 175 176 180 182 185 195 196 198 201
1952 67 120 123 125 127 129 130 131 146 148 149 169 173 174 195 205 216 226 230 240 242 245 256 261 271 274 278 285 289 300 308 312 314 319 326
3607 34 45 48 68 73 92 117 132 133 136 149 150 157 163 169 175 176 178 182 190 195 198 216 223 225 235 245 261 264 271 272 301 306 308 329
1245 53 58 59 62 65 99 118 123 133 146 148 149 150 169 175 179 181 192 195 197 199 202 204 216 223 225 226 229 231 237 238 242 245 255 261
2722 53 63 64 73 77 83 90 92 93 101 102 103 118 119 127 134 135 139 149 150 163 166 175 188 193 195 198 202 204 210 218 225 231 235 242
2914 45 58 67 88 118 120 123 146 148 149 150 151 157 161 169 173 175 176 198 202 204 216 225 244 245 251 263 264 275 300 308 314 319 326 329
2907 49 68 85 90 102 107 133 135 137 145 149 150 151 161 162 166 173 175 187 192 195 203 208 225 227 229 238 242 247 253 259 269 281 299 303
2640 58 62 117 118 129 139 146 148 169 173 181 192 195 198 202 223 235 245 263 264 271 272 302 308 329 335 336 342 343 352 411 424 426 438 445
2368 59 62 83 102 104 114 123 126 136 137 144 146 149 150 151 154 157 176 195 202 216 218 223 225 249 253 264 268 272 287 295 302 319 329 331
3038 58 62 102 117 118 123 148 151 157 161 169 176 181 190 198 204 212 216 230 244 245 264 272 293 300 302 303 306 308 314 326 329 340 349 352
3542 114 123 131 149 154 157 159 161 166 173 180 181 205 216 218 225 235 238 259 280 285 287 293 302 307 308 318 319 326 329 352 392 393 398 402
499 48 62 65 72 75 78 111 123 133 148 166 169 175 182 192 194 195 198 204 212 214 216 223 230 237 242 245 258 264 268 271 284 301 302 319
2351 99 123 146 149 150 151 157 202 204 212 216 224 225 235 238 244 245 249 264 275 280 293 300 319 326 329 366 369 388 396 400 402 409 411 412
2423 45 48 62 82 83 90 118 137 146 148 151 155 156 157 163 167 169 175 192 199 201 202 204 214 216 223 230 232 237 244 267 273 284 293 302
16 35 38 44 47 48 53 58 59 68 69 72 76 92 96 118 131 141 146 148 149 151 156 161 175 187 195 199 224 225 237 238 239 240 244 261
909 59 62 68 91 92 97 107 123 131 136 148 157 169 173 193 195 205 216 224 235 239 241 244 265 280 300 302 314 319 327 329 333 340 343 346
1203 49 58 59 107 118 123 131 149 157 158 161 169 170 173 177 193 195 202 205 216 235 240 245 270 299 319 335 348 358 366 368 374 412 414 415
1644 44 53 60 82 90 110 123 129 133 137 144 147 149 163 192 195 202 214 221 245 249 259 271 272 278 284 285 302 303 308 319 321 331 343 352
164 52 53 73 93 101 103 116 117 118 123 129 134 147 148 149 157 162 181 185 192 198 202 204 210 212 245 255 260 261 264 267 271 283 300 302
2107 78 90 123 132 136 143 150 163 166 169 175 187 192 202 204 205 224 225 230 239 244 245 263 264 272 286 290 301 302 303 314 319 326 331 338
453 33 36 48 53 62 65 90 103 111 123 133 148 149 166 187 193 198 199 204 216 245 255 258 261 267 272 281 282 293 302 303 308 319 329 331
1200 42 48 53 59 81 87 93 105 125 129 130 139 148 150 173 174 178 186 192 195 198 202 204 216 235 236 245 256 264 274 284 289 295 299 308
3509 63 70 71 73 74 76 79 82 85 92 113 115 117 127 146 148 149 150 160 163 169 173 180 195 199 204 211 214 218 224 228 229 244 248 250
1568 38 48 146 148 151 156 163 166 175 194 199 202 204 214 216 224 244 264 267 272 284 294 302 303 310 319 325 329 332 338 340 343 346 352 365
1379 45 48 53 59 62 92 117 137 146 151 155 178 181 184 195 198 199 202 204 216 230 235 249 264 273 284 291 296 300 302 305 324 329 333 346
3808 80 85 90 111 123 136 151 156 166 169 182 194 198 204 216 222 223 237 245 261 271 272 293 294 301 302 303 308 319 323 329 342 343 346 352
1596 48 53 58 60 73 79 92 95 100 137 146 147 148 149 151 156 162 163 192 198 199 202 204 230 256 260 267 268 273 300 302 306 319 321 328
3525 42 53 58 92 96 123 132 136 151 161 166 169 175 176 179 182 190 198 202 204 212 216 224 225 232 238 242 245 253 268 272 274 275 300 303
2166 92 93 95 103 117 118 127 130 134 137 149 163 169 174 181 192 195 199 204 208 210 215 223 225 245 260 271 272 273 278 284 288 293 296 302
3449 73 153 155 157 166 169 182 187 192 194 198 201 202 204 216 223 242 246 258 259 264 268 293 301 302 308 319 329 331 338 342 343 368 369 392
2392 48 53 58 73 100 117 118 130 134 137 146 148 157 169 185 192 195 198 199 216 223 242 245 261 262 264 302 309 316 328 329 337 338 342 343
2277 36 48 49 53 62 82 90 93 95 103 118 123 129 147 148 149 151 157 163 173 192 202 212 216 225 235 241 245 272 288 289 295 300 301 302
1284 132 136 139 151 166 173 175 176 190 192 198 205 224 225 243 249 261 271 272 294 302 303 308 319 329 352 380 386 388 390 396 398 402 406 409
2426 80 90 100 117 125 127 137 143 147 148 149 157 163 166 175 181 185 192 195 199 202 210 216 225 239 241 245 255 256 259 260 272 279 293 295
367 22 26 31 36 48 52 53 58 60 62 78 92 93 95 100 101 122 123 130 134 136 147 148 157 163 181 195 198 202 204 214 216 223 237 242
2001 58 62 73 93 95 103 110 117 129 137 148 149 162 169 181 185 192 198 202 204 210 214 216 223 225 229 260 261 264 272 273 284 293 302 308
2192 44 48 53 58 73 83 93 117 118 139 146 147 148 151 157 176 178 181 195 198 222 231 235 242 245 254 260 262 263 271 272 284 308 321 326
3100 49 55 58 62 72 111 112 115 117 123 124 129 148 149 156 168 169 183 184 190 192 216 219 223 225 241 264 275 285 289 308 313 319 326 331
2057 49 53 62 65 92 93 103 117 122 123 129 130 133 134 147 149 157 162 163 174 185 198 210 245 251 252 256 258 260 268 272 273 288 295 302
2063 42 58 62 68 131 136 139 149 157 161 165 166 169 172 173 175 181 187 193 195 198 201 205 208 212 216 220 225 230 235 261 285 293 299 301
1993 53 58 73 94 117 123 136 139 150 166 169 192 195 204 208 225 230 245 248 258 264 275 294 302 305 308 319 326 328 329 331 349 388 390 424
3353 113 115 117 125 127 130 147 148 149 169 170 174 192 195 199 204 206 207 211 215 217 218 227 228 230 237 264 272 284 295 296 300 302 313 316
1370 58 62 65 73 100 101 109 146 148 157 168 188 192 195 198 199 202 230 240 242 245 256 262 264 284 302 308 316 329 335 336 338 342 343 344
2693 66 70 71 75 77 83 92 119 123 133 135 153 162 163 186 192 195 198 200 202 209 242 249 255 268 272 273 274 295 301 302 325 329 349 355
3623 48 57 61 73 79 87 90 113 118 119 125 127 130 134 140 148 162 163 165 169 170 173 195 202 214 242 252 259 261 264 297 298 301 306 320
2020 48 53 58 62 83 93 116 117 139 148 157 166 169 179 195 215 222 230 235 245 255 262 264 271 316 321 329 336 338 343 352 387 411 412 424
2242 106 131 146 148 149 150 157 161 180 181 208 216 224 225 233 238 280 285 293 300 301 303 314 319 322 326 329 331 339 343 347 352 388 411 412
1059 78 91 123 131 143 149 151 163 166 169 175 182 192 197 214 216 224 225 229 232 243 249 263 272 274 297 301 302 303 306 329 342 346 352 355
2880 83 90 92 103 116 123 133 135 142 143 149 156 157 159 186 202 210 249 253 256 270 271 274 299 302 319 321 325 328 331 338 343 352 354 355
3423 118 131 132 146 149 157 161 173 175 181 186 190 205 225 235 238 245 261 272 275 280 285 293 302 303 329 331 333 386 392 402 408 415 420 424
2670 45 48 78 111 118 146 148 149 151 156 187 199 204 209 214 216 230 237 244 258 267 268 273 290 303 306 308 310 319 324 329 331 333 338 346
1689 58 73 93 117 122 148 157 163 166 174 181 192 195 198 202 204 210 240 252 259 262 278 292 295 302 305 309 316 321 329 337 349 352 355 356
152 73 86 92 93 103 110 117 122 131 134 148 162 163 166 169 181 185 192 195 198 202 204 210 214 216 223 237 245 264 268 271 272 273 284 301
2604 92 110 116 123 129 137 144 146 149 155 156 188 192 200 202 218 249 255 272 274 287 295 302 303 308 319 321 323 331 338 349 352 354 355 364
2002 62 73 94 117 131 133 136 139 166 169 175 176 181 195 198 202 216 230 245 255 264 278 284 300 302 305 306 308 319 321 329 352 372 380 390
2022 63 104 122 123 129 134 148 149 150 157 163 169 173 187 198 203 204 216 241 245 259 261 272 284 285 292 300 301 308 319 334 349 352 361 368
2019 58 59 62 78 96 106 107 117 123 126 133 146 149 150 151 161 166 173 175 193 195 202 220 224 225 230 234 235 247 259 275 284 300 314 319
2489 36 53 63 70 73 93 95 104 123 129 130 134 143 148 156 163 186 187 188 192 198 202 210 218 227 242 255 260 261 272 274 295 306 308 319
264 69 76 100 106 131 133 136 137 146 149 150 156 157 161 166 169 175 187 190 193 195 197 201 202 216 225 229 238 265 267 281 291 293 301 314
2947 33 36 42 50 58 71 83 87 101 107 108 118 125 128 130 139 146 148 149 154 157 169 170 173 174 192 195 198 202 211 214 216 235 240 244
1301 117 136 146 148 150 161 169 179 181 192 198 199 204 216 224 225 238 245 249 255 261 264 268 272 273 275 284 291 293 300 301 308 314 319 322
343 99 162 166 183 191 192 194 195 202 204 212 214 216 223 230 242 245 264 267 273 293 301 302 319 329 342 343 352 355 368 369 382 392 394 401
784 135 144 151 163 166 181 186 192 195 202 218 219 227 242 272 273 294 295 299 301 302 329 331 342 349 352 355 380 392 398 409 411 412 424 425
1266 74 81 107 123 129 146 157 158 169 172 173 195 196 205 216 235 239 245 264 270 302 307 308 314 323 327 329 358 390 393 398 412 414 415 424
3103 62 91 105 120 123 125 129 132 149 157 169 173 212 225 245 249 256 261 264 270 272 275 289 295 308 319 326 329 331 338 352 374 380 398 400
3361 67 74 81 97 107 120 123 146 150 157 173 205 212 216 230 238 245 261 272 280 285 291 307 308 314 319 327 333 335 353 358 393 398 402 409
593 49 53 58 62 75 78 92 97 107 109 112 114 117 119 121 136 139 146 148 169 173 178 184 186 190 192 198 202 233 251 265 271 273 284 296
1946 68 78 92 107 114 136 139 146 148 161 166 169 173 178 192 193 199 202 233 239 245 265 266 270 273 291 302 305 307 308 324 326 327 329 331
160 48 56 69 82 96 147 148 149 157 169 181 182 192 198 199 202 203 204 216 224 229 238 240 242 258 264 272 279 286 293 301 302 303 319 324
2365 44 53 58 62 87 97 125 139 146 148 161 166 169 173 174 193 195 198 202 205 208 216 245 248 254 264 270 271 295 296 299 302 305 340 360
3385 60 62 65 90 91 123 133 136 137 148 150 156 161 165 166 169 175 187 192 195 198 199 221 223 225 238 242 245 247 259 261 273 274 281 286
1512 92 102 114 119 135 136 137 149 150 157 159 163 186 194 216 218 219 242 249 261 267 268 270 271 272 287 295 302 323 325 329 369 380 386 392
777 76 131 136 146 149 150 161 163 166 175 181 187 195 198 199 202 225 229 235 242 247 272 274 281 301 302 308 309 321 327 331 339 352 357 368
898 62 78 92 97 106 107 114 117 131 146 148 150 156 161 164 169 175 178 190 193 195 202 216 235 264 265 266 271 291 301 307 308 314 319 323
1091 82 123 133 137 149 156 166 169 192 195 242 257 259 261 272 308 314 319 323 331 352 368 385 392 401 403 412 424 456 457 458 461 467 481 482
1964 165 179 195 208 216 225 235 245 264 284 302 329 338 359 381 390 408 411 412 415 420 424 433 445 452 453 472 481 482 498 504 508 514 515 516
1230 117 123 136 146 148 150 161 169 190 193 204 220 229 230 235 245 264 266 275 284 285 300 307 308 319 326 331 338 339 345 352 357 360 375 392
2825 58 63 70 73 82 92 93 101 103 104 116 117 137 148 154 163 170 173 185 186 188 195 202 209 210 218 225 245 252 260 271 272 278 284 295
2390 127 129 133 138 149 161 169 173 175 187 195 202 216 225 240 255 258 261 272 285 286 289 295 301 302 308 319 329 331 332 350 352 353 374 377
1076 97 121 127 139 146 157 166 169 173 177 205 216 220 230 235 239 240 241 245 280 302 308 312 319 329 333 352 366 369 371 376 393 409 411 412
3395 68 92 118 132 146 148 149 169 175 184 192 193 198 202 216 224 231 235 271 284 300 301 302 314 329 343 346 351 352 355 366 386 392 398 410
2871 53 58 83 93 101 105 117 118 125 130 139 146 148 151 169 173 181 195 202 216 223 224 236 238 245 255 262 264 284 321 331 338 387 411 412
1274 93 101 117 118 123 129 130 139 146 148 157 163 169 173 174 178 184 190 195 198 204 205 216 235 242 245 248 255 260 264 272 273 284 288 335
2287 58 93 94 105 117 123 148 157 163 165 179 190 231 241 245 254 278 284 289 296 305 336 390 422 424 445 449 462 476 477 482 501 508 520 523
1662 117 118 123 132 139 146 149 151 157 169 176 181 198 202 216 251 264 271 272 300 302 306 308 319 326 329 338 340 349 385 388 392 397 398 402
252 137 139 148 163 169 175 195 202 204 223 234 245 259 261 268 278 293 305 321 329 337 343 355 356 357 368 372 424 482 509 520 524 531 533 536
2093 48 53 58 60 73 90 101 103 113 117 118 122 144 148 169 192 193 195 204 215 223 229 245 251 256 264 268 271 272 273 301 302 308 321 329
352 53 58 73 90 93 117 130 134 136 139 149 151 162 166 173 174 181 189 192 195 202 204 210 223 242 245 252 255 260 261 273 284 302 306 308
291 93 100 101 103 123 134 148 149 157 169 192 198 199 202 204 210 212 223 230 245 252 256 258 282 300 302 319 328 329 331 337 349 372 426 457
1248 58 59 62 76 95 108 110 118 125 128 130 131 149 151 154 157 163 173 192 195 211 225 228 230 235 244 250 264 267 276 298 320 338 341 350
1332 173 190 193 208 216 231 232 240 245 254 296 302 305 307 308 314 326 340 366 377 387 390 411 415 424 429 436 438 442 449 451 457 496 518 520
1298 146 148 149 150 157 173 183 190 204 216 225 234 235 238 239 242 245 264 272 284 285 307 312 314 319 331 335 339 347 348 352 375 402 409 424
3697 117 123 129 148 151 157 173 179 181 195 198 199 204 223 245 255 256 261 262 264 271 272 284 302 308 309 329 335 336 338 342 343 352 392 398
952 62 65 92 97 102 123 140 146 161 169 198 202 204 216 224 235 245 255 259 261 264 274 284 297 299 300 308 310 314 319 326 327 329 330 333
2870 96 97 123 127 129 131 139 146 149 150 157 173 175 193 204 205 208 216 225 230 235 245 270 272 273 285 308 319 323 335 352 360 366 377 398
1728 90 110 115 123 129 149 161 169 173 181 187 190 192 195 198 202 203 212 225 229 249 272 281 285 301 302 306 309 331 352 355 368 371 402 403
2579 63 70 92 102 110 131 135 136 145 146 149 154 163 166 169 173 186 187 190 192 202 225 249 255 261 270 272 295 301 302 308 310 319 352 355
3488 53 60 83 86 92 117 151 163 166 192 195 198 202 204 223 229 242 245 255 261 262 264 271 272 273 301 302 324 329 335 337 352 355 366 368
3703 58 62 73 93 117 118 121 139 148 151 157 165 174 179 181 195 208 241 245 255 260 261 264 271 272 284 302 308 316 326 329 338 352 412 418
528 95 111 131 142 149 157 161 163 181 187 193 204 224 225 238 245 258 259 271 274 287 302 303 307 308 314 319 329 331 352 375 386 389 392 409
1465 57 58 59 62 69 90 95 123 125 129 138 146 147 149 156 166 170 173 181 187 190 195 202 211 216 222 237 249 250 259 265 272 275 276 285
2143 48 58 62 92 99 117 118 123 133 146 151 161 166 175 176 202 204 216 223 231 246 264 271 272 275 302 308 326 329 340 346 351 380 400 402
1243 62 88 97 123 136 146 149 157 173 208 216 230 238 265 293 312 319 327 333 347 352 367 371 393 412 415 420 424 450 451 453 466 481 498 504
245 131 147 149 161 171 172 173 187 208 212 225 240 253 258 267 279 281 285 294 299 301 302 303 308 312 314 327 331 335 338 347 352 358 366 377
2004 53 58 75 83 86 92 93 114 116 117 121 133 136 139 147 148 166 169 175 192 195 198 202 204 222 237 242 249 255 262 264 268 271 272 308
967 81 83 116 151 157 163 165 183 199 202 208 216 218 235 245 262 264 272 274 278 293 295 344 352 366 390 417 424 457 462 474 482 498 506 509
2123 75 136 155 169 182 183 194 195 198 202 216 223 230 232 245 261 267 271 272 273 284 301 302 308 326 329 343 355 366 369 372 386 392 396 412
2159 67 103 120 127 128 139 146 150 160 165 166 170 173 175 190 202 207 211 214 231 232 245 276 278 281 289 293 296 298 305 308 314 319 320 326
3147 76 80 96 133 164 187 192 216 224 225 229 230 237 242 258 270 287 293 303 308 310 339 349 351 352 358 368 403 409 411 412 424 426 451 454
2139 53 58 83 92 116 117 136 139 146 151 166 177 179 184 192 195 198 204 211 216 222 235 245 261 264 284 302 316 326 329 352 355 392 424 425
2943 118 123 125 130 139 148 157 173 174 198 199 216 245 255 264 270 271 279 284 289 302 308 326 348 349 352 366 377 411 424 429 435 438 442 444
265 32 45 48 50 108 125 127 130 133 137 141 147 150 151 156 163 167 181 187 192 199 202 204 219 222 223 240 251 257 261 264 268 276 279 298
299 90 111 133 136 137 148 149 157 166 169 187 192 195 198 199 202 204 216 224 225 235 238 245 259 261 274 293 301 302 303 308 314 319 331 333
1286 48 58 67 101 105 123 125 127 130 148 157 169 173 184 192 193 204 216 240 245 258 264 270 272 274 307 309 314 329 333 334 335 366 412 424
2358 78 92 95 111 149 151 156 161 175 187 195 201 204 212 220 224 232 240 249 255 259 261 272 294 301 303 308 314 319 321 326 331 346 350 352
1 48 53 60 62 75 83 92 109 114 119 127 136 146 147 148 149 157 163 195 198 204 222 223 229 245 262 264 270 271 272 284 293 301 302 308
3762 125 129 130 146 147 149 195 198 204 216 240 245 255 256 272 275 284 301 308 314 329 338 374 377 385 388 418 424 425 461 482 523 524 533 539
287 52 58 62 93 95 100 127 129 130 134 137 139 149 157 163 166 169 174 185 187 192 199 208 210 223 225 242 245 252 256 259 260 261 306 319
1262 149 150 157 161 169 199 216 230 238 239 245 247 255 259 261 270 272 285 301 319 326 327 335 338 348 352 366 375 393 402 404 406 409 414 424
2571 63 70 73 75 77 92 95 119 123 133 135 145 149 151 153 159 163 186 187 189 192 199 200 202 216 271 272 295 301 302 306 310 319 329 343
2160 44 48 53 75 83 92 93 114 116 117 136 139 150 151 166 169 178 192 195 198 204 235 245 262 264 268 271 272 284 321 329 342 352 357 372
1234 97 131 146 148 150 151 157 166 173 175 193 205 216 225 235 245 261 264 271 297 307 319 327 329 333 343 349 351 364 366 386 387 390 393 402