2857 1 0 0 1 0 0 1 0 1 1 0 1 1 0 0 1 0 1 1 1 1 0 1 0 0 0 1 0 1 0 0 1 0 1 1 0 1 1 0 1 0 0 1 0 0 1 0 1 1 0 0 1 1 1 1 0 0 0 1 1 0 0 0 1 0 1 0 0 1 1
259 1 1 1 0 0 0 0 0 0 1 0 0 0 0 1 0 1 1 1 1 1 1 0 0 0 1 1 1 0 0 1 0 1 1 1 0 1 0 0 0 0 1 0 1 1 1 1 0 0 1 0 1 0 1 1 1 0 0 0 1 1 0 1 1 0 0 0 0 1 1
1195 0 1 0 0 0 1 0 1 1 0 1 0 1 1 0 0 1 0 1 0 1 0 0 1 0 1 1 0 1 0 0 0 0 1 0 1 1 1 1 1 1 1 1 1 0 1 0 1 0 0 0 1 0 1 0 1 0 1 1 0 1 1 0 0 1 0 1 0 0 0
1209 0 0 0 1 1 1 1 0 1 1 1 0 1 0 0 1 0 0 0 1 0 1 1 1 1 0 0 0 1 0 1 1 1 0 0 0 0 0 1 1 0 0 0 0 0 1 1 1 1 1 1 1 0 0 0 1 1 0 1 1 0 1 0 0 1 0 0 1 0 1
479 1 1 0 1 0 1 1 1 1 1 0 0 1 0 0 1 0 1 1 0 1 0 1 1 0 0 0 1 0 0 1 0 1 0 0 1 1 0 1 0 1 1 0 1 1 1 0 0 0 0 1 0 0 1 1 1 0 1 0 1 0 0 0 1 1 0 0 1 0 0
2027 0 0 0 0 1 0 1 0 1 0 1 1 1 0 0 0 1 1 1 1 0 1 1 1 0 0 0 1 1 1 1 1 1 0 0 1 1 0 1 0 1 1 0 1 1 1 1 0 1 0 0 0 1 1 0 0 0 0 0 0 1 1 0 0 0 0 0 1 1 0
588 1 1 1 1 1 1 1 0 0 1 0 0 0 0 0 1 0 0 1 0 0 1 1 1 1 0 1 0 0 1 0 1 0 1 0 0 1 1 1 0 0 0 1 1 0 0 1 1 0 1 1 0 1 0 0 0 0 1 0 1 1 0 1 0 1 1 0 0 0 1
2570 0 0 0 1 1 0 1 0 1 0 1 1 1 1 1 0 1 1 1 0 1 1 1 0 1 1 0 0 1 1 0 1 1 1 0 0 1 1 0 1 1 0 1 1 0 0 1 1 0 0 0 0 1 0 0 1 0 0 1 0 0 0 0 1 0 0 0 1 0 0
1269 1 0 0 0 1 1 1 1 0 0 0 0 1 1 0 1 1 0 1 1 1 1 1 1 0 1 0 1 0 0 0 1 1 1 1 0 0 0 1 1 1 0 1 1 0 1 0 1 0 0 1 1 0 0 0 0 0 0 1 1 1 0 0 0 0 1 0 1 0 0
592 1 0 1 1 0 1 0 1 1 1 0 1 0 1 0 1 0 0 1 1 0 1 1 0 1 1 0 1 0 0 0 1 0 1 1 1 0 1 0 1 0 1 0 1 1 1 0 0 1 1 0 0 0 1 1 1 0 0 0 1 1 0 0 0 0 0 1 0 0 0
1579 1 0 1 1 1 0 1 1 0 0 1 1 0 1 0 1 0 1 0 1 1 0 0 0 1 1 1 1 1 1 0 0 0 0 1 1 0 1 1 0 1 0 0 0 0 0 1 0 0 0 0 0 0 0 1 0 1 0 0 0 1 0 1 1 1 1 1 0 1 1
1197 1 1 0 0 0 0 1 1 1 1 1 1 1 1 1 1 1 1 1 1 0 0 0 1 0 0 1 0 0 0 1 0 0 1 1 1 0 0 1 0 0 1 0 1 0 0 1 0 1 0 0 1 1 0 0 0 0 0 0 1 1 0 0 1 0 1 0 1 0 1
607 0 1 1 0 1 0 0 0 1 0 0 1 0 0 1 1 0 1 1 1 1 1 0 0 0 0 1 1 1 1 0 0 0 1 0 1 1 0 1 0 1 1 0 0 1 1 1 0 1 0 0 0 1 0 1 1 0 0 0 0 0 0 1 0 1 1 1 1 0 1
2761 1 0 0 0 0 1 1 1 1 1 0 1 1 1 1 1 0 0 0 1 0 0 0 1 0 0 1 0 0 1 1 1 0 1 0 0 0 1 0 0 0 0 0 0 1 1 0 0 0 1 0 1 0 1 1 1 1 0 0 0 0 1 1 1 1 1 1 1 0 1
109 1 1 0 0 1 0 0 0 0 1 1 0 0 0 1 0 0 1 1 1 0 1 1 0 0 1 1 1 0 0 1 0 1 1 1 1 1 0 1 1 0 0 1 0 0 0 1 0 0 0 1 0 1 0 1 0 1 0 1 0 0 1 1 0 1 1 1 1 0 0
2395 0 1 0 0 1 1 1 1 0 0 0 0 0 1 1 0 0 1 1 0 0 1 1 1 0 0 1 0 1 1 0 1 1 0 0 0 1 0 0 0 1 1 1 0 0 0 0 1 1 0 1 1 1 0 1 0 1 1 1 0 0 1 0 1 1 1 1 0 0 0
1196 0 0 1 1 0 0 0 1 0 0 1 1 0 1 0 1 1 0 1 1 1 1 1 0 1 1 0 1 0 0 1 1 0 1 0 1 0 1 0 0 1 1 1 1 0 1 1 0 0 1 0 0 0 1 1 0 1 0 0 0 0 0 1 1 0 0 0 1 0 1
526 0 1 0 0 0 1 1 0 1 0 0 1 0 0 1 0 1 1 0 0 0 1 1 1 1 1 0 1 1 1 1 0 0 0 1 0 0 0 0 0 0 1 1 0 0 1 1 1 1 0 1 0 1 0 1 0 0 1 1 1 0 0 0 1 1 0 1 1 0 1
1616 0 0 1 1 1 1 0 1 0 1 0 1 1 1 0 0 1 1 0 1 1 1 0 1 1 0 0 0 0 1 0 1 0 0 0 0 0 1 0 1 0 0 1 0 1 0 1 0 1 1 0 0 1 1 1 1 1 0 0 1 0 1 0 1 0 0 0 0 1 1
1264 1 0 0 1 1 1 1 1 1 0 1 0 1 1 0 0 1 0 0 0 1 1 0 1 1 1 1 1 0 0 0 0 1 1 1 0 1 0 1 1 0 0 1 0 0 0 1 0 0 0 1 0 0 1 1 1 1 1 0 0 1 0 1 0 0 1 0 0 0 0
1096 0 0 1 0 1 1 0 0 0 0 0 0 1 0 0 1 1 1 1 0 1 0 0 0 1 1 0 0 0 1 1 1 1 1 1 1 1 0 0 0 0 1 1 0 1 0 0 1 1 0 0 1 1 1 1 0 0 1 0 0 0 1 1 0 0 1 1 1 1 0
2627 0 1 1 0 1 0 0 0 1 1 0 0 1 1 0 1 0 0 0 1 0 0 1 0 0 0 1 1 1 0 0 0 0 0 1 1 1 0 1 1 0 1 0 0 0 1 0 1 0 0 1 1 1 1 0 1 0 1 0 1 0 0 1 1 1 1 0 1 1 1
2996 1 0 1 1 1 0 0 0 0 0 1 1 1 0 1 1 1 0 1 1 1 1 1 0 0 0 0 0 1 1 0 1 1 0 0 0 1 1 1 0 0 0 0 1 0 0 0 1 0 0 1 1 1 0 1 1 1 1 0 0 1 1 0 0 0 0 0 1 1 0
317 0 0 1 0 0 1 0 0 1 0 0 1 0 1 0 1 1 1 1 1 1 1 1 1 1 1 1 1 1 0 0 0 0 0 0 0 1 1 1 0 0 0 1 1 1 1 0 0 0 1 1 0 0 0 1 0 0 0 1 0 0 1 1 1 0 0 1 0 0 1
857 1 1 1 1 0 1 1 0 0 1 1 0 0 1 0 0 1 0 0 1 0 1 0 1 0 0 1 0 1 0 0 0 0 0 0 0 1 1 1 0 0 0 0 0 0 1 1 1 1 1 1 1 0 1 0 1 1 0 0 0 0 0 1 1 1 1 0 1 1 1
355 0 1 1 0 1 1 0 0 0 1 0 0 0 0 0 1 1 0 1 0 0 1 0 0 0 1 1 1 1 0 0 1 0 0 1 0 1 1 0 1 1 1 1 0 1 1 0 1 1 1 1 1 0 1 0 0 1 1 1 1 0 0 0 0 0 1 1 0 0 0
2715 1 1 0 1 0 0 0 1 0 1 1 1 0 0 0 1 0 1 0 0 0 0 0 0 1 0 1 1 1 0 0 0 0 1 0 0 1 1 0 1 1 0 1 0 1 1 0 0 1 1 1 0 1 0 1 0 0 0 1 1 0 0 1 1 1 1 0 1 1 1
295 0 1 1 1 1 1 0 0 1 1 0 1 0 1 1 1 1 0 1 0 1 0 1 0 0 0 1 1 1 0 0 0 0 1 1 1 0 1 0 1 0 1 0 1 0 0 0 1 0 0 1 1 1 0 0 1 1 0 0 1 0 1 0 0 0 0 1 0 1 0
1239 1 0 0 0 0 0 0 0 0 0 1 0 1 1 0 1 1 1 0 0 1 0 0 1 1 1 0 1 0 1 1 1 1 1 0 0 0 0 1 0 1 0 0 1 1 0 0 1 0 1 0 0 0 1 1 0 0 1 1 1 0 1 1 1 1 1 0 0 1 1
0 0 0 1 1 1 1 0 1 1 1 0 0 0 1 0 1 0 0 0 0 0 1 0 1 1 1 1 1 0 0 0 1 0 1 0 0 1 0 0 0 1 1 1 1 1 1 0 0 1 1 1 0 0 0 1 0 0 1 1 0 0 0 1 1 0 1 1 1 0 0
1213 1 1 1 1 1 1 0 1 1 1 0 0 1 0 0 0 0 1 1 1 1 1 0 0 0 1 0 1 0 0 1 0 1 1 0 0 0 0 1 1 0 1 0 1 1 0 0 0 0 1 1 0 1 1 1 0 1 0 1 0 0 0 0 0 1 0 0 0 1 1
2915 0 1 0 1 0 1 0 0 1 1 0 0 1 1 1 0 0 0 1 1 1 0 0 0 0 0 1 0 1 1 1 1 1 0 1 1 1 1 1 0 1 0 1 1 1 0 0 0 1 1 1 1 0 0 0 0 0 0 1 1 0 1 0 0 1 0 0 0 1 0
456 1 0 1 0 0 1 0 0 0 1 0 1 1 1 1 1 0 0 1 0 1 1 0 1 0 0 1 0 1 1 1 0 0 1 1 1 0 1 1 0 0 0 0 1 1 0 0 0 1 1 0 0 1 1 0 0 0 0 0 0 0 1 0 1 1 1 1 1 0 1
3577 0 1 0 0 0 1 0 0 1 0 1 1 0 0 0 1 1 1 0 1 0 1 1 1 1 0 1 1 1 0 1 1 0 1 0 0 1 0 0 1 1 1 0 0 0 0 0 0 1 0 0 1 0 1 0 0 1 1 0 0 1 1 1 0 0 0 1 1 1 1
1199 0 1 0 1 1 0 0 0 0 0 0 1 1 1 1 1 1 1 1 0 1 0 0 0 1 0 0 0 0 1 0 1 0 0 0 0 0 0 1 0 1 1 1 1 0 1 0 1 0 0 0 1 1 1 1 0 0 1 0 0 1 1 1 1 1 1 0 0 1 1
540 0 0 0 0 1 0 0 0 1 1 1 1 0 0 1 1 0 1 1 1 0 0 0 0 1 1 1 0 0 1 1 1 1 1 1 0 1 0 1 1 1 0 1 1 0 0 0 0 0 1 0 0 0 1 1 0 0 0 0 1 1 1 1 0 1 0 0 0 1 1
2986 0 1 0 0 1 0 1 1 0 0 0 0 1 1 0 1 1 1 1 1 1 0 0 1 0 1 1 0 1 0 1 0 0 0 0 1 0 1 1 1 1 0 0 0 1 1 1 1 0 0 0 0 1 1 0 1 1 0 1 0 1 0 0 1 0 0 1 1 0 0
1258 1 1 0 0 1 1 1 1 0 1 1 0 1 0 1 1 1 0 0 0 1 1 1 0 0 1 0 1 0 0 0 1 0 0 1 1 1 0 1 1 1 0 1 0 0 0 1 0 0 0 0 1 1 1 0 1 1 0 0 0 0 0 0 0 1 1 0 0 1 1
49 0 0 1 1 1 1 0 1 1 0 0 1 1 1 0 1 0 1 0 0 0 0 0 1 0 0 1 0 1 0 1 0 0 0 0 1 1 1 0 1 0 0 1 1 1 0 1 0 1 1 1 0 1 1 0 1 0 0 0 1 0 1 0 0 1 1 1 0 1 0
33 1 1 1 0 1 0 0 0 0 1 1 1 0 1 0 0 1 0 0 0 1 1 0 0 1 0 1 0 0 0 0 1 0 1 0 1 0 0 1 0 1 0 0 1 0 1 1 1 1 0 1 0 1 1 1 1 1 0 1 1 1 0 0 0 0 1 0 0 1 1
2790 0 1 1 0 0 1 0 1 0 0 0 0 0 0 1 0 1 0 1 0 1 0 0 1 1 0 0 1 1 1 0 0 1 1 1 1 1 1 0 0 1 1 1 0 1 1 0 1 0 0 0 1 1 0 0 0 1 0 1 0 1 1 0 0 0 1 1 1 1 0
779 0 0 0 1 1 0 0 0 0 1 1 0 0 0 1 0 1 0 1 0 1 0 1 0 0 1 0 1 0 0 0 1 1 1 1 1 1 1 0 1 0 0 0 0 0 0 1 1 1 0 1 0 0 1 0 0 1 0 1 0 1 1 1 0 1 1 1 1 1 1
3174 0 0 1 1 0 1 0 1 0 0 0 0 0 0 0 1 0 0 1 0 0 1 1 1 1 1 0 1 0 0 0 0 0 0 0 0 0 1 1 0 0 1 1 1 1 1 1 1 1 0 1 0 1 1 0 0 0 1 1 1 1 1 1 0 1 0 1 1 1 0
1192 0 1 0 1 1 0 1 1 0 0 1 0 1 0 0 0 0 1 0 0 0 0 0 0 1 0 0 0 0 0 0 0 0 1 1 0 1 0 1 1 1 0 1 1 1 1 0 1 1 0 1 1 1 1 0 0 1 1 1 0 0 1 0 1 0 1 1 1 1 1
918 1 1 0 0 0 1 1 1 1 0 0 1 0 1 0 1 1 1 0 1 0 1 0 1 0 0 1 0 0 1 0 1 0 1 0 0 0 0 1 0 1 0 0 1 1 0 1 1 1 1 0 0 1 0 0 0 0 1 1 1 0 1 1 1 0 0 0 1 1 0
923 0 1 1 1 1 1 0 1 0 1 0 0 0 0 1 1 1 0 0 0 1 0 1 0 0 0 1 1 0 0 1 0 0 0 0 0 1 1 0 1 0 1 0 0 1 1 1 0 1 1 0 0 0 0 1 1 1 0 0 0 1 0 0 1 1 1 1 1 1 1
1126 1 0 0 1 0 1 0 0 0 0 1 0 0 1 0 1 0 0 0 0 0 1 1 1 0 1 0 1 1 0 1 1 1 1 1 1 0 0 0 1 1 0 0 1 1 0 1 0 0 0 0 1 0 1 1 1 0 0 0 1 1 1 1 1 1 0 0 1 0 1
2354 1 0 1 0 1 0 1 1 1 1 0 1 1 1 1 0 1 0 0 0 0 0 1 0 0 1 1 0 1 0 0 0 0 1 1 1 1 0 0 0 1 1 1 0 0 1 0 1 1 0 0 1 1 1 0 0 1 0 1 0 1 1 0 0 0 1 0 0 0 1
1386 0 1 1 1 0 0 0 0 0 1 0 0 0 1 1 0 0 0 0 1 0 1 1 0 0 0 0 1 1 1 1 1 0 1 1 0 0 0 1 1 0 1 0 1 0 1 0 0 0 1 1 1 1 0 1 0 1 0 1 0 1 0 1 0 0 1 1 1 1 1
1220 1 1 1 0 1 1 1 1 0 0 1 1 0 0 0 1 0 1 0 0 1 1 0 1 1 0 0 0 0 0 1 0 0 1 1 1 1 0 0 1 1 1 0 1 0 0 0 1 1 1 1 1 0 0 0 0 1 0 1 1 1 0 0 0 0 0 0 1 1 0
911 1 0 1 1 1 0 0 1 0 0 0 1 0 1 0 1 1 0 0 1 1 1 0 0 1 1 1 0 1 0 0 1 0 0 0 0 0 1 1 1 0 0 0 0 1 1 0 0 1 0 1 1 1 0 0 1 1 0 1 1 0 0 1 0 0 0 1 1 1 1
1035 0 1 1 1 0 1 1 1 0 1 0 0 1 0 1 0 0 1 0 1 0 0 0 1 1 1 0 1 1 0 1 0 0 0 0 1 1 0 1 1 0 1 0 0 0 0 1 0 0 1 1 1 0 1 1 1 1 1 0 0 1 0 1 0 0 0 1 1 0 0
1212 0 0 1 0 0 1 0 0 0 1 0 0 0 0 1 0 0 0 1 0 0 1 0 1 1 1 1 1 1 1 0 1 0 0 1 0 1 0 1 1 1 0 1 0 0 1 1 1 1 1 0 1 0 0 0 0 1 1 1 1 0 0 1 1 1 0 1 1 0 0
1609 0 1 0 1 1 0 0 0 1 1 1 0 0 0 0 0 1 0 1 0 0 1 1 0 0 1 0 0 1 0 0 1 0 1 0 1 1 1 1 1 1 1 1 1 1 1 0 1 0 1 0 1 0 0 1 0 0 0 0 1 0 1 1 1 0 1 0 1 0 0
376 0 0 1 0 0 1 1 1 0 1 0 1 1 1 0 0 1 1 1 0 1 1 0 1 1 0 1 0 0 1 0 1 0 0 1 1 1 0 1 0 0 1 1 1 1 0 0 0 0 1 1 1 0 0 1 0 0 0 0 1 1 0 1 1 1 0 0 0 0 0
1290 1 0 0 1 1 0 0 1 1 0 1 0 0 1 0 1 0 0 1 1 1 1 0 1 1 1 1 0 0 0 0 0 0 1 0 1 0 1 1 0 1 0 0 1 1 0 0 1 1 0 0 1 1 1 0 0 0 1 0 0 1 0 1 1 1 1 1 0 0 0
1999 0 0 1 1 0 0 1 0 0 1 0 0 1 0 1 0 0 0 1 1 1 1 1 0 1 0 1 1 0 0 1 0 0 0 1 0 0 1 0 1 1 0 0 1 1 0 1 1 1 0 1 0 0 0 0 1 1 0 1 0 1 0 1 1 1 1 1 0 0 1
1135 0 1 0 0 0 0 0 1 1 1 0 0 1 0 1 1 1 1 1 0 1 1 0 0 1 1 0 1 1 1 1 0 1 1 0 1 0 1 0 1 1 0 0 0 0 1 0 0 1 0 0 0 1 0 1 1 1 1 0 0 0 0 1 0 0 1 0 1 1 0
3113 0 0 1 1 0 0 1 0 1 0 1 0 1 1 1 1 1 0 0 0 0 1 0 1 0 0 1 0 1 1 0 1 0 0 0 0 0 1 1 0 0 1 1 1 1 1 1 0 0 0 0 1 1 1 1 0 1 0 1 1 0 0 0 1 0 0 0 1 1 1
1306 0 0 1 1 1 1 1 1 0 0 0 0 0 1 0 0 1 1 0 1 1 0 1 1 0 0 1 1 1 0 0 0 0 0 0 1 0 1 1 1 0 0 1 1 1 0 0 0 1 1 0 1 1 0 1 1 0 0 0 0 1 1 1 1 0 1 1 0 0 0
1703 1 0 0 0 0 1 1 0 1 0 0 0 0 1 1 1 0 0 1 0 0 1 1 0 1 1 0 1 0 0 1 0 0 1 1 0 0 1 1 0 0 1 0 0 0 1 1 1 1 0 1 1 1 1 0 0 1 1 0 1 0 0 0 0 1 1 1 1 1 0
1720 1 1 1 1 0 1 0 0 1 0 0 0 1 1 0 0 0 0 0 1 1 0 1 1 0 0 1 0 0 1 1 0 1 0 1 0 0 0 1 1 1 1 1 1 1 1 0 1 0 1 0 0 0 1 1 1 0 1 0 0 0 0 1 1 0 0 1 0 1 0
1967 0 1 0 0 1 0 1 1 1 1 1 0 0 0 0 1 0 0 1 1 0 1 0 0 0 1 1 0 1 0 1 1 0 0 1 0 1 1 0 0 1 0 1 1 0 1 1 1 1 1 0 1 0 0 1 0 0 0 0 1 1 0 0 1 1 0 0 1 0 1
647 0 0 0 0 1 1 1 1 1 1 1 0 0 0 0 1 1 1 0 1 1 1 0 0 0 1 1 1 1 0 1 0 0 0 1 1 1 0 0 0 1 1 0 0 0 0 0 0 0 1 0 0 1 0 1 0 1 1 1 0 1 0 1 0 0 1 1 0 1 1
2598 0 1 0 0 1 1 1 0 1 1 0 1 0 1 1 0 0 1 0 1 1 0 1 0 0 0 0 1 1 1 0 1 0 1 1 0 1 1 1 0 1 0 0 0 1 0 1 1 0 1 1 0 0 0 0 1 0 0 1 1 0 0 1 1 0 1 0 1 0 0
31 0 0 1 0 0 1 1 1 0 1 0 1 1 1 1 1 0 1 0 0 1 0 1 1 1 1 0 0 0 0 0 0 1 1 0 0 1 0 1 1 1 0 1 0 0 0 1 0 1 0 0 0 0 0 0 0 0 0 0 1 1 1 1 1 1 1 1 1 1 0
3792 1 0 1 1 0 0 1 1 0 0 0 1 0 0 0 1 1 1 0 0 0 1 0 0 1 1 0 0 1 1 0 1 1 0 1 0 1 1 0 0 1 0 0 1 0 1 0 1 0 1 0 0 0 1 1 1 1 1 1 1 0 0 0 1 1 1 0 0 1 0
2173 1 0 0 1 1 0 0 0 0 0 0 0 1 1 1 1 0 1 1 1 1 0 0 1 0 0 0 0 0 1 1 0 1 0 0 0 0 0 1 1 1 1 0 1 1 1 1 1 0 1 1 1 0 0 1 0 1 0 0 1 1 1 0 1 1 1 0 0 0 0
2796 1 1 0 0 1 0 0 1 1 1 1 1 1 0 0 1 0 0 0 1 0 0 0 0 0 0 1 1 0 0 0 1 0 0 1 1 1 1 1 0 0 1 0 0 1 1 1 0 1 1 1 0 1 0 0 1 1 1 0 0 1 1 1 1 0 0 0 0 1 0
2290 1 1 1 1 1 0 1 0 0 1 1 1 1 1 0 1 1 1 1 1 1 0 0 0 1 1 1 0 0 1 0 0 0 1 1 0 0 1 0 0 0 0 0 0 1 1 0 0 1 1 1 0 0 1 1 0 0 0 1 0 0 0 1 1 0 1 0 0 0 0
2917 1 0 1 1 1 0 1 0 0 1 0 0 1 1 1 1 0 1 0 0 1 0 0 0 0 0 0 1 0 1 1 1 0 0 0 0 1 1 0 1 1 1 1 0 1 1 1 0 0 0 1 0 1 1 0 1 0 0 1 1 1 0 0 0 1 0 1 1 0 0
589 0 0 1 1 0 1 0 0 0 1 0 1 1 1 0 0 0 0 1 1 0 1 0 1 1 0 0 1 1 0 1 0 1 0 1 0 0 0 1 1 1 0 1 1 0 1 0 0 1 0 1 1 0 1 1 1 1 0 1 1 0 1 0 0 1 0 0 0 0 1
2958 0 0 1 0 0 0 0 0 1 0 1 1 1 0 1 0 1 0 0 1 1 1 0 0 0 1 0 0 0 0 1 1 1 0 1 1 1 0 1 0 1 0 0 0 0 0 1 1 0 0 1 0 1 1 1 1 0 0 1 0 0 1 1 1 1 0 1 1 1 1
3470 1 1 1 1 1 0 0 0 1 1 0 0 1 1 0 0 0 0 1 1 1 1 1 0 0 1 1 0 1 0 0 1 1 0 0 1 1 0 1 0 0 0 1 1 1 0 1 1 0 0 0 1 1 1 0 0 1 0 1 0 1 0 1 0 0 1 0 0 0 0
1373 0 0 0 0 1 1 1 0 1 1 1 1 1 0 0 1 1 0 0 0 1 0 0 1 0 1 0 0 0 0 0 0 0 1 1 0 0 1 1 0 0 0 0 1 1 1 1 0 0 0 0 1 1 1 1 1 1 1 0 1 1 0 1 1 0 1 0 1 0 1
1393 1 0 0 1 1 1 1 0 0 0 1 1 1 0 1 0 1 1 0 0 1 0 1 0 0 1 0 0 1 1 1 1 0 0 1 0 1 0 0 1 0 0 0 0 1 1 0 1 0 0 1 0 0 1 1 1 0 0 1 1 1 1 0 0 0 0 1 1 1 0
2682 0 1 0 1 1 1 0 1 1 0 1 0 0 1 0 0 1 1 0 0 1 1 1 1 1 0 0 0 1 0 0 0 0 1 1 0 0 0 0 1 1 0 0 1 0 1 1 1 0 0 0 1 0 1 1 1 1 0 0 1 0 1 1 1 0 0 0 1 1 0
591 1 0 0 1 0 1 1 0 0 1 1 1 1 0 0 0 1 0 0 0 1 1 0 0 0 1 0 0 1 1 1 1 0 0 1 0 0 1 0 1 1 1 1 0 0 0 0 1 1 1 0 1 1 0 1 1 0 1 0 1 0 1 0 0 0 1 0 0 1 1
1783 1 1 0 0 1 1 1 1 1 1 1 0 1 0 0 0 1 1 0 1 1 1 1 1 0 0 1 0 0 0 1 0 1 1 0 0 1 0 0 0 0 0 1 0 1 0 0 1 0 0 1 0 0 0 0 0 1 0 1 0 0 0 1 0 1 1 1 1 1 1
1572 0 0 1 1 0 1 1 1 0 0 0 1 0 0 1 0 0 0 0 1 1 0 1 1 0 0 1 1 0 0 0 1 0 0 0 1 1 1 1 0 0 0 1 1 1 0 1 0 0 0 1 0 1 0 0 1 1 1 0 1 1 1 1 0 1 1 1 0 1 0
1303 0 1 1 0 0 1 1 1 0 0 1 1 0 0 0 0 0 0 1 0 0 1 1 1 1 0 1 0 0 0 1 0 0 0 1 1 1 1 1 0 1 0 1 0 0 1 1 1 0 0 0 1 0 0 1 0 1 0 0 0 0 1 1 1 1 1 1 0 1 1
3417 1 0 1 0 0 0 0 0 1 1 1 1 1 0 0 0 0 1 1 1 0 0 1 1 1 1 1 1 1 0 0 0 1 0 0 1 1 1 0 1 1 1 0 0 1 1 1 0 0 0 0 0 1 1 1 1 0 0 1 1 0 0 0 1 0 0 1 0 0 0
222 1 1 0 1 1 1 0 0 1 0 0 1 1 1 1 0 1 0 1 0 1 0 1 0 0 0 1 0 1 1 0 0 0 0 1 1 0 0 0 0 1 1 0 0 1 1 1 1 0 0 1 1 1 0 1 0 0 0 0 0 0 0 1 1 0 1 1 0 1 1
379 0 1 0 0 0 0 0 1 1 1 0 1 1 1 1 0 0 1 0 0 1 0 1 1 0 1 1 1 0 0 0 1 0 0 1 1 0 1 1 1 0 1 0 0 1 1 1 0 1 1 0 0 1 1 0 0 1 1 0 0 1 0 0 1 1 0 0 0 0 1
2705 0 1 0 0 1 1 0 1 0 1 0 0 0 0 1 0 1 0 0 0 1 1 1 0 1 0 1 0 1 1 0 1 1 1 0 0 1 1 1 1 1 0 0 0 1 1 0 0 0 1 0 0 1 1 0 1 1 0 0 0 1 0 0 1 1 1 1 0 1 0
1224 0 1 0 1 1 1 1 1 0 1 0 0 0 1 1 0 0 0 0 1 0 1 1 1 1 1 0 0 0 0 1 1 0 0 0 0 0 0 0 1 1 1 1 1 1 0 1 1 1 1 1 0 0 1 0 1 0 1 1 1 0 0 1 0 0 1 0 0 0 0
1583 1 0 1 0 0 1 0 0 0 0 1 1 0 0 1 0 1 0 0 1 1 0 1 1 1 0 1 1 1 1 1 0 1 0 1 0 0 0 1 1 0 1 1 0 1 1 1 1 0 1 1 1 1 0 0 0 1 1 0 0 1 0 0 0 0 0 1 0 0 0
1526 0 1 1 0 0 1 1 0 1 0 0 1 0 1 0 0 1 1 1 0 0 0 0 0 1 0 0 0 1 0 0 1 1 1 1 0 0 1 1 0 0 1 1 0 1 0 0 0 1 0 1 0 1 1 1 1 1 1 1 1 1 1 0 1 0 0 0 0 1 0
3480 0 0 0 1 1 1 1 0 0 0 0 0 1 1 0 1 0 1 1 1 1 0 1 0 0 0 0 1 0 0 1 1 0 0 0 0 0 1 1 0 0 0 1 1 0 1 1 1 0 0 1 1 0 0 1 1 1 1 0 1 0 0 1 1 0 1 1 1 0 1
1922 1 1 0 0 0 1 0 0 1 1 1 0 0 1 0 0 1 0 0 1 0 1 1 0 0 0 0 0 1 1 1 1 1 1 0 1 0 0 1 0 1 1 0 1 1 0 0 1 0 0 0 0 1 0 0 1 1 1 1 1 1 0 0 0 0 0 1 1 1 1
749 0 1 1 1 1 0 1 0 1 1 0 0 0 1 0 1 0 1 1 1 1 0 0 0 0 0 0 0 1 1 1 0 0 1 0 1 1 1 1 1 0 1 0 1 1 0 1 0 1 1 1 0 0 0 1 0 1 0 1 0 0 0 1 0 0 1 0 1 0 0
2698 1 0 0 1 1 1 1 0 1 0 0 0 1 1 1 1 0 0 0 0 0 0 1 0 1 1 1 1 1 1 0 0 0 0 1 0 1 0 1 0 1 0 0 0 0 0 1 1 1 1 0 1 1 0 1 0 0 1 1 0 0 1 1 0 0 1 1 1 0 0
38 1 1 1 0 1 0 1 0 1 0 0 0 0 1 1 1 0 0 0 0 1 1 1 0 1 1 0 0 1 1 1 0 0 1 1 0 1 0 1 0 0 0 1 1 0 0 0 1 0 0 1 1 1 0 1 0 0 0 0 0 0 1 1 1 0 0 1 1 1 1
20 1 0 1 0 0 1 0 0 0 1 0 0 1 1 0 0 1 1 1 1 1 0 1 1 1 1 1 1 1 1 0 1 0 0 0 1 1 0 1 0 1 0 0 0 0 0 1 1 0 1 1 0 1 0 0 0 1 1 0 1 0 1 1 1 0 0 0 0 0 0
1392 1 1 0 0 1 1 1 1 0 1 0 1 0 1 1 1 0 0 0 0 0 1 1 0 0 1 1 1 0 0 0 1 0 0 0 0 1 0 1 0 1 0 1 0 1 1 0 0 1 0 1 1 0 0 1 0 1 1 0 1 1 0 0 1 1 1 0 0 0 1
2803 1 0 1 0 0 0 1 1 1 1 0 1 1 1 1 0 1 1 0 0 0 1 0 0 1 0 1 0 1 0 0 1 1 1 1 1 0 0 1 0 1 0 1 1 1 1 0 0 1 1 0 0 0 0 0 1 0 1 1 1 0 0 1 0 0 0 0 0 0 1
587 0 1 1 0 0 1 1 1 0 0 1 0 0 0 0 0 0 0 0 1 1 0 0 1 1 0 1 1 1 0 1 1 0 0 1 1 1 0 1 1 1 0 1 0 1 1 0 1 0 1 1 0 1 1 1 1 1 0 0 1 0 0 0 0 0 0 0 0 1 1
2405 1 1 0 1 1 1 0 1 1 0 0 0 1 0 1 0 1 1 1 0 1 1 0 0 1 1 0 1 0 1 0 1 1 1 0 1 1 0 0 0 1 1 1 0 1 1 0 0 0 0 0 0 0 1 0 0 0 0 1 0 1 1 1 0 0 0 1 1 0 0
1219 0 1 1 1 0 1 1 1 1 0 0 0 1 0 0 0 1 0 0 0 0 1 1 0 0 1 1 0 1 1 1 1 0 1 0 0 0 1 0 0 0 1 1 0 1 0 1 0 0 1 1 1 0 1 0 0 1 0 1 1 0 1 1 0 1 0 0 0 1 1
732 1 1 1 1 0 0 0 1 0 0 0 0 0 0 0 1 1 1 0 1 1 1 0 1 1 1 1 1 1 1 0 1 1 1 0 0 0 0 0 0 0 0 1 0 0 1 0 1 1 1 0 0 0 0 0 1 1 0 0 1 0 0 0 0 1 1 1 1 1 1
1229 0 0 1 0 1 0 0 1 0 0 0 1 0 1 0 1 0 1 1 1 1 1 0 1 1 0 1 0 0 1 0 1 1 1 1 1 1 1 1 0 0 0 0 0 1 0 1 0 1 0 0 1 1 0 1 0 1 0 0 1 1 0 1 0 0 0 0 0 1 1
3175 0 0 0 0 1 1 0 0 1 0 1 1 0 0 1 0 1 0 1 0 1 0 0 0 1 0 0 1 1 0 0 1 0 1 1 0 1 1 1 0 0 1 1 0 0 1 1 0 0 1 0 1 1 0 1 0 1 1 1 0 0 1 0 1 1 0 1 1 1 0
1960 0 1 1 1 1 1 0 1 0 1 1 1 1 1 1 1 1 0 0 0 1 0 0 0 0 0 1 0 1 0 1 0 0 1 0 0 0 1 1 0 0 1 1 1 0 1 0 1 0 1 0 0 0 0 1 0 1 0 0 1 1 0 1 1 1 0 0 0 1 0
3750 0 0 0 0 1 1 0 1 1 0 0 0 0 0 0 1 1 0 1 1 1 0 1 1 1 0 0 1 0 1 0 0 1 1 1 1 0 0 1 0 0 0 1 0 0 1 0 1 0 0 0 1 0 1 1 1 1 1 1 1 1 1 0 0 0 0 0 1 1 1
1078 1 0 0 1 1 0 0 1 0 1 0 0 1 0 1 1 0 0 1 1 0 0 1 1 1 0 0 1 0 1 1 1 1 0 1 0 1 0 1 1 0 1 0 0 1 0 1 0 1 1 0 0 0 0 0 0 0 1 1 1 1 0 1 0 1 0 1 1 0 0
907 1 1 1 1 0 1 1 1 0 1 0 1 1 0 1 1 1 0 1 1 0 0 1 1 0 0 0 1 0 1 1 1 0 0 0 1 0 1 0 0 0 1 0 1 0 1 0 0 1 0 1 0 0 0 1 0 0 0 1 1 0 0 0 1 1 0 1 0 0 1
3407 0 1 0 1 0 0 1 0 0 0 1 1 0 1 1 0 1 0 1 0 0 1 0 0 0 0 1 1 0 0 1 1 0 0 1 0 1 1 1 0 1 0 0 0 1 0 1 1 1 0 1 0 1 1 0 0 0 1 0 1 1 0 1 1 0 0 1 1 1 1
1072 0 0 1 0 0 1 0 0 0 1 0 1 0 1 0 0 1 0 0 1 1 0 1 1 0 0 1 1 1 1 0 0 1 0 1 0 1 0 1 1 0 1 1 0 0 1 1 0 0 0 0 0 1 0 1 1 1 1 1 1 1 1 0 1 1 0 0 1 0 0
3622 1 1 0 1 0 1 0 0 0 1 1 0 0 1 0 0 1 1 0 1 1 0 1 1 0 1 1 0 1 0 1 0 0 1 0 0 1 1 1 0 0 1 0 1 1 1 1 0 0 1 1 1 0 0 0 0 0 1 0 0 0 1 0 1 1 0 1 0 0 1
1355 0 1 0 0 1 0 1 0 1 1 1 1 1 0 1 1 0 0 1 0 1 1 0 0 0 1 1 0 1 1 1 0 0 1 0 0 1 0 0 0 0 0 1 1 1 0 0 0 0 1 1 0 1 0 1 0 1 1 1 0 1 0 1 1 0 1 1 0 0 0
3526 0 0 1 0 1 0 1 0 0 1 0 1 1 1 1 1 0 1 1 0 1 1 0 1 0 0 1 0 1 0 0 0 0 1 1 1 1 0 1 1 1 1 0 0 0 0 0 1 0 0 1 1 1 0 1 0 1 0 0 0 0 1 0 1 1 1 0 0 0 1
2699 1 0 1 1 1 0 1 0 0 0 0 0 0 1 0 1 1 0 0 1 0 0 1 1 1 1 0 1 0 0 1 0 1 1 0 1 0 1 1 0 1 1 0 1 1 0 1 1 1 0 0 1 1 1 0 0 0 0 1 0 0 1 0 0 0 1 1 0 0 1
1218 1 0 1 0 1 0 1 1 1 0 0 1 0 1 1 0 1 0 0 0 1 1 1 1 1 1 1 1 1 1 0 0 0 0 0 1 0 1 0 0 1 0 1 1 0 1 1 0 1 0 1 0 1 1 1 0 0 0 0 0 0 0 1 0 0 1 0 0 0 1
1246 1 1 1 1 0 0 1 0 1 0 0 1 1 1 1 0 0 0 1 0 1 1 1 1 1 0 1 0 0 1 1 1 0 0 1 1 1 0 1 1 0 0 1 0 1 0 0 1 0 0 0 0 1 0 0 1 0 0 0 0 1 0 0 1 0 1 1 0 1 0
1088 0 1 1 0 0 1 0 1 0 1 0 0 1 1 0 1 1 0 0 1 1 1 1 1 1 0 1 0 0 0 0 1 1 1 0 0 1 1 1 1 0 1 0 0 0 1 1 0 0 1 0 1 0 0 1 0 0 1 0 1 0 1 0 0 0 0 1 1 0 1
1543 0 1 1 1 0 0 1 0 1 0 0 1 1 1 0 0 1 1 1 1 1 1 0 0 0 1 0 1 1 0 1 0 1 1 1 0 1 0 0 0 0 0 0 1 1 1 0 0 1 1 1 0 1 0 0 0 0 1 0 0 1 0 1 1 0 0 0 0 1 1
1221 0 1 1 1 1 0 0 1 0 1 0 0 0 1 0 0 1 1 1 1 1 1 0 1 1 1 0 0 0 0 1 1 1 0 0 1 1 1 0 1 0 0 1 1 1 0 1 1 0 0 1 1 0 0 1 0 0 1 0 0 1 0 0 1 0 1 0 0 0 0
149 0 1 1 0 1 0 1 1 1 0 1 0 1 0 1 0 0 1 0 1 0 0 0 0 0 0 1 1 1 0 1 1 1 1 0 1 0 0 1 0 1 0 1 0 0 1 1 1 1 1 1 0 0 0 1 0 1 0 1 1 0 0 0 0 0 0 1 1 0 1
110 0 1 1 0 0 0 0 0 1 0 1 0 1 0 1 1 1 1 0 0 1 0 0 1 0 1 0 1 0 1 0 1 1 0 1 0 1 0 1 0 0 1 0 0 0 1 0 0 1 1 1 0 1 0 1 1 1 1 1 1 1 0 0 0 1 0 0 0 1 1
3752 1 1 0 0 1 0 0 0 0 1 0 0 1 1 1 1 0 1 0 1 0 1 1 1 1 1 1 1 1 0 1 1 0 0 1 0 0 1 1 1 0 0 0 0 1 1 1 0 1 0 0 0 0 0 0 0 1 0 0 1 1 0 0 1 0 0 0 1 1 1
2709 0 0 1 0 1 0 0 0 1 0 1 0 1 0 0 0 0 1 1 1 1 0 1 1 1 1 1 0 0 1 0 1 0 1 1 1 1 1 1 0 1 0 0 0 1 1 0 0 0 1 1 0 1 1 1 0 0 1 0 0 0 0 0 1 1 0 1 0 1 0
356 1 1 0 1 1 0 1 0 1 1 1 0 1 1 0 0 0 1 1 0 0 0 0 1 0 0 1 1 1 1 1 0 0 1 1 0 1 0 1 0 0 0 1 1 0 0 0 1 0 1 0 0 0 1 1 1 0 0 1 0 1 0 0 1 0 1 0 0 1 1
2656 1 1 1 0 0 1 0 1 1 0 0 0 0 0 1 1 0 1 1 0 0 1 1 0 0 1 1 1 1 1 1 0 0 1 1 0 1 1 0 0 1 0 0 0 1 0 0 1 1 0 1 0 1 0 1 0 0 1 1 1 0 0 0 0 0 1 0 1 1 0
1093 0 0 1 0 1 0 1 1 0 1 1 1 1 1 0 0 1 1 0 0 0 0 0 0 0 1 0 0 0 0 1 0 0 1 0 0 0 0 0 1 1 1 0 0 1 0 1 0 1 0 1 0 1 1 0 1 1 1 1 0 1 1 0 1 1 0 1 1 1 1
1205 1 0 1 1 0 1 0 0 1 0 0 0 0 1 0 1 1 1 0 1 1 0 1 0 0 1 0 0 1 1 1 1 0 1 0 1 1 1 0 0 1 1 0 0 1 0 0 1 0 0 1 0 1 1 0 1 0 1 0 1 0 1 0 0 1 0 0 1 0 1
2984 0 1 0 1 0 1 0 0 0 0 1 0 1 1 0 1 0 0 1 0 1 0 0 1 1 1 0 0 1 0 1 0 0 1 0 1 1 0 0 0 1 0 0 0 0 1 1 1 1 1 1 1 0 1 0 0 0 1 1 1 1 1 0 0 0 1 1 0 1 1
2639 1 0 1 1 0 0 1 0 1 1 0 0 0 0 1 1 0 1 1 0 1 0 1 1 1 1 1 1 0 0 1 0 0 0 1 1 0 1 0 0 1 0 0 0 0 0 1 1 1 1 1 0 1 0 1 1 1 0 1 0 0 0 0 1 0 0 0 1 0 1
3146 1 0 0 1 0 0 1 1 1 1 1 0 1 0 1 1 1 0 0 0 0 1 1 0 1 0 1 0 0 0 1 1 0 1 1 1 0 0 1 0 0 1 1 1 0 0 0 1 0 0 1 0 0 0 1 1 1 1 0 0 0 0 0 1 1 1 0 1 0 1
2394 1 0 0 0 1 1 1 1 0 0 0 1 1 0 1 0 1 1 0 0 0 0 0 0 0 1 0 1 1 1 0 1 1 1 1 1 0 1 1 1 0 0 1 0 1 1 0 1 1 1 0 0 1 0 1 0 0 1 0 1 0 0 0 0 0 0 0 1 1 1
3420 1 1 1 1 0 0 0 0 0 1 1 1 1 0 0 0 0 1 0 1 0 0 1 0 0 1 0 0 0 0 0 1 1 0 0 1 1 0 0 1 1 0 1 0 1 0 1 0 0 0 1 1 1 0 1 0 1 0 1 0 0 1 0 1 1 1 1 1 1 1
1516 1 0 0 1 0 0 1 1 1 0 0 1 0 0 1 1 1 1 0 1 0 1 1 0 1 0 1 0 0 1 0 0 0 1 1 0 0 1 1 1 1 0 0 1 1 1 1 0 1 1 1 0 0 1 0 1 0 1 0 1 0 0 0 0 0 0 0 1 0 1
1640 1 0 0 0 1 1 0 0 0 0 0 1 0 0 0 0 1 1 1 1 1 0 0 0 1 1 1 0 1 0 0 0 1 1 0 0 0 1 1 0 0 1 0 1 0 1 0 1 0 1 1 1 1 1 0 1 1 0 1 0 0 0 0 1 1 0 1 1 1 1
1277 1 1 1 1 0 1 1 1 0 0 0 0 1 0 1 1 0 0 1 0 0 0 1 0 1 0 0 1 0 1 1 0 0 0 0 0 0 0 1 1 0 1 0 1 1 1 1 1 0 0 1 0 1 0 1 0 1 1 0 1 0 1 0 0 1 1 0 1 1 0
1251 0 1 1 0 1 0 0 0 0 1 0 0 1 1 1 0 1 0 1 0 0 1 0 0 0 0 1 1 0 0 1 1 1 0 1 1 0 1 1 1 1 0 0 0 0 1 1 0 0 1 0 0 1 1 1 0 0 0 0 1 1 0 0 0 1 1 1 1 1 1
366 0 1 0 1 0 0 0 1 1 1 0 1 1 1 0 1 1 0 1 1 0 0 1 0 1 0 0 1 1 0 1 1 1 0 1 1 0 0 0 1 0 1 0 1 1 1 0 0 0 0 0 1 1 0 0 1 0 0 1 0 0 1 1 0 1 1 0 0 0 1
1357 0 1 0 0 0 1 0 1 1 1 1 0 0 0 1 1 1 0 0 0 1 1 1 0 1 0 1 1 1 1 0 1 1 0 0 1 1 0 1 1 1 0 0 1 0 1 0 0 0 1 0 0 0 1 0 0 0 0 1 0 1 1 0 0 1 0 0 1 1 1
1207 0 1 1 0 0 1 1 0 1 0 1 0 1 1 0 1 1 1 1 0 1 1 0 0 1 0 1 0 1 1 0 1 1 0 1 0 0 1 0 0 0 0 1 0 0 1 1 0 0 0 1 1 1 0 1 1 1 0 1 0 0 0 0 1 1 1 0 0 0 0
1675 1 1 0 0 1 0 0 0 1 1 0 0 0 0 0 1 1 1 1 0 1 1 0 1 0 0 0 0 1 0 1 1 0 1 1 0 1 1 1 0 0 0 0 0 1 0 1 1 1 0 0 0 1 0 1 0 0 1 1 1 1 0 1 1 0 1 0 1 0 1
2099 1 0 0 0 0 0 1 1 1 0 1 0 1 0 0 1 0 0 1 0 0 1 1 1 1 0 1 1 1 0 1 0 0 1 1 1 1 1 0 1 0 0 1 1 1 0 1 1 1 1 0 1 0 1 0 0 0 1 0 0 0 0 0 1 1 1 0 0 0 0
2528 1 0 0 0 0 0 1 0 0 1 1 1 1 0 1 1 0 0 1 1 0 1 0 1 1 0 1 1 0 1 0 1 0 0 0 0 0 1 0 1 1 1 1 0 0 0 0 1 0 0 0 0 1 1 1 1 1 0 0 1 0 1 1 1 1 0 1 1 0 0
2010 0 0 1 1 0 1 1 0 1 1 0 1 0 0 1 0 1 1 1 0 0 0 0 1 1 1 1 0 0 0 0 1 0 1 1 0 0 0 0 0 1 1 1 0 1 0 1 1 1 0 1 1 1 0 0 0 0 0 1 1 1 1 1 1 0 1 0 0 0 0
2320 0 1 1 0 0 1 0 1 1 0 0 1 1 1 0 1 0 0 1 0 0 1 0 1 1 1 1 0 1 1 1 0 1 0 0 0 1 0 1 1 1 1 0 0 1 0 0 0 1 0 1 1 1 1 1 0 1 0 0 0 1 0 1 0 1 0 0 0 0 0
919 1 1 0 0 0 0 1 1 0 1 0 1 0 0 1 0 0 1 0 1 0 0 1 0 1 1 0 1 1 0 0 0 0 1 1 1 1 1 0 0 1 1 0 0 1 1 0 0 1 1 0 1 1 1 1 1 1 1 0 0 0 1 0 0 0 1 0 0 1 0
2323 0 1 1 1 0 0 1 1 1 0 1 0 1 1 1 0 1 0 0 1 1 0 0 1 1 0 1 1 0 1 1 0 0 0 1 0 0 0 0 1 1 0 0 0 0 0 1 0 0 1 1 1 1 0 0 0 1 1 1 0 1 1 0 0 1 1 1 0 0 0
2011 0 0 1 1 0 0 0 1 0 1 1 0 1 0 1 1 1 0 0 1 1 0 1 0 0 0 0 0 0 1 1 1 0 1 0 1 0 1 0 0 0 1 0 0 1 1 0 1 1 0 0 1 1 0 1 1 1 0 1 1 0 1 1 0 1 0 1 0 1 0
1089 0 1 1 0 1 1 1 1 0 1 1 0 0 0 1 1 1 0 1 0 0 0 1 1 0 0 1 0 1 1 1 0 0 0 1 0 0 1 1 0 1 1 1 0 1 1 0 0 0 0 1 0 1 1 0 0 0 0 0 0 1 0 1 0 1 0 1 1 0 1
46 0 1 1 1 1 0 1 0 0 1 1 1 1 0 0 1 1 1 1 1 0 0 0 1 1 1 1 0 0 0 1 0 0 1 0 0 0 1 1 1 0 1 1 1 0 0 0 0 0 0 1 0 1 1 0 0 1 0 1 1 1 0 0 0 0 1 0 0 0 1
1499 0 0 1 1 0 1 1 0 0 0 1 0 1 0 0 1 0 0 1 0 1 0 1 0 0 0 0 0 1 1 1 1 1 1 0 0 0 0 1 1 1 0 1 1 1 1 0 0 0 0 0 1 1 1 0 1 0 1 1 0 1 1 1 0 1 0 0 1 0 1
1369 0 1 1 0 1 1 1 0 1 1 1 1 0 0 0 1 1 0 0 0 0 1 0 1 1 0 0 0 0 0 1 0 0 1 0 1 1 0 1 1 0 1 1 1 1 1 0 1 0 1 0 1 0 0 1 0 1 0 0 1 1 0 0 0 0 0 1 0 1 1
1953 1 0 0 1 1 0 0 1 0 1 0 0 0 0 1 1 0 1 1 1 1 1 0 1 1 1 0 1 0 0 1 1 1 1 0 0 0 1 0 1 0 0 1 1 1 0 0 0 1 1 0 0 0 1 1 1 0 1 0 0 0 0 0 0 1 0 0 1 1 1
1672 1 1 1 1 0 1 1 0 1 0 1 1 0 0 0 0 1 0 0 0 1 0 0 0 0 1 1 0 0 1 0 1 1 1 0 1 1 1 0 1 1 0 0 0 0 0 0 1 0 0 0 0 0 1 1 1 1 0 0 0 1 1 1 1 1 1 1 1 0 0
2114 0 1 0 0 0 0 0 0 0 1 1 0 1 1 0 0 0 0 0 1 0 1 1 1 1 0 0 1 1 1 1 1 1 1 1 1 1 1 0 1 1 0 1 0 0 0 1 0 0 0 0 0 0 1 1 0 0 1 1 1 0 1 0 0 0 1 0 1 1 1
2193 1 0 0 0 0 0 0 1 0 1 1 1 1 1 1 1 0 1 1 1 0 1 1 0 0 0 1 1 0 1 0 1 0 0 1 1 1 0 0 1 0 1 1 1 0 1 0 1 1 0 1 0 0 0 0 0 0 0 1 0 0 0 1 0 1 1 0 1 0 1
1375 0 1 0 0 1 0 1 1 0 0 0 1 0 1 0 1 1 1 0 0 1 0 0 1 0 1 1 1 0 1 0 0 0 1 1 0 1 0 0 0 1 1 0 1 0 0 1 0 1 1 1 1 1 0 1 1 1 0 0 1 0 0 0 0 1 0 1 1 0 1
586 0 0 0 1 1 0 1 1 1 0 0 0 0 1 1 0 1 0 0 0 1 0 0 1 1 0 0 1 1 1 0 1 1 0 0 1 1 1 1 1 0 1 1 1 1 0 0 0 1 1 0 0 1 1 0 1 0 0 0 0 0 0 0 1 1 1 0 1 1 0
363 1 1 0 0 1 1 0 0 1 0 1 0 1 0 0 1 1 1 1 0 1 1 0 1 0 0 0 0 1 0 1 0 1 0 1 1 0 1 1 1 0 0 0 1 0 1 1 0 1 0 0 0 1 0 1 0 0 0 1 0 1 0 0 1 1 1 0 1 0 1
3252 1 0 0 0 0 1 0 1 1 1 1 1 0 1 0 0 1 1 0 0 1 1 0 0 0 0 0 0 1 1 1 1 1 1 0 0 1 1 1 0 1 1 0 0 0 0 1 0 1 0 0 1 0 0 0 1 1 1 0 1 0 0 1 1 0 1 0 1 0 1
3670 1 1 1 1 0 1 0 1 1 0 0 0 0 0 1 0 0 0 0 0 1 0 1 1 0 1 0 1 0 0 0 0 1 1 0 1 0 0 1 1 0 0 0 1 0 1 1 1 1 0 1 1 1 1 1 1 0 0 1 0 0 1 1 1 0 1 0 0 1 0
1287 1 0 1 1 0 0 0 0 0 0 1 1 0 0 1 1 0 0 1 0 0 1 1 0 0 0 1 1 1 1 0 1 1 0 0 0 1 1 1 1 1 0 0 0 1 0 1 0 0 1 1 0 0 1 0 0 1 1 0 1 1 1 0 1 1 1 1 0 0 0
315 1 1 0 1 0 0 1 0 1 1 1 1 0 0 0 0 1 0 0 0 0 1 1 1 0 1 0 1 1 0 1 1 0 1 1 0 1 1 0 0 0 1 1 1 0 1 0 0 1 1 0 1 0 1 0 1 0 1 1 0 0 0 1 0 0 0 1 1 0 0
922 0 1 1 1 0 0 0 0 0 0 0 0 0 1 0 0 1 0 1 1 0 0 1 0 1 0 1 1 0 1 0 0 1 1 1 1 1 0 0 1 0 0 0 1 1 1 0 0 0 1 1 0 1 1 1 1 0 1 0 0 1 1 0 0 1 1 1 1 1 0
3159 1 0 0 0 0 0 0 0 0 0 1 0 0 0 0 1 1 0 0 0 0 1 1 0 1 0 0 1 1 1 1 0 1 1 1 1 1 1 0 1 1 0 0 0 1 0 1 1 0 1 0 0 1 1 1 1 1 0 1 0 1 0 1 0 0 1 1 0 1 1
1241 1 0 0 1 1 0 1 1 0 1 1 0 1 0 1 0 1 0 0 1 1 1 0 0 1 1 1 0 0 0 1 0 1 1 1 0 0 0 1 0 1 0 0 1 0 0 0 1 0 1 1 1 1 1 0 1 0 1 1 0 0 0 0 0 0 1 0 1 0 1
735 1 0 0 0 0 1 1 1 0 0 1 1 0 1 0 0 0 1 0 1 1 0 1 1 1 0 0 0 1 1 0 1 0 0 1 1 1 1 0 0 1 1 1 0 0 1 1 1 0 1 0 1 1 1 1 1 0 0 0 0 1 0 0 0 0 0 1 1 0 0
1916 1 0 0 1 1 1 0 1 1 0 1 0 1 0 0 0 0 1 0 0 1 1 1 1 0 1 1 1 0 0 1 0 1 0 0 0 0 1 1 0 1 1 0 0 1 1 1 0 0 1 0 1 0 0 0 0 0 1 0 0 1 1 0 1 0 1 1 1 1 0
1293 0 0 1 1 1 1 1 0 1 1 0 1 0 1 0 1 1 0 1 1 1 0 0 0 0 0 1 0 1 0 1 0 0 0 0 1 0 0 1 1 1 1 0 0 1 0 0 1 1 1 0 0 1 1 0 0 1 0 1 0 0 0 1 1 0 1 0 1 0 1
3254 1 1 0 0 1 1 0 0 0 1 1 0 0 1 1 1 0 0 0 1 1 0 1 1 1 0 0 0 1 0 0 0 0 1 1 0 1 1 0 1 1 0 0 0 0 1 0 1 1 1 0 1 0 0 0 0 0 1 1 0 1 0 1 1 1 1 0 1 1 0
1731 0 1 1 0 0 1 1 1 0 1 0 0 0 1 0 0 0 0 1 1 1 1 1 1 0 0 0 1 1 1 0 0 0 0 0 1 1 0 1 1 0 0 1 1 1 1 0 0 1 0 1 0 1 1 0 0 1 0 0 0 1 1 0 1 1 0 1 0 0 1
3360 0 0 1 0 1 1 1 0 1 0 0 1 1 1 0 1 1 0 0 0 0 0 0 1 1 0 1 1 1 0 0 1 0 0 1 0 1 0 1 1 1 0 0 1 1 0 0 0 1 0 0 1 0 0 1 1 1 1 1 0 1 1 0 0 1 1 0 0 0 1
1395 0 0 0 0 1 0 1 1 0 1 1 0 0 1 1 1 0 0 0 0 1 0 1 0 1 1 0 1 0 1 0 0 0 1 0 0 1 1 1 0 0 1 0 1 1 0 1 0 1 0 0 1 0 1 0 1 0 1 1 0 1 1 0 1 1 1 0 0 1 1
2762 1 1 0 1 1 0 0 1 1 1 1 1 0 1 0 1 1 1 1 0 1 0 0 0 0 1 0 0 0 1 0 1 0 1 0 1 1 0 0 1 0 0 0 0 0 0 1 0 0 0 1 0 0 0 0 0 1 1 1 1 0 1 1 0 1 1 1 0 1 1
1257 1 0 0 1 1 0 0 1 0 1 0 0 0 1 0 1 1 1 1 1 1 0 0 0 1 1 0 0 0 0 0 0 0 1 0 1 1 0 1 1 1 1 0 1 0 1 0 0 1 0 0 1 1 0 0 1 1 0 1 0 0 0 1 1 0 0 1 1 1 1
2301 1 1 1 0 1 0 0 0 1 1 0 0 1 1 1 0 0 0 0 1 0 0 0 0 0 1 1 0 1 0 0 0 1 1 1 1 0 0 1 1 1 0 1 0 0 1 0 1 0 0 1 0 1 1 1 0 1 1 0 1 0 1 1 1 0 1 0 0 0 1
3447 0 0 0 0 1 1 1 0 1 1 0 1 1 0 0 1 1 0 0 1 0 0 0 0 0 1 0 0 1 1 0 1 1 1 1 1 0 0 0 0 1 0 0 0 1 1 1 1 0 0 0 0 1 1 0 0 1 0 0 1 0 1 1 1 1 1 1 1 0 1
1652 0 0 1 0 0 0 0 1 1 0 1 1 1 1 0 1 1 0 0 1 0 0 1 1 0 0 1 0 0 1 1 0 0 1 0 1 1 0 1 0 1 1 0 0 0 0 1 0 0 0 0 1 1 0 1 1 1 1 1 0 1 1 1 0 0 1 0 1 0 1
1607 0 1 0 1 1 1 0 1 0 0 0 1 0 0 0 1 0 1 0 1 0 0 0 1 0 0 1 1 0 1 1 0 0 0 1 0 1 0 0 1 1 1 1 1 1 0 1 0 1 0 1 1 1 1 0 1 1 0 0 0 1 0 0 0 0 1 1 0 1 1
1390 0 1 0 1 1 1 0 0 1 0 0 0 0 0 0 1 1 0 1 0 1 0 1 1 1 0 1 1 1 1 1 1 0 1 0 0 1 0 0 1 1 0 1 0 0 0 0 0 1 0 1 1 0 1 1 0 1 0 0 1 0 0 1 1 1 1 0 1 0 0
2691 1 1 0 1 0 0 0 0 1 1 0 1 1 1 1 1 0 1 1 1 0 0 1 0 1 1 1 0 0 1 0 0 1 1 0 0 0 0 1 0 0 1 0 0 1 0 0 1 0 1 1 1 0 1 0 0 0 1 1 0 0 1 0 1 1 0 0 1 0 1
2454 1 0 1 1 0 0 0 0 1 0 0 0 0 0 0 1 1 0 0 0 1 1 1 0 1 1 0 1 0 0 1 0 1 0 0 1 1 0 1 1 0 1 1 0 0 0 0 1 0 1 0 0 1 1 1 1 1 1 0 0 1 1 1 1 0 1 1 0 0 1
3080 0 0 1 0 0 0 0 1 0 0 0 1 0 1 0 1 1 0 1 0 1 1 0 1 1 1 0 1 0 1 1 1 0 0 1 1 0 0 0 0 1 0 1 1 0 1 1 0 1 1 1 1 1 1 0 1 0 0 1 0 0 0 0 1 0 1 0 1 1 0
3701 0 1 0 0 0 1 1 0 0 1 0 0 0 0 1 0 1 0 1 1 1 1 0 0 0 1 1 1 0 1 0 0 0 1 1 0 0 0 0 1 0 1 0 0 1 1 1 0 1 1 1 0 0 1 0 1 1 0 1 0 0 1 1 1 0 1 1 1 0 1
2267 1 0 1 1 1 0 0 1 0 0 1 1 1 1 1 0 0 0 1 0 0 0 0 1 0 0 1 1 1 0 0 0 1 1 1 1 1 0 0 1 1 0 1 0 0 1 1 1 0 1 1 0 0 1 1 0 0 0 0 1 1 0 0 1 0 1 1 0 0 0
594 0 0 0 0 1 0 0 0 1 1 1 1 1 1 0 1 0 0 1 0 1 1 1 0 0 1 0 0 1 0 0 1 1 0 1 0 1 0 1 0 0 0 0 1 0 0 0 1 0 1 0 1 1 0 1 1 1 1 1 1 1 1 1 0 0 1 1 0 0 0
348 0 1 0 0 1 1 1 1 1 0 0 0 0 1 0 0 1 1 0 1 1 1 1 1 1 1 1 0 0 1 1 1 0 0 1 0 0 1 0 1 0 0 1 1 0 0 1 1 0 1 0 1 0 1 0 0 0 0 0 1 0 1 0 0 0 1 1 1 0 0
968 0 1 0 0 1 0 1 0 0 0 0 0 1 1 0 0 1 0 1 1 0 1 0 0 1 1 1 1 1 1 1 1 0 1 0 1 0 0 1 0 0 1 0 0 0 1 1 0 1 0 0 1 1 0 1 0 1 1 0 1 1 0 0 0 0 1 1 0 1 1
3255 0 0 1 0 0 0 0 1 1 1 0 0 0 0 1 0 0 1 1 1 0 0 1 1 1 0 1 0 1 1 1 0 0 0 0 0 1 1 0 1 0 1 1 1 1 1 0 1 1 0 1 1 0 1 1 0 0 1 0 1 1 0 1 1 0 1 0 0 0 0
903 0 0 1 0 1 1 1 0 1 1 0 1 0 1 0 0 0 1 0 0 0 1 1 1 0 0 1 1 1 0 1 1 0 0 1 1 1 0 0 0 0 0 1 1 0 1 1 0 0 1 0 0 0 1 0 0 1 1 0 1 1 0 1 0 0 0 1 1 1 1
1233 1 0 0 1 0 1 0 1 0 0 0 0 0 0 1 1 0 0 0 1 0 1 0 1 1 0 1 0 0 1 1 1 1 0 1 1 0 0 0 0 0 0 1 0 0 1 1 1 0 0 0 1 1 1 1 0 1 1 1 0 0 1 0 1 1 1 0 1 1 1
596 0 0 1 1 1 0 1 1 0 1 0 1 0 1 1 0 1 0 0 1 1 0 1 0 0 0 0 0 1 1 0 0 0 1 1 1 0 0 1 1 1 1 0 1 1 1 0 1 1 0 0 0 0 1 0 1 0 1 0 0 1 0 0 0 1 1 0 1 0 1
1673 1 1 1 0 0 1 0 0 1 0 1 0 1 0 0 1 0 1 0 0 0 1 0 1 1 1 1 0 1 1 1 1 0 0 0 0 1 0 0 1 1 0 0 1 1 0 0 0 1 0 1 1 1 1 0 0 1 0 0 0 0 0 1 1 1 1 1 0 1 0
2053 0 1 0 1 1 0 0 0 0 1 1 0 0 1 1 0 0 0 1 1 1 0 1 0 0 1 0 0 0 1 1 1 1 0 0 0 0 1 1 1 1 0 0 1 0 0 1 1 0 0 1 1 0 0 1 0 1 1 1 0 1 1 0 1 0 1 0 0 1 1
912 0 0 0 1 0 0 1 1 0 0 1 0 1 1 0 1 0 1 0 1 1 0 1 0 0 0 0 1 0 1 1 1 1 0 1 0 0 0 1 0 0 1 1 1 0 0 1 1 1 0 1 0 1 0 1 1 0 1 0 1 0 1 0 0 1 0 1 1 0 1
2080 1 0 1 0 0 1 0 0 1 1 1 1 1 0 1 1 1 0 1 0 0 1 0 1 1 1 1 0 1 0 1 1 1 1 1 1 1 0 0 0 1 0 0 0 0 1 0 1 0 1 1 0 0 0 1 0 0 1 0 0 0 0 1 0 0 0 0 0 1 1
3702 0 0 1 1 1 1 1 0 1 0 0 1 0 1 1 0 1 0 0 0 1 1 1 1 1 0 0 0 0 1 1 1 0 0 1 0 0 1 0 0 1 0 1 1 0 0 0 0 1 0 0 0 1 1 1 1 1 1 0 0 0 0 1 0 0 1 0 1 1 1
10 0 0 1 0 0 0 0 1 0 0 1 0 0 1 1 0 1 0 0 0 0 1 1 1 0 1 1 0 1 1 1 0 1 0 0 1 0 0 1 1 1 1 0 0 0 0 1 1 0 1 0 0 1 1 0 0 0 1 1 1 0 1 0 1 1 1 1 1 1 0
1376 1 0 1 0 1 1 1 1 0 0 1 0 0 0 0 1 1 1 1 1 1 1 0 1 0 1 0 0 1 0 0 0 1 1 1 1 1 0 1 1 1 0 1 0 1 0 1 1 0 0 0 0 0 0 0 0 1 0 0 0 0 1 1 1 0 0 0 1 1 0
2889 1 1 0 0 1 0 0 1 0 0 0 0 1 0 0 0 0 1 1 0 0 0 0 1 1 1 0 0 0 1 1 1 1 0 1 1 0 1 1 0 0 1 0 1 1 0 1 1 0 0 1 0 0 0 1 1 1 1 1 0 0 1 1 0 1 1 1 0 0 1
3754 0 1 0 1 1 1 1 0 1 0 0 0 1 1 1 0 1 0 1 1 1 0 0 0 0 0 1 0 1 1 0 1 1 0 0 0 0 1 1 1 0 0 1 0 0 0 0 1 0 1 1 0 1 1 1 1 0 0 1 1 1 1 1 0 0 0 0 0 0 1
1027 0 0 1 0 0 1 0 1 0 1 0 0 1 1 0 1 1 1 1 0 1 0 0 0 1 1 1 1 0 1 1 1 0 1 0 0 1 1 1 1 0 0 1 1 0 0 0 0 0 0 0 0 1 1 0 0 1 1 0 1 1 0 1 0 0 0 0 1 1 1
2000 1 1 0 0 0 0 0 0 0 0 0 0 0 1 1 1 1 1 1 0 0 1 1 1 1 1 1 1 0 0 1 0 1 0 1 0 1 1 0 0 0 0 1 1 1 0 1 1 0 1 1 0 1 0 1 1 0 0 0 0 0 0 0 1 1 0 0 1 1 1
1100 0 1 1 1 1 0 1 0 0 1 0 0 0 0 1 0 1 0 0 1 1 0 0 0 1 1 1 1 0 1 1 1 1 0 1 1 1 1 1 1 1 0 0 1 0 1 0 0 0 0 0 1 0 1 0 0 1 1 0 1 0 0 0 1 0 0 1 1 0 0
2967 1 0 0 0 1 1 1 1 1 0 0 0 0 0 0 0 1 1 1 0 1 1 1 0 0 1 0 0 1 0 0 1 0 0 1 1 1 0 0 0 1 0 1 1 1 1 1 0 0 1 1 0 0 0 0 1 1 0 0 0 0 1 0 1 1 1 0 1 1 1
2616 0 1 0 1 0 0 1 1 1 0 0 1 0 0 0 1 0 0 1 1 0 1 0 1 0 1 1 1 1 1 0 1 0 1 0 0 0 0 1 1 0 1 0 1 1 0 1 0 0 1 1 0 1 1 1 0 1 1 0 0 0 1 0 0 0 1 1 0 1 0
2406 0 0 1 1 0 0 0 0 0 0 0 1 1 0 1 1 0 0 1 0 0 0 0 1 1 1 1 1 0 0 1 1 1 1 1 0 1 1 0 1 0 1 0 0 1 0 0 0 1 0 1 0 1 1 1 0 0 1 1 0 1 0 1 0 0 1 1 1 0 1
1681 1 1 0 1 1 0 0 1 0 0 1 1 0 0 0 0 1 1 0 0 0 0 0 0 1 0 1 0 0 0 1 0 0 0 1 1 1 1 0 1 1 0 1 1 1 1 1 0 0 0 1 1 0 1 1 1 0 0 1 1 1 0 0 1 0 1 0 1 0 1
1232 0 0 0 0 0 0 1 0 1 0 0 0 0 0 1 1 1 0 1 1 1 0 0 1 1 1 0 0 0 1 1 0 0 0 0 1 1 1 0 0 0 1 1 0 0 0 0 0 1 0 0 1 1 1 1 1 0 1 1 1 1 1 1 1 0 1 0 1 1 1
1371 0 1 0 1 0 0 1 0 1 0 0 0 1 0 0 0 0 0 0 1 0 0 1 0 1 1 1 1 1 1 1 0 1 0 0 0 1 1 0 1 0 1 0 1 1 1 0 0 1 0 1 0 0 1 1 0 1 1 1 1 0 0 1 0 0 1 0 1 1 1
1265 0 1 1 1 0 0 0 0 1 0 0 0 1 0 0 0 0 1 1 1 1 1 0 1 0 0 1 1 1 0 0 1 0 1 1 0 1 0 0 1 1 0 1 1 1 1 0 0 1 0 0 1 0 1 1 1 1 1 0 0 0 1 1 0 0 0 0 1 0 1
550 1 1 1 0 1 0 1 1 0 0 1 1 0 1 1 0 0 1 1 0 0 1 1 0 0 1 0 0 1 1 1 1 1 1 0 0 1 0 1 1 1 0 0 1 1 1 1 0 0 0 1 1 0 1 0 0 0 1 1 0 1 0 0 0 0 0 0 0 0 0
1908 1 0 1 0 1 1 0 0 0 0 0 1 1 0 1 0 1 1 0 0 1 0 1 1 0 0 0 0 1 0 1 0 1 0 0 0 1 1 0 1 1 0 1 0 0 1 1 0 1 0 1 0 1 1 0 1 0 0 1 1 1 1 1 1 0 1 0 0 0 1
3896 1 0 0 1 0 1 1 0 0 0 0 0 0 1 0 1 0 0 1 0 0 0 1 1 0 0 1 1 1 0 1 0 0 1 1 0 1 1 1 1 1 0 0 1 1 1 0 0 1 1 0 0 0 0 1 1 1 1 0 1 1 0 1 0 1 0 1 0 1 0
328 0 0 1 1 1 1 1 0 1 1 1 1 0 1 1 1 0 0 0 0 0 0 0 0 1 1 1 0 0 1 0 0 0 1 0 1 1 1 0 1 1 0 1 1 0 0 1 0 0 1 0 0 1 0 0 1 0 1 1 0 1 0 1 0 0 0 1 0 1 1
3362 1 0 0 1 1 0 1 1 0 0 1 0 1 0 1 1 0 1 0 0 1 0 1 1 0 1 1 0 0 0 1 0 1 0 0 0 0 1 1 1 0 0 0 1 0 1 0 1 1 0 0 0 1 0 0 0 1 0 1 1 0 1 1 0 1 1 1 1 0 1
1182 0 1 0 1 0 0 1 0 1 1 0 0 0 0 1 0 0 1 0 1 0 0 0 1 1 0 0 0 1 1 0 0 0 1 0 1 0 1 0 1 1 1 1 1 1 0 0 1 0 1 1 0 1 0 1 1 1 0 1 0 1 1 0 0 1 0 1 1 1 0
3051 1 0 0 1 0 0 0 1 0 0 1 1 1 0 0 0 1 1 0 0 1 0 1 0 0 1 1 1 0 0 1 1 0 1 0 1 1 1 1 1 0 0 1 0 1 1 0 0 1 0 1 1 0 0 0 0 0 1 0 1 1 1 0 1 1 1 1 0 0 0
2352 1 0 1 0 0 1 1 1 1 0 0 0 1 0 1 0 1 0 1 1 1 1 0 1 0 0 0 1 1 0 0 0 0 0 1 0 1 1 0 1 0 1 0 0 1 1 1 1 0 1 1 1 0 1 0 1 0 0 0 1 0 1 1 0 0 0 0 1 0 1
538 1 0 1 1 0 0 0 0 0 0 1 1 0 1 1 0 1 1 1 1 1 0 0 1 0 0 1 1 1 0 1 1 0 1 1 1 0 1 0 1 1 1 1 0 0 1 0 0 0 0 0 0 0 0 1 0 1 1 0 0 1 0 1 1 0 0 0 1 1 0
2005 1 1 1 1 1 1 1 0 0 0 1 0 0 1 0 1 1 1 0 1 1 1 1 0 0 0 0 1 1 0 1 1 0 1 1 0 1 1 0 1 0 0 1 1 0 1 0 1 0 0 0 0 0 1 1 0 0 1 0 1 0 0 1 1 0 0 0 0 0 0
3071 1 0 1 0 0 1 1 0 0 1 1 1 1 0 0 1 1 1 0 0 1 1 0 1 1 1 0 1 0 1 0 1 0 0 0 0 1 1 1 1 0 0 1 0 1 0 1 0 0 0 0 1 1 1 1 0 0 0 1 0 1 1 0 1 0 0 1 0 0 0
24 0 1 1 0 1 1 1 0 1 1 0 0 1 1 0 0 0 0 1 0 0 0 0 0 1 0 0 0 0 1 1 1 1 0 0 0 1 1 1 1 1 1 0 0 1 1 0 0 1 0 1 1 0 1 1 0 0 1 1 0 0 1 0 0 1 1 1 1 0 0
2288 0 0 0 0 0 1 0 1 0 1 0 1 1 1 1 0 0 1 0 1 0 1 1 1 0 1 1 0 1 0 0 0 1 0 1 0 0 1 0 0 0 1 1 1 0 1 1 1 0 1 1 1 0 0 1 1 1 0 0 0 1 1 0 1 1 0 0 1 0 0
1407 1 0 1 1 1 1 0 0 0 0 1 0 1 1 1 1 0 0 1 1 1 1 1 1 0 0 0 0 0 0 1 1 1 0 1 1 0 0 0 1 1 0 1 1 0 0 0 0 1 0 1 1 1 1 0 1 0 1 0 1 0 0 0 1 0 0 0 1 0 0
473 0 0 1 1 1 1 1 1 0 1 0 0 0 0 1 1 1 1 1 0 0 1 1 0 1 1 0 1 1 0 1 0 0 1 0 1 0 0 1 1 1 0 0 1 1 1 0 1 1 1 1 0 0 0 0 0 0 0 1 0 0 0 0 0 0 1 0 1 0 1
2104 0 0 0 0 1 1 0 0 1 1 0 1 0 0 1 1 1 0 0 0 1 0 0 1 0 1 0 1 0 1 0 1 1 0 0 1 0 1 1 0 1 0 1 1 1 0 1 0 1 1 1 0 0 1 0 0 1 0 1 1 0 1 0 0 1 0 1 1 0 1
3551 1 0 0 1 1 1 0 0 1 1 1 1 0 1 0 1 1 1 1 1 1 0 0 0 1 1 1 0 1 1 0 0 0 0 0 1 0 0 1 1 0 1 1 1 0 0 1 0 1 0 0 0 1 1 1 0 0 0 0 0 0 0 1 0 0 1 0 0 1 1
1638 0 1 0 1 0 0 0 1 1 0 1 0 1 0 0 1 0 1 1 0 0 1 0 0 0 0 1 0 1 1 1 1 0 1 0 1 1 1 1 1 1 1 0 0 0 1 1 1 0 1 0 0 0 0 0 0 0 1 1 1 1 0 0 1 1 1 0 1 0 0
1551 0 0 0 0 1 0 0 1 1 1 1 0 0 0 1 1 1 0 1 1 1 0 1 1 1 1 1 1 0 1 0 1 0 0 1 0 1 0 0 0 0 0 0 1 0 1 1 1 0 0 1 0 1 1 1 1 0 0 1 0 0 0 0 1 1 0 1 0 1 0
439 1 0 0 0 1 0 1 1 0 0 1 1 1 0 0 1 0 0 0 1 1 1 0 1 0 1 1 1 0 0 1 0 0 1 0 0 1 1 1 0 1 0 0 1 1 1 1 1 0 1 0 0 0 1 0 0 0 1 0 1 1 1 0 1 0 0 1 1 0 0
787 1 0 1 0 1 0 1 1 0 1 0 1 0 0 1 0 0 1 0 0 1 1 1 1 1 0 0 1 1 1 1 0 0 1 0 0 1 1 1 1 1 0 1 1 0 0 1 1 1 0 0 1 0 1 0 0 1 0 0 0 1 0 0 0 0 0 1 0 0 1
1214 0 0 0 1 0 1 0 1 1 1 1 0 1 0 1 1 0 1 1 1 0 0 1 0 1 0 1 0 1 1 1 1 1 0 0 0 0 0 0 1 0 0 0 1 1 1 0 0 1 0 0 0 0 0 0 1 0 1 1 1 1 0 0 1 1 1 1 0 1 0
2711 0 0 1 1 1 1 0 1 1 1 1 1 0 0 0 0 0 0 0 0 1 0 1 0 1 1 0 0 0 1 0 1 1 1 1 0 1 1 1 1 1 0 1 1 0 0 0 0 0 1 0 1 0 1 0 0 1 1 0 1 0 1 0 1 0 1 0 0 1 0
3107 0 1 0 1 1 0 0 0 1 0 0 0 1 1 0 1 0 0 1 0 1 1 1 1 0 1 1 0 0 1 1 1 0 0 1 0 1 0 1 0 1 1 1 0 1 1 0 0 0 1 0 1 0 0 0 0 1 0 0 1 0 0 1 0 1 0 1 1 1 1
1281 0 1 0 0 1 1 0 0 0 1 0 0 1 1 0 0 0 1 0 0 0 1 1 1 0 0 0 0 0 1 1 1 0 1 1 1 1 1 1 1 0 1 1 0 1 0 1 1 0 0 0 1 1 1 1 0 1 0 0 1 0 0 1 0 1 0 0 1 0 1
5 1 1 0 0 0 0 1 1 0 1 0 0 1 0 0 1 0 1 1 1 1 1 1 1 0 0 1 0 1 0 0 1 1 0 1 1 1 0 1 0 1 1 0 1 0 0 0 1 1 0 0 0 1 0 1 1 0 1 0 1 0 0 1 1 0 0 1 0 0 0
1249 1 1 1 1 0 0 1 1 0 1 1 1 1 1 0 0 1 1 1 0 0 1 0 0 0 1 0 0 0 0 1 1 0 0 0 0 0 1 0 0 1 0 0 1 1 1 1 0 1 1 1 0 0 1 0 1 0 0 0 0 0 1 1 0 1 0 0 1 1 1
2335 1 0 0 1 0 1 1 1 1 1 0 1 0 1 1 0 1 0 0 0 1 1 1 0 0 0 1 1 1 0 1 1 0 1 0 1 1 1 0 0 1 0 1 1 1 0 1 0 0 0 0 0 1 1 1 0 1 0 0 0 0 0 1 1 0 0 0 1 0 0
2745 1 1 0 1 0 0 0 0 1 1 0 0 1 0 0 1 1 1 1 0 0 1 1 1 1 0 0 0 1 0 1 0 0 0 0 0 1 0 0 0 1 0 0 0 0 0 1 1 1 1 1 0 1 0 0 1 1 1 1 0 0 0 1 1 0 1 1 1 1 1
2769 0 0 0 0 1 0 1 0 0 0 0 0 0 0 1 1 1 1 1 0 0 1 0 1 0 0 1 1 1 0 0 0 1 0 0 0 1 1 0 1 1 1 1 0 0 1 1 1 1 0 0 1 0 1 0 1 1 0 1 1 1 1 0 1 0 1 1 0 1 0
1275 0 1 1 1 1 0 0 1 0 1 1 0 0 0 1 0 0 0 1 1 1 0 0 1 0 0 1 1 1 0 0 1 1 1 1 1 0 0 1 0 1 0 0 0 0 1 0 0 0 1 1 0 0 1 1 1 1 1 0 1 1 0 0 0 0 0 1 1 0 1
35 1 0 0 1 0 0 1 1 1 0 0 1 1 1 1 1 1 1 0 0 0 1 0 1 1 0 0 1 0 1 1 0 0 0 0 0 1 1 0 0 1 1 1 0 1 1 1 1 0 0 1 0 0 1 0 0 1 0 0 1 1 0 1 0 1 0 0 1 0 0
1206 1 0 1 1 1 1 0 1 0 0 0 0 0 0 0 0 0 1 1 1 0 1 1 1 0 1 0 0 1 1 1 1 0 1 1 0 1 1 0 1 0 1 1 1 1 0 0 0 1 0 0 0 1 1 0 0 0 1 0 1 0 0 1 0 0 0 0 1 1 1
234 0 1 1 0 1 1 0 1 0 0 1 1 1 1 1 0 0 0 1 0 0 1 1 1 1 0 1 0 0 1 1 1 1 0 0 1 0 0 1 1 0 0 0 0 1 0 1 0 1 1 1 0 1 0 0 0 1 0 0 1 0 0 1 1 0 1 0 0 1 0
1374 1 0 1 1 1 1 1 0 1 0 0 0 0 0 0 0 1 1 0 0 1 1 0 1 1 1 0 1 0 1 1 0 1 1 1 1 0 0 0 0 0 0 0 1 0 0 0 1 1 1 0 1 0 1 1 0 0 0 0 0 0 1 1 1 1 0 1 1 0 1
1079 0 1 1 1 0 1 1 1 0 0 0 0 1 1 0 1 1 0 0 0 0 1 0 1 1 0 1 0 0 1 1 0 0 1 0 1 0 1 1 0 0 1 0 0 1 0 0 0 1 1 1 0 1 0 1 1 1 0 0 0 0 1 1 0 0 1 1 1 0 1
1319 0 1 0 1 1 1 1 1 1 0 0 1 1 0 0 1 1 1 0 1 0 1 1 1 0 0 0 0 1 0 1 0 1 0 1 0 0 1 1 0 1 0 0 0 1 0 1 0 0 0 1 1 1 1 0 1 1 1 0 1 1 0 0 1 0 0 0 0 0 0
292 1 1 1 1 1 0 0 1 0 0 0 1 0 1 1 1 0 0 1 1 0 0 0 0 0 1 1 0 1 1 1 0 0 1 0 0 1 0 0 0 1 1 0 1 1 1 1 0 0 1 1 0 0 0 1 1 0 1 0 1 1 1 0 0 0 0 1 0 0 1
69 0 0 0 1 0 1 1 1 0 0 0 1 1 1 0 1 0 1 0 0 0 1 1 0 1 1 1 1 0 0 0 0 1 1 0 1 0 0 0 0 0 1 1 0 1 0 0 1 1 0 1 0 0 0 1 0 1 1 1 1 0 1 1 0 0 1 1 1 0 1
2247 1 0 0 1 0 1 1 0 1 0 0 1 0 1 0 0 0 0 0 1 1 1 0 1 0 1 0 0 1 1 1 0 0 1 0 1 0 1 0 0 1 0 0 1 1 0 0 0 1 1 1 1 1 0 1 1 1 1 0 0 0 1 1 1 0 1 1 0 0 0
1198 0 1 0 1 1 1 0 1 0 1 1 1 1 0 1 1 1 1 0 1 0 0 1 0 0 1 1 0 0 0 0 0 0 1 0 0 1 1 1 1 0 1 0 1 0 1 1 0 0 0 0 0 1 1 0 0 0 0 1 0 1 0 0 0 1 0 1 1 1 1
2469 1 1 1 0 0 0 1 1 1 0 0 1 0 1 1 0 0 0 0 0 0 1 1 0 1 1 1 0 0 1 1 1 0 1 0 1 0 1 1 0 0 0 1 1 0 0 0 0 0 1 1 0 0 0 0 1 0 1 1 0 1 1 0 1 1 0 1 0 1 1
1776 1 0 1 0 0 0 0 1 1 1 0 1 0 0 0 1 1 1 1 1 1 1 0 0 1 1 1 1 0 0 0 1 1 0 1 1 0 0 0 0 0 0 0 1 0 1 0 0 1 1 0 0 1 1 1 0 1 0 0 1 0 0 1 0 1 0 1 1 1 0
1911 1 1 0 1 0 1 0 1 1 0 0 1 0 1 0 0 1 0 0 1 0 1 1 0 1 1 0 0 0 0 1 1 1 1 1 0 1 0 1 0 0 0 0 0 1 1 0 1 0 1 0 0 1 1 1 1 0 1 1 0 1 1 1 0 1 0 0 0 0 0
3554 0 0 1 1 0 1 1 0 1 1 0 1 1 1 0 1 1 1 0 1 1 0 1 0 0 1 1 1 0 0 0 1 0 0 1 0 1 1 1 0 1 1 0 0 0 1 1 0 0 0 1 0 1 1 0 0 1 0 0 1 0 0 1 0 0 0 1 0 1 0
1746 0 1 0 1 1 1 1 1 0 0 0 0 0 0 0 0 0 0 1 1 0 1 0 0 1 1 0 1 0 0 0 1 1 0 1 0 1 1 0 1 0 1 0 1 0 1 1 0 0 1 1 1 1 0 0 0 0 1 0 1 1 0 1 1 1 0 0 1 1 1
902 0 1 0 0 1 0 0 1 1 0 0 1 1 1 1 1 1 1 1 0 1 1 0 0 1 0 0 0 1 0 0 0 0 0 1 1 0 1 0 1 0 0 1 0 1 1 1 1 0 0 0 0 0 1 0 1 1 1 1 0 0 0 1 1 1 0 0 1 1 0
2700 0 1 0 1 1 0 0 0 0 0 0 1 0 0 0 0 1 0 0 1 0 1 1 0 0 1 0 0 0 1 0 1 1 1 0 0 1 1 0 1 0 1 1 0 0 1 1 0 0 0 1 0 1 1 1 1 1 1 1 1 0 1 0 0 1 0 1 1 1 1
3032 1 1 0 0 0 1 1 0 1 1 0 1 1 0 1 0 0 1 0 1 1 0 0 0 0 1 0 1 1 0 0 1 0 0 1 0 1 1 1 0 1 1 0 1 1 0 0 0 0 0 1 1 1 0 1 0 1 1 1 0 0 0 1 0 1 0 1 0 1 0
2946 0 0 0 0 1 0 1 1 1 1 1 0 1 0 0 0 1 0 1 0 0 1 0 0 0 1 1 0 0 0 1 0 0 1 1 1 1 1 0 1 1 1 1 0 0 1 0 0 1 0 1 1 1 1 1 0 0 0 1 0 1 1 0 0 1 1 1 0 0 0
1875 0 1 0 0 0 0 0 1 1 0 0 1 0 0 0 0 1 1 0 0 0 0 0 0 1 0 1 1 1 1 1 0 1 1 1 1 1 0 0 0 0 1 1 0 0 0 1 1 1 0 1 1 0 1 0 1 1 1 0 1 0 0 1 1 0 1 0 1 1 1
9 0 1 1 0 0 1 0 1 0 1 1 1 0 1 1 0 1 1 0 1 1 1 0 1 1 1 1 1 1 0 1 0 0 0 1 0 1 1 0 1 1 0 1 1 0 1 0 0 1 0 0 0 1 0 1 0 0 0 0 1 1 0 0 1 0 0 0 0 0 0
1406 1 0 1 0 1 1 0 0 1 1 0 0 0 0 0 1 1 0 0 1 1 1 0 1 1 1 1 0 0 0 1 0 0 1 1 1 0 1 0 1 1 1 0 1 1 0 0 0 0 0 0 0 1 1 1 1 0 1 1 0 1 1 0 0 1 0 0 0 1 0
3209 0 1 0 1 0 1 1 0 1 1 0 1 0 1 0 0 0 1 1 1 1 0 1 0 0 0 0 0 1 1 0 0 0 1 1 0 0 1 0 0 0 0 0 1 1 1 1 1 0 0 1 1 1 0 1 1 0 1 1 0 0 0 1 0 0 1 1 1 0 1
1178 0 1 1 0 0 1 0 0 1 0 0 1 1 1 1 0 1 0 0 1 1 1 0 1 1 1 0 0 0 0 1 0 0 0 1 0 1 1 0 0 0 0 1 1 0 0 0 1 1 0 1 1 1 0 1 0 0 0 1 1 1 1 0 0 1 0 1 1 1 0
1996 1 1 1 0 0 0 1 0 0 1 1 0 0 1 1 0 0 1 0 0 1 1 1 0 0 1 0 1 1 1 1 0 0 1 1 1 0 1 1 0 1 0 1 0 0 0 1 0 0 1 0 0 1 0 0 0 1 1 1 0 1 1 0 0 1 1 0 0 1 0
1128 1 0 1 0 1 0 0 1 0 1 0 0 1 0 0 0 1 1 0 1 1 1 1 1 0 1 1 0 1 0 0 1 0 1 0 0 1 0 1 0 1 0 0 0 0 0 1 0 0 1 1 1 0 0 0 1 1 0 0 1 1 1 1 1 1 0 0 1 0 1
3005 0 0 1 0 0 1 0 0 0 1 1 1 1 0 0 0 0 1 0 0 1 0 1 1 1 0 0 0 1 0 1 1 0 0 1 1 1 1 0 0 1 1 1 0 0 1 1 0 1 0 0 1 0 0 1 1 1 1 1 0 0 0 1 0 1 1 0 1 0 1
3498 1 0 0 0 0 0 1 0 1 0 1 0 1 1 1 0 0 1 0 0 1 1 1 1 0 1 0 0 1 0 0 0 1 0 0 1 0 0 0 0 0 1 1 0 1 1 0 1 1 1 1 1 0 1 0 1 1 1 1 1 1 0 0 1 0 0 0 1 0 1
1034 1 0 0 0 1 0 0 0 0 0 0 1 1 1 1 1 1 1 1 1 1 0 1 0 0 0 0 0 0 0 1 1 1 0 0 1 0 1 1 0 0 0 0 1 1 0 1 1 1 1 1 0 1 0 1 1 0 0 0 0 1 0 1 1 1 0 0 0 1 1
1147 1 1 1 1 1 1 0 1 0 1 0 0 1 1 0 0 1 0 0 0 0 1 1 1 1 0 0 0 1 1 0 1 0 0 0 1 0 1 1 1 0 0 0 1 1 0 0 0 1 1 0 0 0 0 0 1 0 1 0 0 0 1 1 0 1 1 1 1 1 0
1624 1 0 0 0 1 0 0 0 0 0 0 1 1 0 0 0 0 1 1 0 1 1 0 1 1 1 0 1 1 0 1 0 1 0 0 0 1 1 1 1 1 0 1 1 0 1 0 1 0 1 0 0 1 0 1 0 0 1 0 1 1 1 1 0 1 0 1 0 0 1
1747 0 1 1 1 0 0 0 1 0 0 0 0 1 0 1 0 0 0 1 1 0 1 1 1 0 0 1 1 1 1 1 0 0 1 1 1 0 1 1 0 1 1 0 1 0 0 0 0 1 0 0 0 0 0 1 1 1 0 0 0 0 0 1 1 1 1 1 1 0 1
3173 0 0 0 0 0 1 0 1 0 0 0 1 1 1 1 1 1 1 0 0 0 1 0 0 0 0 1 1 1 0 0 1 1 1 0 1 1 0 1 1 0 0 1 0 0 0 1 0 1 0 1 1 0 1 1 1 1 1 1 0 0 0 0 1 1 1 0 0 1 0
2501 0 1 0 1 0 0 1 0 1 0 1 1 0 0 1 1 1 0 0 1 1 0 0 1 0 1 1 1 1 0 0 0 0 1 0 0 1 0 1 1 1 0 1 0 0 1 1 0 0 0 1 0 1 0 0 0 1 1 1 0 1 0 0 1 0 1 1 1 0 1
3106 0 1 0 0 1 0 1 0 1 0 1 0 1 0 0 0 0 1 1 0 0 1 0 1 1 1 0 1 0 1 0 0 0 1 1 0 0 1 1 1 1 0 0 1 1 0 0 0 0 1 0 0 1 1 1 0 0 0 0 1 0 1 1 1 1 1 0 1 1 1
3698 0 1 0 0 1 0 1 1 1 0 0 1 0 1 1 0 1 0 1 1 0 1 0 0 0 1 0 1 0 1 0 0 0 0 1 1 0 1 0 1 0 1 1 1 1 0 1 1 1 1 0 0 1 1 1 0 0 0 1 0 0 0 1 0 1 1 0 0 1 0
2079 0 1 1 1 0 0 0 0 1 0 1 1 0 0 1 0 0 0 0 0 1 1 1 1 0 1 1 0 1 1 1 1 0 1 1 0 0 0 0 0 0 1 0 1 1 0 1 1 1 1 1 1 0 0 0 0 1 0 1 0 0 0 0 1 1 0 1 1 1 0
1721 0 1 1 1 1 1 0 0 1 1 1 0 0 0 0 0 0 1 1 0 0 0 1 1 0 0 1 0 1 1 1 0 0 0 1 1 0 1 0 1 1 0 0 1 0 0 0 1 1 1 0 1 1 0 0 1 1 0 0 0 1 1 0 1 1 0 0 1 0 1
3081 0 0 1 1 1 0 1 1 1 0 0 0 1 0 0 1 0 0 1 0 1 1 1 0 0 1 0 0 0 1 1 0 0 1 1 1 0 0 1 0 1 1 0 1 1 0 0 0 1 1 1 0 1 0 0 0 1 0 0 1 1 1 1 0 0 0 1 0 1 1
3947 1 1 1 0 0 1 0 0 0 1 0 0 1 1 1 0 1 0 0 1 1 1 0 0 0 1 0 0 0 0 0 1 1 0 0 1 1 0 1 0 1 0 0 1 1 1 0 1 0 0 0 1 1 1 0 0 1 0 1 1 1 1 0 0 0 1 0 1 1 1
1952 1 1 0 1 1 1 0 1 1 1 1 0 1 0 0 0 0 1 0 1 1 1 0 0 1 1 1 1 1 1 0 1 1 0 1 0 0 0 0 1 0 0 0 0 1 0 0 0 0 1 1 1 1 0 0 1 0 1 1 1 0 0 1 0 0 1 0 0 0 0
3607 1 1 0 0 0 1 0 1 0 0 0 1 0 1 1 1 1 0 1 1 0 0 0 1 1 0 0 1 0 0 0 0 0 0 1 0 1 1 1 1 1 1 0 0 1 0 1 1 0 0 0 1 0 1 0 0 1 1 1 0 0 1 1 1 1 1 0 0 0 1
1245 0 0 1 0 1 1 1 0 0 1 1 1 0 0 0 0 1 1 0 1 1 0 0 1 1 0 0 0 1 0 0 0 0 0 1 0 0 0 1 1 1 0 0 1 1 0 0 0 1 1 1 0 1 0 1 1 1 1 0 0 1 1 1 1 0 0 0 1 1 1
2722 1 1 0 0 0 0 1 1 1 0 1 1 1 0 1 0 0 1 0 1 1 1 1 0 1 0 0 1 1 1 0 0 1 1 0 1 1 0 1 0 0 1 0 0 0 0 0 1 0 0 1 0 1 0 1 1 0 1 0 1 0 1 0 1 0 1 0 0 1 0
2914 0 0 0 0 0 0 1 1 1 1 0 1 1 0 1 0 1 1 1 1 1 0 1 1 1 0 0 1 1 1 1 0 0 0 1 1 1 1 1 0 0 0 0 1 1 1 0 1 0 1 0 0 0 0 1 0 1 0 0 1 0 0 0 0 1 0 1 0 1 0
2907 0 1 0 0 0 1 1 1 0 1 0 0 1 1 1 0 1 0 1 1 1 1 0 0 1 0 0 1 1 0 0 1 0 0 1 0 1 1 0 0 0 0 1 0 1 1 1 0 0 0 0 0 1 1 1 1 0 0 1 1 0 1 1 0 0 0 1 1 0 1
2640 0 1 1 1 0 0 0 0 0 0 1 1 0 1 0 1 1 1 0 0 0 1 0 1 0 0 1 1 1 0 1 0 0 1 1 0 1 0 0 0 1 1 1 0 1 1 1 0 1 0 1 1 0 0 1 1 1 0 1 0 1 1 0 1 0 0 0 1 0 0
2368 1 0 0 0 1 0 0 0 1 1 0 1 0 0 0 1 1 0 0 1 0 0 1 0 0 0 0 1 1 1 1 0 1 1 1 0 0 1 0 1 1 1 0 1 1 1 1 1 1 0 0 1 1 1 0 0 1 1 0 1 0 0 0 0 0 0 1 1 1 0
3038 0 0 0 1 1 0 1 0 1 0 1 1 0 1 0 0 1 1 0 1 0 1 0 1 1 1 0 0 0 1 1 1 0 1 0 1 1 0 1 0 1 0 0 0 0 0 0 1 1 1 1 1 0 1 0 1 1 0 0 1 0 1 0 0 1 1 0 1 0 0
3542 0 1 1 1 1 0 1 1 1 0 0 0 0 1 1 0 0 1 0 1 1 1 1 1 0 0 1 1 0 1 1 0 0 0 0 1 0 1 0 0 0 1 1 1 0 0 1 0 1 0 0 0 0 1 1 0 0 1 1 1 0 0 0 0 0 1 1 1 0 1
499 0 1 1 0 1 1 0 0 0 1 0 1 1 0 0 0 1 1 0 1 0 0 1 0 1 0 0 1 1 0 0 0 0 1 0 1 1 1 0 1 1 0 1 1 0 1 1 1 0 1 0 0 1 0 0 1 0 0 1 0 0 1 0 1 1 0 1 1 0 1
2351 0 1 0 1 1 1 1 1 0 0 0 0 1 0 1 0 1 0 0 0 0 1 0 1 0 1 0 1 1 0 1 1 0 1 1 1 0 0 0 1 1 0 0 0 0 1 0 1 0 1 0 0 0 0 1 0 1 0 1 1 0 1 1 0 0 1 1 1 1 1
2423 1 0 0 1 1 1 0 0 1 1 0 0 0 1 1 1 0 0 1 1 1 0 1 1 0 0 1 1 1 0 1 1 1 1 1 1 1 0 0 0 0 0 1 1 0 1 1 1 0 0 0 0 0 1 1 1 0 0 0 1 0 0 1 0 0 1 0 0 0 0
16 0 1 0 0 0 0 1 1 1 1 0 0 0 1 0 0 1 0 0 1 1 1 0 1 1 0 1 0 0 0 0 1 0 1 0 1 0 1 1 0 1 0 0 1 0 0 1 1 0 1 0 1 1 1 1 0 1 1 1 0 0 1 1 1 0 1 0 0 0 1
909 1 0 0 1 1 0 1 0 0 1 1 0 0 1 1 1 1 1 0 1 1 1 0 0 0 0 0 0 0 0 0 0 1 0 1 1 1 0 0 1 1 0 0 1 1 1 1 0 0 0 0 1 1 0 0 1 1 0 0 1 1 1 0 0 1 1 0 1 0 1
1203 1 0 0 1 0 0 0 0 0 1 1 0 1 1 0 0 0 0 1 0 1 1 0 1 1 1 1 0 1 0 1 1 1 0 1 1 1 0 1 0 1 0 1 1 0 0 0 0 0 0 0 1 1 0 0 1 1 0 0 0 1 0 0 1 0 1 1 1 1 1
1644 1 0 1 0 0 0 0 1 1 0 1 1 1 0 0 1 1 0 0 0 0 0 1 1 1 0 0 1 1 1 0 0 0 1 1 1 0 0 0 0 1 0 0 0 1 0 1 0 1 1 1 1 0 0 1 1 1 0 1 0 1 0 1 0 0 1 1 1 0 1
164 1 0 0 0 1 1 0 0 0 0 1 1 1 1 0 0 0 1 1 1 0 1 1 0 1 0 1 0 0 1 0 1 1 1 1 0 1 0 0 0 0 1 0 1 0 1 0 1 1 0 0 1 1 1 0 0 1 0 1 0 1 0 1 0 0 1 1 1 0 0
2107 1 0 0 0 1 0 1 1 0 0 1 1 0 0 0 1 0 0 0 1 1 0 0 1 0 0 1 0 0 0 0 0 0 1 1 0 1 1 1 1 1 1 0 1 1 0 1 1 1 0 0 0 1 1 1 1 1 0 0 0 0 1 1 1 0 1 1 0 1 0
453 0 0 1 0 1 1 1 0 1 1 0 1 1 0 0 0 0 1 0 0 1 1 1 0 0 1 0 0 1 0 0 1 1 0 1 1 1 0 1 0 1 0 0 1 1 0 1 0 1 1 1 0 0 0 0 0 1 0 1 1 1 1 0 0 1 1 0 1 0 0
1200 0 0 1 1 1 1 1 0 0 1 1 1 1 1 0 0 0 1 1 1 1 0 0 1 1 0 1 0 0 1 0 0 1 1 0 1 0 0 0 0 0 1 0 1 0 0 1 0 0 1 0 0 1 1 1 0 0 0 1 1 1 0 1 0 0 0 1 1 1 0
3509 1 0 0 0 0 0 1 0 0 0 1 0 0 1 1 1 0 0 0 1 0 1 1 0 1 0 1 0 1 1 0 0 0 0 0 1 1 1 1 0 1 0 0 1 1 0 0 1 0 0 0 1 1 0 1 1 1 1 1 1 1 1 0 0 0 1 1 1 1 0
1568 0 1 0 1 1 1 1 1 1 0 0 1 1 1 0 0 1 1 0 1 0 1 0 1 0 0 0 1 1 1 0 0 0 1 0 0 1 1 0 1 0 1 1 0 0 0 1 1 0 0 0 1 0 0 1 0 1 0 0 1 1 1 1 0 0 0 0 1 1 0
1379 1 0 1 1 0 1 0 0 1 1 1 0 0 1 0 0 1 1 1 0 1 1 1 1 0 1 1 0 0 0 1 0 1 0 0 1 0 0 1 0 0 0 1 0 1 1 0 1 1 0 0 0 1 0 0 1 1 0 0 0 1 0 1 0 1 1 1 0 1 0
3808 1 0 0 1 0 0 1 0 0 0 1 1 1 0 0 1 0 1 0 1 1 1 1 1 1 1 1 0 0 0 1 1 0 1 1 0 0 0 1 1 1 0 0 1 1 1 1 0 0 0 0 1 1 1 0 1 0 1 0 1 0 0 1 0 1 0 0 0 0 0
1596 0 0 1 0 1 0 0 0 0 0 1 1 0 0 1 1 0 0 0 0 1 1 1 0 0 1 1 0 0 1 0 1 0 1 0 1 1 1 1 0 1 1 1 0 1 0 1 0 1 0 1 1 0 1 0 1 0 0 0 1 0 1 1 1 1 1 1 0 0 0
3525 0 0 1 0 0 1 0 1 1 0 1 1 0 1 1 0 1 1 1 1 1 0 1 1 0 0 1 1 1 0 0 0 0 0 0 1 0 0 1 0 0 1 1 0 1 1 1 0 1 0 1 1 1 0 0 1 0 1 0 1 1 0 1 0 0 0 1 0 0 0
2166 0 0 1 1 0 0 0 0 1 0 0 1 1 0 1 0 1 1 1 1 1 0 0 1 0 0 1 0 1 1 0 1 0 0 1 0 0 0 0 1 1 0 1 1 1 0 0 1 1 1 0 1 0 0 1 0 0 1 1 0 0 1 1 0 1 1 0 0 1 1
3449 0 0 1 0 1 0 1 0 1 1 0 0 1 0 1 0 1 0 1 0 0 0 1 0 0 1 0 0 0 0 0 0 0 0 1 1 1 0 1 0 0 1 1 1 1 1 1 1 0 1 1 0 1 1 0 1 1 1 0 0 1 1 0 0 1 1 0 1 0 1
2392 1 1 0 1 1 1 0 1 1 0 0 1 1 1 1 1 1 0 0 1 1 0 0 1 0 1 1 0 0 0 1 1 1 0 0 1 0 1 0 0 1 0 0 0 0 1 0 0 1 1 0 0 1 1 0 0 1 0 0 0 0 1 1 1 0 0 1 1 0 0
2277 1 0 0 0 0 0 0 1 0 0 1 0 1 0 0 0 1 0 1 1 1 0 1 1 1 1 0 1 0 1 1 0 1 1 1 0 1 0 0 0 0 1 0 1 0 0 0 0 1 0 0 0 0 1 1 1 1 1 0 0 1 0 0 1 1 1 1 1 1 1
1284 0 0 0 1 1 1 1 0 1 0 1 0 0 0 0 1 0 0 1 1 0 0 1 0 1 0 1 1 1 1 1 1 0 0 1 0 0 1 0 0 1 1 0 0 0 0 1 1 0 0 0 1 0 1 1 0 0 1 0 1 1 1 0 0 1 1 1 1 0 1
2426 1 1 0 1 1 1 0 1 1 0 1 0 1 0 1 1 1 0 0 1 1 0 0 0 0 1 1 0 0 1 0 1 1 1 1 1 0 1 1 0 0 0 1 0 1 1 0 1 0 0 1 1 1 0 1 0 0 0 0 1 1 0 0 0 0 1 0 0 0 0
367 0 1 0 0 1 0 1 0 0 0 0 1 0 0 1 1 1 1 0 0 0 0 1 1 0 1 1 1 0 1 0 1 0 0 1 1 1 0 1 1 1 0 0 0 0 1 0 0 1 0 0 1 1 0 0 1 1 1 0 1 0 0 1 1 1 1 1 0 0 1
2001 0 0 0 1 1 0 1 1 0 1 1 1 0 1 1 0 0 0 0 0 1 0 1 1 1 0 1 0 0 1 0 0 1 1 0 1 1 0 0 0 0 0 0 1 0 1 1 1 1 0 0 1 1 1 0 1 1 0 0 1 0 0 0 1 1 0 1 1 1 0
2192 0 1 0 1 0 0 1 1 1 1 1 1 0 0 0 0 1 1 1 0 0 0 0 1 1 1 0 0 0 1 1 1 1 0 0 0 1 0 1 0 0 0 0 1 1 0 0 1 1 1 1 1 1 0 0 0 0 1 1 1 0 1 1 0 0 1 0 0 1 0
3100 1 1 0 0 1 0 1 0 0 0 1 0 1 1 1 1 0 0 1 1 0 1 0 0 0 0 1 1 1 1 1 0 0 0 0 0 0 0 1 1 1 0 1 0 0 0 1 1 1 0 1 0 1 1 0 1 1 0 1 0 0 0 0 0 1 1 1 0 1 1
2057 1 1 0 1 1 0 0 0 1 0 0 0 1 0 1 0 1 0 0 0 1 0 1 0 1 1 0 1 0 1 0 0 0 1 1 0 1 0 1 0 0 1 0 1 1 1 1 0 1 1 1 1 1 0 0 0 1 1 1 0 0 0 0 1 1 0 1 0 1 0
2063 1 0 1 0 1 1 1 1 1 0 1 0 1 0 1 1 0 0 1 1 1 1 0 0 1 1 1 0 0 0 1 1 0 1 1 0 1 0 0 1 0 0 1 1 0 1 0 0 1 0 0 0 1 0 1 0 1 1 0 1 1 0 1 0 0 0 0 0 0 0
1993 1 1 1 0 1 0 0 1 0 1 1 0 0 1 0 0 0 1 1 1 0 1 0 1 0 0 1 1 0 1 1 1 1 0 0 0 0 0 0 1 0 1 1 1 1 0 1 1 1 1 0 0 0 0 1 0 1 0 1 0 0 0 0 1 0 1 1 0 0 1
3353 1 0 0 1 0 1 1 1 0 0 1 0 1 1 0 0 0 0 0 1 1 1 0 1 1 0 1 1 0 0 0 0 1 1 1 0 0 1 1 0 1 0 1 0 1 0 1 1 0 1 1 0 0 0 0 1 0 1 1 1 0 0 1 1 1 1 0 0 0 0
1370 0 0 1 0 0 0 0 1 1 1 0 0 1 0 0 1 1 1 1 1 1 1 1 0 1 0 0 0 1 0 0 1 0 0 0 1 1 0 1 1 0 0 0 1 0 1 1 0 0 0 1 0 1 0 1 1 1 0 1 0 0 1 1 1 1 1 0 0 1 0
2693 1 1 1 0 0 1 1 0 1 0 0 0 1 0 1 0 0 0 0 0 0 0 1 0 0 1 0 1 0 0 1 0 1 0 0 1 1 0 1 1 1 1 1 0 1 1 1 1 0 1 1 0 1 0 0 0 1 0 1 0 0 1 1 1 0 0 1 1 0 1
3623 0 0 0 0 1 0 1 1 1 1 1 0 1 0 1 1 1 0 0 1 1 1 1 1 1 1 1 0 1 1 0 0 0 0 0 0 0 1 0 0 0 0 0 0 1 0 1 0 1 0 0 0 1 0 1 1 1 0 1 0 1 1 0 1 1 0 1 1 0 0
2020 1 0 0 0 0 1 1 0 0 0 1 0 1 1 0 0 1 1 0 0 0 1 1 1 1 0 0 0 0 1 1 0 1 0 1 0 1 1 1 0 0 0 1 1 1 1 1 1 0 0 1 1 0 0 1 0 1 1 1 0 0 0 1 0 1 0 1 0 0 1
2242 1 0 0 1 0 1 0 0 1 0 1 0 1 1 0 1 1 1 1 1 0 1 1 0 0 0 0 0 1 1 1 1 0 1 1 1 0 1 1 1 1 0 0 0 1 1 0 0 1 0 0 0 1 1 0 0 1 1 0 1 0 0 1 0 0 0 0 0 1 0
1059 1 0 1 1 0 1 0 1 0 0 1 0 1 1 0 1 0 1 0 0 0 1 1 0 0 1 0 1 0 1 1 0 1 0 1 0 0 0 0 1 0 1 0 0 0 1 1 0 1 0 1 1 0 0 1 1 0 1 1 0 1 1 0 1 1 1 0 1 0 0
2880 0 1 1 1 1 1 1 1 1 0 0 1 1 0 1 0 0 0 0 0 1 1 1 1 0 0 0 0 1 0 1 1 1 1 1 0 1 0 1 0 0 0 1 1 0 1 0 0 0 1 0 1 0 1 1 1 0 0 0 0 1 0 1 0 1 0 0 0 0 1
3423 0 1 0 0 0 1 1 1 0 0 1 0 0 1 0 0 1 0 1 1 0 1 0 1 0 0 0 1 0 0 0 1 1 0 0 0 0 0 1 1 1 0 0 1 1 0 0 1 0 1 1 1 0 1 1 1 0 0 1 1 1 1 0 1 1 1 0 1 0 1
2670 0 1 0 0 1 0 0 1 1 1 0 1 1 1 0 0 0 1 0 1 1 0 1 0 0 1 1 0 1 1 1 0 0 0 1 1 1 1 0 1 0 0 1 0 1 0 1 1 1 1 0 0 0 1 0 0 0 0 0 1 1 1 0 0 0 0 1 1 1 0
1689 0 1 1 1 1 1 0 1 1 0 1 1 0 0 0 0 1 1 1 0 1 0 1 0 0 1 1 0 0 0 0 0 0 1 1 1 1 1 1 0 1 0 0 0 0 1 1 0 1 1 0 1 1 0 0 0 0 1 1 0 0 0 1 0 0 0 1 1 1 0
152 0 1 0 1 1 0 0 0 0 0 0 0 1 1 0 0 0 1 1 1 1 0 0 0 1 1 0 1 0 1 1 0 1 1 1 0 1 0 1 1 1 0 1 0 1 0 1 1 0 0 1 0 1 1 1 0 0 0 1 1 1 1 0 0 0 0 1 0 1 0
2604 1 0 0 0 0 1 0 1 1 0 0 1 0 0 0 0 1 1 0 0 1 0 0 1 1 0 0 0 0 1 0 1 0 0 0 0 1 1 0 1 1 1 0 1 0 1 1 0 0 1 1 1 1 1 0 0 1 0 0 1 1 0 1 1 1 1 1 1 1 0
2002 0 1 1 1 0 1 1 0 0 1 1 0 0 0 1 0 0 0 1 1 0 0 1 0 0 0 1 1 1 1 1 1 0 1 1 1 0 0 0 0 0 1 0 0 1 1 0 1 0 0 0 0 0 0 0 0 1 1 1 1 0 1 1 1 1 1 0 1 1 0
2022 1 1 0 0 0 1 0 0 1 0 1 0 0 1 1 1 1 0 1 0 1 1 1 0 0 0 1 0 1 0 1 0 0 0 0 0 0 1 1 0 0 1 1 0 1 1 1 0 1 1 0 0 1 1 1 1 0 1 0 1 1 0 0 1 1 0 0 0 0 1
2019 1 1 0 1 0 1 0 1 0 0 1 1 0 0 1 1 1 0 0 1 0 0 0 0 1 0 1 0 1 1 0 0 0 1 0 1 1 1 1 1 0 1 0 0 0 1 0 1 1 1 0 0 0 1 0 1 1 1 0 0 0 0 1 1 0 0 1 1 0 1
2489 0 1 0 1 0 0 1 0 1 1 1 0 1 0 0 0 1 1 1 1 0 0 1 0 1 1 1 0 0 0 1 0 1 1 0 0 1 0 0 0 0 1 1 0 0 1 1 1 0 1 0 0 0 1 0 1 0 0 0 0 1 0 1 1 1 1 1 0 1 1
264 0 1 0 1 0 1 1 1 1 1 1 1 0 0 1 0 0 0 1 1 1 1 0 0 1 0 0 1 0 0 0 0 1 1 0 0 1 1 1 0 1 0 0 0 1 0 1 1 0 1 1 1 0 0 0 1 0 0 0 0 0 0 1 1 0 1 0 1 1 1
2947 0 0 1 0 1 1 0 1 0 1 0 0 0 0 1 0 0 1 0 1 1 0 1 1 1 0 0 1 1 0 1 0 1 1 1 1 1 0 0 0 0 1 1 0 0 0 0 0 1 1 1 1 0 1 0 1 1 1 0 0 1 1 0 0 0 0 1 1 0 1
1301 1 0 0 1 0 1 1 1 1 0 1 1 1 0 0 0 1 1 0 0 0 0 0 0 1 1 0 0 1 1 1 0 1 0 0 0 1 1 0 1 1 0 0 0 0 0 1 1 0 0 1 1 0 1 1 1 0 1 1 1 0 1 0 0 1 0 0 1 0 1
343 1 0 1 0 0 1 1 1 0 0 0 1 0 0 1 1 1 0 0 0 1 0 0 0 0 1 1 0 0 0 1 0 1 0 1 0 0 1 0 1 0 1 1 1 0 1 0 1 0 1 0 0 1 1 0 1 1 0 0 1 1 0 1 1 0 1 1 1 1 0
784 1 1 0 1 1 1 1 0 0 0 1 0 1 1 0 1 1 1 0 0 1 0 1 0 0 0 1 1 0 0 1 0 1 0 0 1 0 0 0 1 0 0 1 0 1 0 0 0 1 0 1 1 1 1 1 1 0 1 1 1 1 0 0 0 0 0 0 1 0 1
1266 1 1 1 0 1 0 0 0 0 0 0 0 1 0 1 0 0 1 1 0 1 0 0 1 1 1 0 1 1 1 1 1 0 0 0 0 0 0 1 0 1 0 1 0 0 1 0 1 1 0 1 1 0 1 0 1 1 1 0 0 1 0 0 0 1 1 1 1 1 0
3103 1 0 1 0 0 0 1 1 1 0 0 0 1 1 1 1 0 0 0 1 0 0 1 1 0 0 1 0 1 1 1 1 1 1 0 0 0 0 1 0 1 0 0 0 0 1 0 0 0 0 0 1 1 1 1 0 1 0 1 1 0 0 1 1 1 1 1 1 0 0
3361 1 1 0 1 1 1 1 0 0 1 0 1 1 0 1 1 0 0 1 0 1 1 0 0 0 0 1 0 0 0 0 1 1 0 1 0 1 0 1 1 1 0 1 0 0 0 0 1 0 1 0 0 0 1 1 1 0 0 0 1 0 1 1 1 1 1 0 0 1 0
593 1 1 0 1 0 1 1 0 0 1 1 0 0 0 0 0 1 0 0 1 1 0 1 0 1 1 0 0 0 0 1 1 1 1 1 1 1 0 1 1 0 0 1 1 0 0 1 0 0 0 1 1 1 0 0 0 1 0 0 0 1 0 0 1 0 1 1 0 1 1
1946 0 0 0 0 1 1 1 1 1 1 1 0 0 0 0 0 0 1 1 1 1 1 0 1 1 1 1 0 0 1 0 1 0 1 0 0 1 1 0 1 1 0 0 1 1 0 1 0 0 1 0 0 0 1 1 1 1 0 0 1 0 0 0 0 0 1 0 0 1 1
160 1 1 0 1 0 1 0 1 1 1 1 1 0 1 1 1 1 0 1 1 1 0 1 0 0 1 0 0 0 0 0 1 0 1 0 0 1 1 1 1 0 0 0 0 0 0 0 1 1 1 1 0 0 1 0 1 1 0 0 0 0 0 1 1 0 1 0 0 1 0
2365 0 1 1 0 0 1 0 1 0 1 0 1 1 0 1 0 1 1 0 1 1 1 1 1 0 0 1 0 0 0 0 1 0 0 0 1 1 1 0 0 1 0 0 0 1 1 1 1 0 0 0 0 0 0 0 0 1 1 1 1 1 0 0 1 1 0 1 1 1 0
3385 0 0 1 0 1 1 0 0 0 1 0 1 1 0 0 1 1 1 1 0 1 1 1 0 1 0 0 0 1 0 1 1 0 1 0 1 0 0 1 0 0 0 1 1 1 1 1 1 1 0 1 1 0 0 0 1 1 0 1 0 1 0 0 0 0 1 0 1 0 0
1512 1 1 1 1 0 0 1 1 0 0 0 1 1 1 0 1 1 1 1 1 1 0 0 0 0 1 0 1 1 0 1 0 0 0 0 1 0 0 0 1 0 0 1 0 0 0 1 1 0 0 1 0 1 1 1 0 1 1 1 1 0 0 0 1 0 0 1 0 1 0
777 1 0 0 0 0 1 0 0 0 1 1 0 1 1 0 1 0 1 1 0 1 0 1 0 1 0 0 1 1 1 1 0 0 1 0 0 1 1 0 1 1 0 0 0 1 1 1 0 0 1 0 0 1 0 0 1 0 1 1 0 1 1 1 0 1 1 0 1 0 0
898 0 1 0 1 0 0 0 0 1 0 0 1 0 0 0 0 1 1 0 0 1 0 0 0 1 1 1 1 0 0 1 0 0 0 0 0 1 1 0 1 0 1 1 1 1 0 0 0 0 1 1 1 1 1 1 1 1 1 1 1 0 0 1 0 1 0 0 1 1 1
1091 1 0 0 0 0 1 0 1 1 1 0 1 0 0 1 1 0 0 1 0 1 0 1 1 0 0 0 1 0 0 1 1 0 1 1 1 1 0 1 0 1 0 1 0 1 1 0 1 0 1 1 1 0 0 0 0 0 0 1 1 0 0 1 0 1 0 1 0 1 1
1964 1 0 1 0 1 1 0 1 1 1 0 1 0 1 1 0 0 0 1 1 1 1 0 0 1 1 0 0 0 0 1 0 0 1 0 0 0 0 1 0 1 1 0 0 0 0 1 0 0 1 1 0 0 1 1 1 0 1 1 1 1 0 0 0 1 0 1 1 1 0
1230 1 1 0 1 1 0 0 1 1 0 0 1 0 1 1 0 1 1 0 1 1 0 1 0 0 0 0 0 1 1 1 0 0 1 1 1 1 1 0 0 1 1 0 0 0 1 0 1 0 1 0 0 1 1 0 0 1 1 0 1 0 0 1 0 0 0 1 1 0 0
2825 0 0 0 1 0 1 0 0 0 0 0 1 0 1 1 0 1 0 0 0 0 1 1 0 0 1 0 1 1 0 1 0 1 1 1 1 1 1 1 1 0 1 0 1 1 1 1 1 0 0 0 0 0 0 1 1 0 1 1 0 1 1 0 0 0 1 1 0 0 1
2390 1 0 0 1 0 1 0 1 1 1 1 0 1 1 0 1 1 0 0 1 1 0 0 1 1 0 0 1 1 1 1 0 0 1 1 1 0 0 1 0 1 1 0 0 1 0 0 0 0 0 1 0 1 0 0 1 1 0 0 0 1 1 1 0 0 0 0 1 1 0
1076 0 1 1 0 1 1 1 0 1 1 1 0 1 1 0 0 1 0 1 0 1 1 1 1 1 1 0 1 0 1 0 1 0 0 1 0 1 0 0 0 1 0 1 1 1 1 0 1 0 0 0 1 0 0 1 0 0 0 0 0 1 0 1 0 1 0 0 0 1 0
3395 1 0 0 1 1 1 0 1 0 0 1 1 0 0 0 1 0 1 1 1 1 0 0 1 0 1 1 1 1 1 0 0 0 0 1 1 1 1 1 1 1 0 0 1 0 1 0 0 0 0 0 0 1 1 1 1 1 0 0 0 1 0 0 1 0 0 0 0 0 1
2871 0 1 1 0 1 0 0 1 0 1 1 0 1 0 1 0 1 1 0 0 1 0 1 0 1 1 0 1 0 0 1 0 0 0 0 1 1 1 1 1 0 0 1 0 0 1 1 0 1 1 0 0 0 0 1 0 1 0 1 1 1 0 1 0 1 0 1 0 1 0
1274 0 1 0 1 0 0 1 0 0 1 0 0 0 1 0 1 1 1 1 0 1 1 1 0 0 1 1 0 1 1 1 1 1 1 0 1 1 0 1 0 1 0 0 0 0 1 0 1 1 0 0 0 0 1 0 0 0 0 0 0 1 1 1 0 1 1 0 0 1 1
2287 0 1 1 1 1 1 1 1 0 0 1 0 0 0 0 1 0 1 0 1 1 0 1 0 1 1 1 0 0 1 0 1 1 0 1 0 0 1 1 0 0 1 0 1 0 0 1 0 1 1 0 0 1 0 0 1 1 0 1 1 1 0 0 0 1 0 0 0 1 0
1662 1 0 1 1 1 0 0 1 1 1 1 1 1 0 1 1 0 0 0 1 0 1 1 0 1 1 1 0 1 1 1 0 1 0 1 1 0 0 0 0 0 0 0 1 0 0 0 0 0 1 0 1 0 0 0 0 0 0 0 0 1 1 1 0 1 1 1 0 1 1
252 1 1 1 1 1 1 1 0 0 0 1 0 0 0 1 0 1 0 1 0 0 1 0 1 1 0 1 1 1 1 1 0 1 1 0 0 0 1 0 0 0 1 0 0 0 1 0 0 0 1 1 0 0 0 0 1 1 1 1 1 0 0 1 1 0 1 0 1 0 0
2093 0 0 0 0 1 1 0 1 1 1 0 1 1 0 1 1 1 1 0 1 0 1 1 0 1 1 1 0 0 0 1 1 0 1 0 0 1 1 1 1 1 1 0 0 0 0 0 0 1 1 0 1 0 0 0 1 0 1 0 1 0 0 0 1 0 1 0 1 0 0
352 0 0 0 1 1 1 0 1 1 1 1 0 1 0 0 1 1 0 0 0 0 0 1 1 1 0 1 0 1 1 1 0 1 1 0 0 0 0 1 1 0 0 0 1 0 0 1 0 0 1 0 0 1 1 0 1 1 1 0 0 1 0 1 1 1 1 0 0 1 0
291 0 1 1 1 0 1 0 1 1 1 0 1 0 0 1 0 1 0 0 1 0 1 1 0 1 1 1 0 0 1 1 0 1 1 1 1 0 1 0 0 1 1 1 0 0 0 1 0 0 1 0 1 0 1 0 1 1 1 0 0 1 0 0 0 0 0 1 0 0 0
1248 0 0 0 1 0 1 1 0 0 0 1 0 0 1 0 0 0 1 1 1 1 1 1 0 0 0 1 0 1 1 0 1 1 1 1 1 0 1 0 1 0 1 0 1 0 0 1 1 0 1 1 0 1 0 1 1 1 0 0 1 0 0 0 0 1 0 0 1 0 1
1332 1 0 0 0 1 1 0 1 0 1 1 1 0 0 0 0 1 1 1 0 0 1 1 1 0 0 0 0 1 1 1 0 1 0 0 1 1 0 0 0 1 0 0 0 1 0 0 1 0 1 1 1 1 1 0 1 1 0 0 0 0 1 0 1 1 0 1 1 0 1
1298 1 1 1 1 1 1 0 1 0 1 0 0 0 0 0 0 1 0 1 1 0 0 1 1 1 1 1 1 1 0 0 1 1 0 1 1 1 0 0 0 1 1 1 0 0 0 0 0 1 0 0 0 0 1 1 0 1 0 0 1 1 1 0 1 0 0 0 1 0 0
3697 1 1 1 0 0 1 1 1 1 1 1 1 0 0 1 0 0 1 1 0 1 1 0 0 1 1 1 0 1 0 1 0 0 0 0 0 0 1 0 0 0 1 0 1 1 1 0 1 0 0 0 0 1 0 1 1 0 1 0 0 0 0 0 1 0 1 1 1 1 0
952 1 0 0 1 0 0 0 1 1 0 1 0 1 1 0 0 0 1 0 0 1 0 0 0 0 1 0 0 0 0 1 0 0 1 1 0 0 1 0 1 1 1 1 1 0 1 1 0 0 1 1 1 1 1 0 1 1 1 1 0 1 0 0 1 1 0 1 1 0 0
2870 1 1 1 1 0 0 0 0 1 1 0 0 1 0 1 1 0 1 1 0 1 1 1 0 1 0 0 1 0 0 1 1 0 1 0 1 0 0 1 1 0 0 0 1 0 0 0 0 1 0 0 1 1 0 1 0 0 1 0 0 0 0 1 1 1 1 1 1 1 0
1728 1 1 0 1 0 1 1 0 0 1 0 0 0 0 1 0 1 1 0 1 1 0 0 0 1 1 1 1 0 0 0 0 0 0 0 1 1 1 0 1 1 0 1 1 1 1 1 0 1 1 0 1 1 1 0 1 0 0 0 0 0 1 0 1 0 0 1 1 0 0
2579 1 0 1 1 0 1 1 1 0 0 0 1 1 1 1 1 0 0 1 1 0 0 0 1 0 0 0 0 0 1 1 0 0 1 1 0 1 0 0 0 0 1 1 0 0 0 1 0 1 0 1 0 0 0 0 1 1 0 1 1 1 0 1 1 0 1 1 1 0 1
3488 0 0 1 0 1 0 0 1 1 1 1 0 0 0 0 0 0 0 1 0 1 0 0 0 0 1 1 1 1 1 0 0 1 0 1 1 1 1 0 0 1 1 0 0 0 1 0 0 1 1 0 1 0 1 1 1 1 1 0 0 1 1 1 1 0 0 1 1 0 0
3703 0 1 1 1 1 0 0 0 1 1 1 1 0 0 0 0 1 0 1 0 1 0 0 1 1 1 1 1 0 0 0 0 1 0 0 1 1 0 0 1 0 0 0 1 0 0 1 1 1 1 1 0 0 1 0 1 0 0 1 0 0 1 1 0 1 0 1 0 1 1
528 0 0 1 1 1 0 0 1 0 1 1 1 1 0 1 1 0 1 0 0 0 1 0 1 1 1 1 0 0 0 1 0 1 0 0 1 1 1 1 0 0 0 0 0 0 0 0 1 1 0 1 0 0 1 1 0 0 1 0 1 1 1 1 0 0 0 1 1 0 1
1465 0 1 0 0 1 0 1 1 0 0 0 0 1 0 0 1 1 0 1 1 1 0 0 1 1 1 1 0 0 1 0 0 1 1 1 1 1 1 1 1 0 1 0 1 0 1 1 0 1 1 0 0 1 1 1 0 0 0 0 0 1 0 0 0 0 0 1 0 0 1
2143 1 0 1 0 1 1 1 1 1 1 0 0 1 0 0 0 1 0 0 1 1 1 0 0 1 0 0 0 0 0 1 0 1 1 1 1 0 0 0 0 0 0 1 1 1 1 1 0 0 0 0 1 0 0 1 0 0 1 0 0 1 1 0 1 1 0 1 1 1 1
1243 1 1 1 0 1 0 1 0 0 1 0 1 1 0 0 1 0 0 1 0 1 1 0 1 0 0 0 1 1 0 0 1 0 1 1 1 0 1 1 1 0 0 0 0 1 0 1 1 0 0 0 0 1 1 0 1 0 1 0 1 0 1 0 1 1 0 0 1 1 0
245 1 1 0 1 1 0 0 0 1 1 1 1 0 0 0 1 1 1 1 1 0 0 0 0 1 1 1 0 0 0 0 1 1 1 0 1 0 1 0 1 0 0 0 0 0 1 0 0 1 1 1 0 1 1 1 0 0 0 0 0 0 1 0 1 1 1 0 0 1 1
2004 0 0 0 1 1 1 0 1 1 0 0 1 0 0 0 1 0 0 0 0 1 0 1 1 1 1 1 0 1 1 0 1 1 1 1 1 0 1 0 0 0 1 1 0 0 0 0 1 0 1 0 0 0 0 1 1 1 0 1 1 1 0 1 1 0 1 0 0 0 1
967 1 0 0 1 1 0 0 1 0 0 1 1 1 0 0 1 0 1 0 0 0 1 1 0 1 0 0 1 1 1 1 1 1 0 0 1 1 0 0 1 1 0 0 0 1 0 0 0 1 0 1 1 1 0 1 0 0 1 1 1 1 0 0 0 0 1 1 0 0 1
2123 0 1 0 0 0 1 1 1 0 0 1 1 1 0 1 0 1 1 0 1 1 0 0 1 1 1 1 0 0 1 0 1 1 0 1 0 0 1 1 1 0 0 1 0 0 0 1 1 0 0 0 1 1 0 0 1 0 1 0 0 0 1 0 1 0 0 0 1 1 1
2159 1 0 1 1 0 0 1 0 1 1 1 0 1 0 1 1 0 0 1 1 0 1 0 1 0 1 1 1 0 1 1 1 1 0 1 0 1 0 0 1 0 1 0 0 1 0 0 0 0 0 1 1 0 0 0 0 1 0 1 0 0 1 1 1 0 1 0 0 1 0
3147 1 0 0 0 0 0 1 1 1 0 0 1 1 0 0 0 0 1 0 1 0 0 1 1 0 1 1 1 0 1 0 1 0 1 0 0 1 0 1 1 1 1 1 1 0 0 0 1 0 1 0 0 0 0 1 1 0 1 0 1 1 0 1 0 1 1 0 1 1 0
2139 0 0 0 0 1 0 1 0 0 1 0 1 1 1 0 0 1 0 0 1 1 0 1 0 1 1 0 0 1 1 1 0 0 0 1 0 1 0 0 1 0 0 1 1 1 0 1 1 0 0 1 1 0 1 1 1 0 0 1 0 0 0 1 1 1 0 1 1 1 0
2943 0 0 1 1 0 1 0 0 1 0 0 0 0 1 1 1 0 0 1 1 1 0 0 0 0 1 0 0 0 0 0 0 1 1 0 1 1 1 1 1 1 1 1 1 1 0 1 0 1 0 0 0 1 0 0 1 0 1 1 1 0 1 0 0 1 1 1 0 1 0
265 0 1 0 1 0 1 1 1 0 1 1 0 0 0 0 1 1 1 1 1 0 1 0 0 1 0 1 0 0 0 0 0 0 1 1 0 0 1 1 1 0 1 1 0 0 0 0 1 0 1 0 1 1 0 1 1 0 1 0 1 1 1 0 0 1 1 0 0 1 0
299 0 0 1 0 0 1 1 1 0 1 0 0 0 1 0 0 1 1 1 1 0 0 0 0 1 1 0 0 1 1 1 1 0 0 1 1 1 0 0 1 0 0 0 1 0 1 1 0 1 1 1 1 1 0 0 1 1 1 0 0 0 0 1 0 0 0 0 1 1 1
1286 0 0 1 0 0 1 0 1 0 1 1 0 0 1 1 1 1 0 0 1 0 0 0 1 0 1 1 0 1 1 1 1 0 1 0 0 0 1 1 0 0 1 1 1 1 1 0 0 0 1 0 0 0 1 0 0 1 0 0 0 1 0 1 1 1 1 0 0 1 1
2358 0 0 1 0 0 0 1 1 0 0 0 1 1 1 1 1 1 0 1 1 1 1 1 0 1 1 0 1 0 0 0 0 1 0 1 0 0 0 0 0 1 0 0 0 1 1 0 0 1 0 1 1 1 0 0 1 0 0 1 1 0 0 1 1 1 1 0 1 1 0
1 0 0 1 1 0 1 1 1 1 0 0 0 0 1 0 1 1 0 0 0 1 0 0 1 0 0 1 0 1 0 1 1 1 0 0 0 0 1 0 1 1 0 1 0 1 0 0 1 0 0 0 1 1 1 1 0 1 1 0 1 0 1 1 1 0 1 0 1 0 1
3762 0 0 1 0 1 0 1 1 1 1 0 0 1 0 1 0 0 0 0 1 1 1 1 1 1 0 0 1 0 0 0 1 1 1 0 0 1 1 1 0 1 0 0 0 0 1 0 1 0 1 1 0 1 1 1 0 1 0 1 1 0 0 1 1 0 0 1 0 0 0
287 1 1 1 1 1 1 0 0 0 1 0 1 1 0 1 1 0 1 0 0 0 0 1 0 0 1 0 1 1 0 1 1 0 0 0 0 0 0 1 1 1 0 0 1 1 0 1 1 0 0 1 1 0 1 0 0 0 1 1 1 1 1 0 0 0 0 0 0 1 1
1262 0 1 0 0 1 0 0 0 1 1 1 0 1 0 1 1 1 0 1 0 1 1 0 1 1 1 0 0 1 0 0 1 1 0 1 1 0 1 1 1 0 1 0 0 0 1 0 1 0 0 0 0 0 0 1 0 1 0 0 0 1 1 1 0 1 1 1 0 0 1
2571 0 0 1 0 1 0 1 1 1 1 1 1 0 1 1 1 1 1 0 1 1 0 1 1 1 0 0 1 1 0 1 0 0 1 1 1 0 1 0 0 0 0 1 1 0 0 0 1 0 0 0 0 0 0 0 1 0 1 0 0 1 1 0 1 0 1 0 1 0 0
2160 1 1 0 1 1 1 1 0 0 0 1 1 0 1 0 0 0 0 1 0 0 0 0 1 1 0 0 1 1 0 0 0 1 1 1 1 1 0 0 1 1 1 0 0 1 1 0 0 0 1 0 1 1 0 1 0 1 0 0 1 0 1 0 1 1 0 1 0 1 0
1234 1 1 0 0 0 1 1 1 0 0 0 1 0 0 1 1 1 0 0 0 0 0 1 1 0 0 0 0 0 0 1 1 0 0 1 1 1 0 1 0 1 0 1 1 1 0 1 1 0 1 1 0 1 0 0 1 0 0 0 1 1 0 1 0 1 1 1 0 1 1