2857 1 0 0 1 0 0 1 1 1 0 0 0 1 0 1 1 1 1 1 0
259 1 1 1 1 1 0 1 1 1 1 0 1 0 0 1 0 0 0 0 1
1195 1 0 0 0 0 0 1 1 1 1 0 0 1 1 0 1 1 0 1 1
1209 0 1 0 0 0 0 1 0 1 0 1 1 1 1 1 1 1 1 0 0
479 1 0 0 1 0 1 1 0 0 0 1 0 0 1 1 1 0 1 1 0
2027 0 1 1 0 1 1 0 0 0 1 0 1 1 0 1 0 1 1 0 1
588 1 0 0 0 0 0 1 1 1 1 0 1 1 1 0 1 1 1 1 1
2570 1 1 1 0 1 1 0 1 1 1 0 0 1 0 0 0 1 1 1 1
1269 1 0 1 0 0 1 1 1 0 0 0 0 1 1 0 0 0 1 0 1
592 1 1 1 1 1 0 1 0 0 1 0 0 0 1 1 1 0 0 0 0
1579 0 0 1 1 1 1 1 1 0 1 0 1 0 1 0 0 1 0 0 1
1197 1 0 0 1 0 0 0 0 1 1 1 1 1 0 1 1 0 1 0 0
607 0 1 1 0 0 1 0 1 1 1 1 0 1 1 1 1 1 1 0 0
2761 0 0 1 1 0 0 0 0 0 1 1 1 1 1 1 1 1 1 0 0
109 0 0 1 1 1 1 0 0 0 0 0 0 1 1 0 0 1 0 0 1
2395 1 1 1 0 0 1 0 1 0 1 1 1 0 0 0 0 1 1 0 1
1196 0 0 1 0 1 0 1 1 0 1 1 1 0 1 0 1 0 0 0 1
526 0 1 1 0 1 1 1 1 1 1 0 1 1 1 0 1 0 0 0 0
1616 1 0 0 1 0 1 1 1 1 0 0 0 0 1 0 0 1 1 1 0
1264 0 1 1 0 1 1 0 0 0 0 0 1 0 0 1 0 1 0 1 1
1096 1 0 1 0 0 0 0 1 1 1 0 0 1 0 1 0 1 0 0 1
2627 0 1 0 0 1 1 1 1 1 0 1 1 0 0 0 0 0 0 1 1
2996 0 0 0 1 0 0 1 0 0 0 0 1 1 1 0 1 0 1 1 1
317 1 1 0 0 1 1 1 1 0 0 1 1 0 0 1 0 0 1 0 0
857 1 0 0 1 0 0 0 1 0 1 0 0 1 0 1 0 1 0 1 1
355 1 0 0 1 1 1 0 0 1 1 0 0 0 1 0 1 0 1 1 1
2715 0 1 0 0 1 0 0 0 1 1 1 0 1 0 0 0 1 1 0 1
295 1 0 1 0 0 1 0 1 1 1 1 0 0 0 0 1 0 1 1 1
1239 0 0 1 1 0 1 0 0 1 1 0 1 0 0 0 1 1 1 1 1
0 0 1 1 0 1 1 0 0 0 1 0 0 1 0 0 1 1 1 1 0
1213 0 1 0 1 1 0 1 1 1 1 0 0 0 0 0 0 1 1 0 1
2915 0 0 1 1 0 0 1 0 1 0 0 1 1 1 1 1 0 1 1 0
456 1 0 0 0 0 0 0 1 1 1 0 1 1 1 0 1 0 1 0 1
3577 1 0 0 0 1 0 0 1 1 0 0 1 0 0 1 0 0 1 1 1
1199 0 0 0 1 1 0 1 1 1 0 0 1 0 0 0 1 1 0 1 0
540 0 1 1 1 1 0 0 0 1 0 1 1 0 0 1 1 0 1 1 0
2986 0 1 1 0 1 1 0 0 0 0 1 1 1 0 1 0 0 1 0 1
1258 1 0 1 1 1 0 0 1 1 0 1 1 0 0 1 1 0 1 0 0
49 1 0 0 0 1 1 0 1 0 0 1 1 1 1 0 1 1 0 0 0
33 1 1 0 0 0 0 1 1 0 1 1 1 0 1 0 1 0 1 1 0
2790 1 0 1 1 0 0 1 1 0 1 0 0 0 1 0 1 1 1 0 1
779 0 1 1 1 0 1 1 0 1 0 1 1 1 0 0 1 0 0 0 0
3174 1 0 1 0 0 0 0 1 1 1 0 1 1 1 1 0 1 0 1 1
1192 1 0 0 0 1 0 0 1 1 1 0 0 1 1 1 0 0 0 0 1
918 1 1 1 0 0 1 1 1 0 1 0 1 1 0 0 0 0 0 0 0
923 1 0 1 1 0 0 1 1 0 0 0 1 1 0 1 0 1 0 0 0
1126 1 0 1 1 1 1 1 1 1 1 0 0 1 0 1 0 0 0 0 0
2354 1 1 0 1 0 0 0 1 0 0 1 1 1 1 0 1 0 0 0 0
1386 0 1 1 0 1 0 0 1 1 1 1 1 1 0 0 0 1 0 1 0
1220 0 0 1 1 1 0 1 0 1 1 1 0 1 0 0 1 1 1 0 1
911 0 1 0 0 0 1 1 0 0 0 1 1 0 1 0 1 1 0 1 1
1035 1 1 0 1 0 1 0 0 0 1 1 0 1 0 1 0 1 0 0 0
1212 0 0 0 0 1 0 1 1 0 1 1 0 0 0 1 1 1 0 1 0
1609 0 0 1 1 1 1 0 1 1 1 1 0 0 1 0 0 0 0 1 0
376 1 1 0 1 0 0 0 0 0 1 0 1 0 1 0 1 0 1 1 0
1290 1 0 0 1 0 0 0 0 0 0 0 0 0 1 0 1 1 0 1 1
1999 0 1 0 1 0 0 1 0 1 0 1 0 0 1 0 0 0 1 1 0
1135 0 0 1 0 1 1 0 0 1 0 0 0 1 1 0 0 1 0 1 1
3113 0 0 1 1 1 0 1 0 1 0 1 0 1 0 1 1 1 1 0 0
1306 1 1 0 0 1 0 1 0 0 1 0 1 0 0 1 1 1 0 1 0
1703 1 1 1 1 0 1 0 1 1 0 0 1 0 1 0 1 1 1 0 0
1720 0 1 0 0 0 0 0 1 0 0 0 0 0 1 1 1 0 1 1 1
1967 0 1 1 1 1 1 0 1 1 0 0 0 1 0 0 0 0 1 1 0
647 0 1 0 0 1 1 1 0 1 0 0 0 1 1 0 1 0 1 1 0
2598 0 0 1 1 1 0 1 1 1 0 0 0 0 0 0 1 0 0 0 0
31 0 1 1 0 0 0 0 0 1 0 1 1 0 1 1 1 1 1 0 1
3792 0 1 1 1 1 1 0 1 1 0 1 1 0 1 0 0 0 0 1 1
2173 0 1 1 1 1 1 1 0 1 0 0 1 1 0 0 0 0 0 0 1
2796 0 0 1 1 0 1 0 0 1 1 0 0 1 0 1 0 1 0 1 0
2290 0 1 0 0 1 1 0 1 1 1 1 0 0 0 0 1 0 1 1 0
2917 1 1 0 0 1 0 1 1 0 1 1 0 0 0 0 0 1 1 0 1
589 1 0 1 1 0 0 1 0 0 1 0 1 0 1 1 0 1 0 0 1
2958 0 1 0 0 1 0 0 0 1 0 1 0 1 0 1 1 1 1 1 0
3470 1 1 0 1 0 0 1 1 1 0 0 0 1 1 0 0 0 1 1 0
1373 1 1 0 0 0 0 0 1 0 0 1 1 0 1 0 1 1 0 1 1
1393 1 1 1 0 1 1 1 0 0 0 0 1 0 1 0 1 0 0 1 0
2682 0 0 1 0 1 0 1 0 0 1 1 0 1 0 1 1 1 0 1 0
591 0 0 1 1 0 1 1 1 0 0 0 0 0 1 1 1 1 1 0 0
1783 0 1 1 1 1 1 0 0 1 1 0 0 0 1 1 0 0 0 0 1
1572 1 1 1 0 1 0 0 1 0 0 0 1 0 1 0 1 0 0 1 0
1303 1 0 1 1 1 1 0 1 1 0 0 1 0 0 1 1 1 1 0 0
3417 0 1 0 1 0 0 0 1 1 0 1 0 0 1 1 1 0 1 1 0
222 0 0 0 1 0 1 0 1 0 1 1 1 0 0 0 0 1 1 1 1
379 0 0 0 1 1 0 0 0 1 1 1 1 1 1 1 0 1 1 1 0
2705 0 1 0 0 1 1 0 0 0 1 1 1 1 0 0 0 1 0 0 1
1224 0 1 0 1 0 0 1 1 0 0 0 0 1 0 1 1 0 1 1 1
1583 1 0 0 1 0 1 0 0 1 1 1 0 0 0 1 0 1 1 1 1
1526 1 1 1 1 0 0 0 0 1 0 1 1 1 1 1 0 1 1 0 1
3480 1 1 0 1 1 1 1 0 0 1 1 0 0 0 1 0 1 0 0 1
1922 0 0 1 0 0 0 0 1 1 0 0 0 1 0 0 1 1 1 1 0
749 0 1 1 0 0 1 1 0 1 0 0 0 1 0 1 1 0 1 0 0
2698 0 1 0 0 1 1 0 0 1 1 1 1 0 0 0 1 0 0 0 0
38 0 1 1 0 0 0 1 1 0 0 1 1 1 1 1 0 1 1 0 0
20 1 0 1 1 0 1 0 1 0 1 1 0 0 1 0 0 0 0 0 1
1392 1 1 1 0 0 0 1 1 1 0 1 1 0 0 0 0 1 0 0 1
2803 0 1 1 0 1 1 1 0 0 1 1 1 1 1 1 0 0 1 0 0
587 0 1 0 1 1 0 0 1 1 1 1 1 0 0 0 0 1 1 0 1
2405 0 0 0 0 1 1 0 0 1 0 1 0 0 1 1 1 1 0 0 0
1219 1 1 0 0 1 0 0 0 1 1 0 1 0 0 0 1 1 0 1 1
732 0 0 0 1 1 1 1 1 0 1 0 1 0 0 1 0 0 0 0 1
1229 1 0 1 0 1 0 1 0 0 0 1 1 0 0 0 0 0 1 1 1
3175 0 0 0 0 1 1 1 0 0 0 0 1 1 0 0 1 1 1 1 1
1960 0 1 1 1 0 0 1 0 1 1 0 1 0 0 1 0 0 1 1 1
3750 1 1 1 1 1 1 0 1 0 1 1 0 0 1 1 0 0 0 0 0
1078 1 0 0 0 1 1 0 0 1 1 0 0 0 0 1 0 1 0 0 0
907 1 0 1 1 1 0 1 1 1 0 1 1 1 0 1 0 0 0 0 0
3407 1 0 1 1 1 1 1 0 1 0 1 0 0 1 1 0 1 1 0 1
1072 0 1 0 1 1 0 1 1 1 1 0 0 0 0 1 0 1 1 0 0
3622 0 1 0 0 1 1 0 1 1 0 0 1 0 1 1 1 0 1 0 0
1355 0 1 1 1 1 1 1 0 0 0 0 1 0 0 1 1 0 1 1 0
3526 0 0 1 0 0 1 1 1 1 1 1 1 1 0 0 0 0 0 0 0
2699 1 0 0 1 0 0 1 1 1 1 0 0 1 0 0 1 1 1 0 0
1218 0 1 1 1 1 1 0 0 0 1 1 1 0 1 0 1 1 0 0 1
1246 0 1 1 1 1 1 0 0 1 0 0 1 0 1 0 0 0 1 1 1
1088 0 1 0 1 0 0 0 1 1 1 0 0 1 0 1 1 0 1 0 1
1543 0 0 1 1 1 1 1 0 0 0 1 0 1 0 1 1 1 1 0 1
1221 1 1 1 1 1 0 1 0 0 0 1 0 1 0 1 0 0 0 0 1
149 0 1 0 1 0 1 1 1 1 1 1 1 0 0 0 1 0 1 0 0
110 1 0 0 0 0 1 1 1 0 0 0 0 0 1 1 1 0 1 0 0
3752 0 1 0 1 1 1 1 1 1 0 1 1 0 1 0 0 0 0 1 1
2709 0 0 1 0 1 0 0 0 1 0 0 0 0 1 1 0 0 1 0 0
356 0 1 1 1 0 0 0 1 1 0 0 0 1 1 1 1 1 0 1 1
2656 0 0 1 1 1 1 0 1 1 0 1 0 0 0 1 1 0 0 1 1
1093 0 1 1 0 0 0 1 1 0 0 1 1 1 1 1 0 1 0 0 0
1205 1 1 1 0 1 0 1 0 0 0 0 1 0 0 1 0 0 1 1 1
2984 0 0 0 1 1 1 0 0 1 1 1 0 1 0 0 0 1 1 0 1
2639 0 1 1 0 1 0 1 1 1 1 0 1 1 0 0 1 0 0 1 0
3146 0 0 1 1 1 0 0 0 1 1 1 0 1 0 0 0 1 0 0 1
2394 1 1 1 1 0 0 0 1 1 1 0 0 0 0 0 1 0 0 1 1
3420 1 0 1 1 0 0 0 1 1 1 1 1 1 0 0 1 0 0 1 0
1516 0 0 1 1 0 0 1 1 1 0 1 0 0 1 0 0 0 0 1 1
1640 1 1 0 0 0 1 1 1 1 0 1 0 1 1 0 0 1 0 1 1
1277 0 1 0 1 0 1 0 1 1 0 0 0 1 1 1 1 1 1 0 0
1251 0 1 0 1 0 1 1 1 0 0 0 1 0 1 1 1 0 0 1 0
366 0 0 0 1 0 0 0 1 0 0 1 0 1 0 1 1 0 0 0 0
1357 0 0 0 0 0 1 1 0 1 0 1 0 1 1 1 0 1 0 0 0
1207 0 0 1 1 0 0 0 1 0 1 0 1 0 0 1 0 1 1 1 0
1675 1 1 0 0 1 1 0 0 1 0 0 1 1 1 1 1 1 0 0 1
2099 0 0 0 1 1 1 0 0 1 1 1 1 0 1 1 1 1 0 0 0
2528 1 0 0 0 0 1 1 1 0 0 0 1 1 0 0 1 0 0 0 1
2010 0 1 1 0 1 1 0 1 0 1 0 0 1 1 1 0 1 0 1 1
2320 1 1 0 1 1 0 1 0 0 1 1 1 1 1 0 0 1 1 0 0
919 0 1 0 1 1 1 1 0 0 1 0 0 1 1 1 0 0 1 0 0
2323 0 1 0 1 1 0 0 1 1 0 1 0 1 0 1 0 0 0 1 1
2011 0 1 0 1 0 0 1 1 0 0 1 1 1 0 1 0 0 1 0 1
1089 0 0 1 0 0 0 0 1 0 1 0 1 1 1 1 1 0 0 1 1
46 1 0 0 0 0 0 1 0 1 1 0 1 1 1 0 0 0 1 1 1
1499 0 0 1 0 1 0 1 0 0 1 1 1 0 1 0 0 0 0 1 1
1369 0 0 1 1 1 1 1 0 0 1 0 0 0 0 0 1 0 1 1 1
1953 0 1 1 0 0 1 0 0 0 0 1 1 1 0 1 1 0 1 0 0
1672 1 1 0 0 0 1 0 0 0 0 0 1 1 0 1 1 0 0 0 1
2114 0 0 1 1 1 1 1 1 1 1 1 0 1 0 0 0 0 0 0 1
2193 0 1 0 1 1 1 1 0 0 0 0 1 0 1 1 0 0 0 1 1
1375 0 1 0 1 0 0 1 0 1 1 1 0 1 1 0 0 1 0 1 0
586 0 1 1 0 1 0 0 0 1 1 1 1 1 1 0 1 0 0 1 0
363 1 1 0 0 1 0 1 0 0 1 1 1 1 1 1 0 0 0 1 0
3252 1 0 0 1 0 0 1 0 1 0 1 1 1 0 1 0 0 0 1 1
3670 1 1 0 0 1 1 1 1 1 1 1 0 0 0 0 1 0 0 1 1
1287 0 1 1 0 1 0 0 0 0 0 1 1 1 0 0 0 1 0 1 1
315 0 1 1 1 1 0 0 0 1 0 0 1 0 1 0 1 0 1 1 0
922 0 1 1 0 0 0 0 1 1 0 0 1 0 0 1 0 1 1 1 1
3159 1 1 0 0 1 0 0 1 1 0 1 0 0 0 0 1 1 1 0 1
1241 1 1 1 0 0 1 0 0 0 0 0 1 0 0 0 1 1 0 1 0
735 1 1 1 1 1 0 1 0 0 1 0 1 0 0 0 0 0 1 1 1
1916 1 1 1 1 0 1 0 0 0 1 0 0 1 0 0 0 1 1 0 1
1293 1 0 0 0 0 0 1 1 0 0 0 1 1 1 0 1 0 1 0 0
3254 1 0 1 1 0 1 1 1 1 0 1 0 0 1 0 0 0 0 0 0
1731 1 1 0 1 1 1 1 1 0 1 0 0 0 0 1 0 0 0 0 1
3360 0 0 0 0 0 1 1 1 1 0 1 1 1 1 1 1 1 1 0 0
1395 1 0 1 0 0 0 0 1 0 1 1 0 0 1 0 1 0 1 1 1
2762 1 1 0 0 1 1 0 0 0 0 0 1 0 0 0 0 0 1 1 0
1257 1 0 1 0 1 1 0 1 1 0 1 0 1 1 1 1 0 0 1 0
2301 0 0 1 1 0 1 1 0 1 0 0 1 1 1 1 0 0 0 0 0
3447 0 1 0 0 0 1 1 0 1 1 1 1 0 0 0 1 1 0 0 0
1652 0 0 1 0 1 0 1 1 0 0 1 1 0 1 1 0 1 0 1 1
1607 1 0 1 1 1 1 1 0 1 1 0 0 1 0 1 0 0 0 0 0
1390 1 0 1 0 1 1 1 0 0 1 1 1 0 1 1 0 0 0 0 0
2691 1 0 1 0 0 0 1 0 1 1 0 1 0 1 1 0 0 1 0 1
2454 0 1 1 0 1 0 0 0 0 0 0 1 1 1 1 1 0 0 0 0
3080 0 1 1 0 1 1 1 1 0 1 0 0 1 0 1 1 0 0 0 0
3701 0 1 0 0 1 1 1 0 0 1 1 1 0 1 1 0 0 0 1 1
2267 1 0 0 0 0 1 0 1 1 0 1 1 1 0 1 0 1 0 1 0
594 0 0 0 1 1 0 1 0 0 1 0 1 0 1 0 0 1 1 1 0
348 0 0 1 1 1 1 0 1 1 1 0 0 0 0 0 0 1 0 0 1
968 1 1 1 1 1 0 0 0 1 0 1 0 0 1 1 1 1 1 0 0
3255 1 0 1 0 0 1 0 1 0 1 0 0 0 1 0 1 1 1 0 0
903 0 1 0 1 0 0 1 1 0 0 1 1 1 1 1 1 0 0 1 0
1233 0 0 1 0 0 0 1 1 0 0 0 0 1 1 1 0 1 1 1 1
596 1 0 0 1 0 0 0 1 1 1 1 0 1 0 0 0 1 1 0 1
1673 0 0 1 1 1 1 1 1 1 1 0 0 0 0 0 0 0 0 1 1
2053 1 0 0 1 0 0 0 0 0 1 0 1 0 1 0 1 1 1 1 1
912 1 1 1 1 1 0 1 1 1 0 1 0 0 0 0 1 1 0 1 0
2080 1 0 0 1 0 0 0 1 0 1 1 1 1 1 0 0 1 1 0 1
3702 1 1 0 1 1 1 0 1 1 1 0 0 0 0 1 0 0 0 1 0
10 0 0 0 0 0 1 0 1 1 1 1 0 1 0 0 1 1 0 0 1
1376 0 0 1 0 1 1 1 0 0 1 0 0 0 0 0 1 1 1 1 0
2889 0 1 0 0 1 0 1 0 0 1 0 0 1 1 1 0 0 0 1 0
3754 1 1 0 0 1 0 1 1 1 0 1 1 0 1 0 0 0 1 1 0
1027 1 1 1 0 0 0 0 0 1 1 0 1 1 0 0 1 1 0 1 0
2000 0 1 1 0 1 0 1 1 1 0 0 0 1 0 1 0 0 1 1 0
1100 0 0 0 1 0 0 1 1 1 0 1 0 0 1 0 0 1 1 1 1
2967 1 0 1 0 1 1 1 1 1 0 0 0 1 0 1 0 1 0 0 1
2616 0 1 0 1 0 0 1 1 0 1 0 0 0 0 0 1 1 0 1 1
2406 0 0 0 0 0 0 0 0 0 0 0 1 1 1 0 1 1 1 1 0
1681 1 0 1 0 1 0 1 1 0 0 1 1 1 1 0 1 0 0 1 0
1232 0 1 0 0 1 0 1 1 0 1 0 1 0 1 1 0 1 1 1 0
1371 1 0 0 0 1 1 1 1 1 0 0 1 1 0 0 0 1 1 0 1
1265 0 0 0 0 1 1 1 0 0 0 0 1 0 1 0 0 0 0 1 1
550 1 1 0 1 1 1 1 0 1 0 0 0 0 0 1 1 0 1 0 1
1908 1 1 1 0 1 0 1 0 1 0 1 0 1 1 0 1 1 1 0 1
3896 1 0 0 0 1 0 0 1 0 1 0 1 0 0 1 0 0 0 1 1
328 0 1 0 0 0 1 1 0 0 0 1 0 1 0 0 0 0 1 0 1
3362 0 1 0 1 1 1 0 1 0 1 0 0 0 0 1 0 1 1 1 0
1182 1 0 0 0 1 1 0 1 1 0 1 0 0 1 0 0 1 0 1 0
3051 1 0 1 0 0 1 1 0 0 0 1 0 1 0 1 0 1 1 1 0
2352 1 1 0 0 1 0 1 1 1 0 0 0 0 0 1 1 1 0 1 0
538 0 0 1 1 1 0 1 1 1 0 0 0 0 0 1 0 0 1 1 1
2005 0 0 0 0 1 1 0 1 0 0 0 1 1 0 1 1 0 1 0 1
3071 1 0 0 0 1 1 1 0 0 1 0 1 0 0 1 0 1 1 1 0
24 1 1 1 0 0 0 0 0 1 1 1 1 1 1 0 1 1 0 0 0
2288 0 1 0 1 0 1 1 1 1 1 0 0 0 0 1 0 1 0 1 1
1407 1 1 1 1 0 1 0 0 1 1 0 0 1 0 1 1 0 1 1 0
473 1 0 0 1 1 1 1 1 0 1 0 1 0 1 1 0 0 1 0 0
2104 0 0 0 1 1 0 0 1 0 1 0 1 0 1 0 0 1 0 1 1
3551 1 0 0 1 1 1 1 0 1 1 1 0 0 1 0 0 0 0 1 1
1638 1 0 1 1 0 1 0 0 1 1 1 0 0 0 0 0 1 1 1 0
1551 1 0 1 1 1 1 1 0 0 1 0 1 0 0 1 1 0 0 0 1
439 0 0 1 1 0 1 0 0 1 1 0 0 1 1 0 1 0 1 0 1
787 1 1 0 1 0 0 0 0 0 1 0 0 0 1 0 1 1 1 1 1
1214 1 1 0 0 0 1 0 1 0 1 1 0 0 1 1 1 1 0 1 0
2711 1 1 0 1 0 0 0 1 0 0 1 1 1 0 0 0 0 0 1 0
3107 0 0 1 0 0 1 1 0 1 0 1 1 1 0 0 1 1 0 0 1
1281 0 0 0 0 1 0 1 1 1 0 1 0 1 1 0 1 1 1 0 1
5 0 1 0 1 0 1 1 0 1 0 0 0 1 0 0 1 0 1 1 1
1249 1 1 0 1 0 1 1 0 0 0 1 0 0 1 0 1 0 0 1 0
2335 0 1 0 1 0 1 1 0 1 1 1 0 0 1 1 0 0 0 0 1
2745 1 0 0 0 0 0 1 1 0 1 0 1 1 0 0 1 1 1 1 1
2769 1 0 1 0 1 1 1 0 1 0 0 1 1 1 0 0 1 0 1 0
1275 1 1 1 0 0 1 1 1 0 0 1 0 1 0 0 1 0 1 0 0
35 0 0 1 0 0 0 0 1 1 1 1 0 0 0 1 1 1 0 0 1
1206 0 1 1 0 1 0 0 1 0 1 0 1 1 0 1 0 0 1 0 0
234 1 1 0 0 0 0 1 1 1 1 1 1 1 0 1 0 0 0 1 0
1374 0 1 0 0 1 0 1 1 1 1 1 1 0 0 0 0 0 1 1 0
1079 1 1 0 0 1 1 1 0 1 1 0 0 0 1 1 0 1 0 0 0
1319 0 0 0 1 1 0 1 1 0 0 0 0 1 1 1 1 1 0 0 1
292 1 0 0 1 1 0 1 0 1 1 0 0 1 0 0 0 0 0 1 0
69 0 0 1 1 1 0 1 0 0 0 0 0 1 0 0 1 0 1 1 1
2247 0 0 0 0 0 1 0 1 0 1 1 1 1 0 0 1 0 1 1 1
1198 1 1 1 1 0 0 0 0 0 0 1 1 0 1 1 1 1 0 1 0
2469 1 0 1 0 0 1 1 1 0 1 1 0 1 0 0 1 1 0 0 0
1776 0 0 0 1 0 1 0 0 0 1 0 0 1 1 1 1 1 1 0 1
1911 1 0 1 0 1 0 0 1 1 0 0 1 0 0 1 1 1 1 0 0
3554 1 0 0 1 1 1 1 0 1 1 0 1 0 0 1 0 1 0 0 1
1746 1 1 1 0 1 0 0 1 0 0 0 0 1 1 1 1 0 0 0 0
902 0 0 1 0 1 1 1 1 1 1 0 1 1 0 1 0 1 0 1 0
2700 1 1 1 1 0 0 0 1 0 1 0 0 0 1 0 1 1 0 1 0
3032 0 1 1 1 1 0 1 0 0 0 0 0 1 1 1 0 0 1 1 0
2946 1 0 1 1 0 1 1 0 1 0 0 0 0 1 0 0 0 1 0 1
1875 1 0 1 0 0 1 0 0 0 0 1 0 1 0 1 0 1 0 1 0
9 0 0 0 1 0 0 1 0 1 0 1 0 0 0 0 1 1 0 0 1
1406 0 0 1 0 1 0 0 1 1 1 0 0 1 0 1 1 1 1 0 0
3209 0 1 1 1 1 0 0 0 1 0 1 0 1 1 1 1 0 1 0 0
1178 0 0 1 1 0 1 1 0 0 0 0 1 0 1 1 0 1 1 1 0
1996 0 1 1 0 0 1 1 1 1 1 1 1 0 0 0 1 1 1 0 0
1128 0 1 0 1 1 0 0 1 0 1 1 0 0 1 1 0 1 0 0 0
3005 1 1 0 1 0 0 0 0 1 1 0 0 1 0 1 0 0 1 1 0
3498 0 0 0 0 0 1 0 1 1 0 0 0 1 1 1 1 1 1 0 1
1034 0 1 1 0 0 0 0 1 1 0 1 1 0 1 1 0 1 1 1 0
1147 1 0 0 0 0 1 0 1 1 1 0 1 0 1 0 1 1 0 0 1
1624 0 1 1 0 0 0 0 0 0 1 1 1 0 0 1 1 1 1 1 0
1747 1 0 0 1 1 0 1 1 0 1 0 0 1 0 1 0 0 0 0 1
3173 0 0 0 1 1 1 1 0 0 1 1 1 1 1 1 1 1 0 0 0
2501 1 0 1 0 1 0 0 0 0 0 1 1 1 1 1 1 0 1 0 0
3106 1 0 1 0 0 0 1 1 0 1 0 0 0 1 0 0 1 0 0 1
3698 1 0 1 0 1 0 0 1 1 1 0 1 1 0 0 1 1 1 0 1
2079 1 1 0 1 1 1 0 1 0 0 0 0 1 1 1 1 1 1 0 1
1721 0 0 1 1 0 1 0 1 0 1 0 1 1 1 0 1 0 1 0 1
3081 0 1 1 0 0 0 1 0 0 1 1 1 1 1 0 0 1 1 1 1
3947 0 0 0 0 1 0 0 0 0 1 0 1 0 0 1 0 1 1 0 1
1952 1 0 1 0 0 0 0 1 1 1 1 1 0 1 0 1 1 1 0 0
3607 0 1 0 1 1 1 1 0 1 0 0 1 0 1 1 1 1 0 0 1
1245 0 0 1 1 1 1 1 0 1 1 0 0 0 1 0 1 0 1 1 0
2722 1 0 0 1 1 0 1 0 1 0 1 1 0 1 0 0 1 0 0 0
2914 1 1 1 1 1 0 0 0 0 0 1 1 1 1 0 0 0 1 1 1
2907 0 1 1 1 0 0 1 1 0 0 1 0 0 1 0 0 1 1 0 0
2640 0 0 0 1 1 1 1 0 0 1 0 1 1 1 0 1 1 0 0 0
2368 1 1 0 1 0 1 1 0 1 0 0 0 0 1 1 0 1 1 1 0
3038 1 1 1 0 0 1 1 0 0 1 0 1 1 0 0 0 1 1 0 1
3542 1 0 0 1 1 1 0 0 1 1 1 1 0 0 1 0 0 0 1 0
499 0 1 0 0 1 0 1 1 1 0 1 0 1 1 1 0 0 0 0 1
2351 0 1 0 1 1 1 0 1 0 1 1 1 0 0 0 1 1 1 0 0
2423 0 1 1 1 0 0 0 0 0 1 0 1 1 0 1 0 0 0 0 1
16 1 0 0 1 0 0 0 1 1 1 0 0 1 0 1 0 0 1 1 0
909 1 1 0 0 1 1 0 1 0 0 1 1 1 1 0 0 0 1 1 0
1203 1 0 0 1 1 0 1 0 0 1 0 1 1 1 0 0 0 0 1 1
1644 1 0 0 0 0 1 0 0 1 1 0 0 1 0 1 1 0 1 0 1
164 0 1 0 1 0 1 1 0 0 0 0 1 1 1 1 0 1 1 0 0
2107 0 0 0 1 0 1 0 1 0 1 0 0 0 0 0 1 0 0 1 1
453 1 0 1 1 1 1 0 1 1 1 0 1 1 0 1 0 0 1 0 0
1200 0 1 1 0 0 1 0 1 0 1 1 0 1 1 0 1 1 1 0 1
3509 1 1 1 1 1 0 1 0 0 0 1 0 1 0 1 0 1 1 0 0
1568 1 1 0 0 1 0 0 0 1 0 1 0 0 1 1 1 0 0 0 1
1379 1 0 0 1 1 0 0 1 1 0 0 1 1 0 1 0 1 1 1 0
3808 0 1 0 1 0 1 0 1 1 0 1 0 1 0 0 1 1 0 1 1
1596 0 0 1 1 1 1 0 1 0 0 1 0 1 1 0 1 1 1 1 0
3525 0 0 1 0 1 0 0 0 0 1 1 1 1 0 0 1 1 1 1 1
2166 0 1 0 0 1 1 0 1 1 1 0 1 1 1 0 0 1 1 0 1
3449 1 1 1 0 0 0 1 1 0 0 0 1 0 1 1 1 1 0 1 1
2392 1 1 0 0 0 1 0 0 0 1 1 0 1 1 0 0 1 1 1 1
2277 0 0 1 1 0 1 1 1 1 1 1 1 0 0 1 0 0 0 0 1
1284 1 1 0 0 1 0 1 0 0 1 0 0 0 0 1 1 0 1 1 1
2426 0 0 1 0 0 1 0 1 1 1 1 0 0 1 1 0 1 0 1 0
367 1 1 0 0 0 1 1 1 0 1 1 0 0 1 0 1 0 1 0 1
2001 0 0 1 1 0 1 0 1 0 0 1 0 0 0 1 0 1 1 1 1
2192 0 1 1 0 0 0 0 1 1 1 1 0 0 1 0 1 1 0 1 1
3100 0 1 1 0 0 0 1 1 0 0 0 0 0 1 1 0 0 1 1 0
2057 0 0 0 0 1 1 1 1 1 0 0 0 1 1 1 1 0 0 0 0
2063 1 0 1 1 0 1 1 1 1 1 1 1 1 1 0 0 0 0 1 0
1993 0 0 1 1 0 0 1 1 0 1 0 1 1 0 0 0 1 1 1 1
3353 0 1 1 1 0 0 1 1 1 1 1 0 0 0 0 0 1 1 0 1
1370 1 0 1 1 0 0 1 1 0 1 1 1 0 1 0 0 1 1 0 0
2693 0 0 1 1 0 0 1 1 1 0 0 1 1 0 1 1 0 0 0 0
3623 0 0 1 0 1 1 0 1 1 1 1 0 0 1 1 0 1 1 0 0
2020 1 1 0 1 0 0 1 1 0 0 0 1 0 1 0 0 0 0 1 0
2242 0 1 0 1 0 1 1 0 1 0 0 1 1 1 1 0 0 0 0 1
1059 0 0 0 1 0 0 1 0 0 0 1 1 0 0 1 1 0 0 1 1
2880 0 1 1 0 1 1 1 1 0 1 0 0 1 0 0 0 0 1 0 1
3423 1 0 0 0 1 1 1 0 1 1 0 0 0 0 0 1 1 0 1 1
2670 0 0 1 1 1 0 1 0 1 0 0 1 0 0 1 0 1 1 0 1
1689 1 1 1 1 1 1 1 0 0 1 0 0 0 0 1 0 1 0 0 0
152 1 1 1 1 1 0 0 1 1 0 1 0 1 0 0 0 0 0 1 1
2604 1 0 0 0 0 1 0 1 0 1 0 0 0 0 1 1 1 1 0 1
2002 0 1 0 1 0 1 1 1 1 1 1 1 0 1 0 0 0 1 1 0
2022 1 0 0 1 0 0 1 1 0 1 1 0 0 0 1 1 0 1 0 0
2019 0 0 0 1 1 1 1 1 0 0 0 0 1 0 1 1 0 1 1 0
2489 1 1 1 0 1 1 0 0 1 1 1 1 0 0 0 0 1 0 1 0
264 0 1 1 1 0 0 1 0 0 0 1 1 1 1 0 1 0 0 1 1
2947 1 1 1 1 0 0 0 0 0 1 1 1 1 0 1 1 1 0 0 0
1301 1 1 1 1 0 0 1 1 1 0 1 0 1 0 1 1 0 0 0 1
343 1 0 0 0 0 1 1 0 0 1 1 1 0 0 1 1 1 0 0 1
784 1 1 0 1 1 0 0 1 0 0 1 0 0 0 0 0 0 1 1 0
1266 0 1 1 1 0 0 0 0 1 1 0 1 0 1 0 0 1 0 1 1
3103 0 1 1 0 1 0 1 1 0 0 1 1 0 1 0 0 0 0 1 1
3361 1 0 0 1 0 0 1 0 0 1 1 0 1 1 1 0 0 0 1 1
593 1 0 1 1 0 1 0 1 0 0 0 0 1 0 1 0 1 1 0 1
1946 1 1 0 1 0 1 0 1 0 0 1 1 1 1 1 1 1 0 0 1
160 0 0 1 0 0 1 0 1 1 1 0 1 1 0 0 1 0 1 1 0
2365 0 0 1 0 0 1 1 1 0 1 0 1 1 0 1 1 0 1 0 0
3385 0 0 1 1 0 0 0 0 1 0 1 1 1 0 1 1 1 0 0 0
1512 1 0 1 0 1 1 1 0 1 0 0 1 0 0 1 1 1 0 1 0
777 0 0 0 1 0 1 0 1 0 1 1 0 0 0 0 1 0 1 0 1
898 0 1 0 1 0 1 0 1 1 1 0 0 0 1 0 0 1 1 1 1
1091 0 1 1 0 1 0 0 0 1 1 1 0 1 0 1 1 1 1 0 0
1964 0 0 1 0 1 1 1 1 1 0 1 0 1 0 0 0 1 0 0 1
1230 1 1 0 1 1 0 0 1 0 1 1 1 0 0 0 0 1 0 0 1
2825 0 1 1 1 0 1 0 0 0 1 1 1 1 1 0 1 0 1 0 0
2390 0 1 1 1 1 0 1 0 0 0 0 1 0 1 0 1 1 1 1 0
1076 0 1 1 1 0 1 1 0 0 1 1 1 0 0 0 1 0 1 1 1
3395 1 1 1 1 1 0 1 0 1 1 0 1 0 0 0 0 0 1 0 1
2871 1 0 1 1 1 0 1 0 1 1 0 0 0 1 1 0 0 0 1 0
1274 0 0 1 0 1 1 0 1 0 1 0 0 1 0 1 0 0 0 1 1
2287 1 1 1 0 0 1 1 1 1 1 0 0 1 1 0 0 0 0 1 0
1662 0 0 1 1 1 1 1 1 0 1 0 1 0 1 1 0 1 1 0 0
252 0 1 1 1 1 0 0 0 0 1 0 1 0 0 1 1 0 1 1 0
2093 0 1 0 1 0 0 0 0 1 1 1 0 1 0 1 1 1 0 0 0
352 1 0 0 0 1 1 1 1 1 0 1 0 0 1 0 0 0 1 1 0
291 1 1 1 1 1 0 0 0 0 1 1 0 1 0 0 1 0 1 1 1
1248 0 0 1 0 0 1 1 0 0 1 1 1 1 0 0 0 1 1 0 1
1332 0 1 0 0 1 0 1 0 0 0 1 0 1 1 1 1 0 0 1 1
1298 0 1 1 1 1 0 0 1 1 0 0 1 0 0 1 1 0 0 1 1
3697 1 1 0 0 0 1 0 1 0 1 0 0 1 0 1 1 1 0 0 0
952 1 0 0 0 1 0 0 0 1 1 1 1 0 0 0 0 1 0 1 1
2870 1 1 0 1 0 0 1 0 0 1 0 0 0 0 1 1 1 0 1 1
1728 1 1 1 1 0 1 0 1 1 0 0 1 0 0 0 1 0 1 0 0
2579 1 1 1 1 0 1 1 0 0 0 0 1 1 0 1 0 0 1 0 0
3488 0 0 0 0 1 1 1 1 1 1 1 0 1 1 0 1 1 0 0 1
3703 0 1 0 0 0 1 0 1 0 0 0 1 0 1 1 1 1 0 1 1
528 0 0 0 1 0 1 0 0 1 1 1 1 0 0 0 1 0 0 1 1
1465 1 0 0 1 1 0 1 1 0 1 1 0 0 1 0 1 1 1 1 1
2143 0 0 1 0 0 0 0 1 1 1 1 0 1 0 0 1 0 1 1 1
1243 0 1 1 0 1 0 1 1 1 0 1 0 1 1 1 0 0 1 0 1
245 0 1 1 0 0 1 1 1 1 1 1 1 0 0 1 0 1 0 1 0
2004 0 0 1 0 1 0 1 0 0 0 0 1 0 1 1 0 1 1 1 1
967 0 0 0 0 0 0 1 1 0 1 1 1 1 1 1 0 0 0 1 1
2123 0 0 0 0 0 1 1 1 0 1 1 1 1 1 0 0 0 0 1 1
2159 1 1 0 1 0 1 0 0 1 1 1 1 0 0 0 0 0 0 1 0
3147 1 0 1 1 0 0 1 1 1 0 1 1 1 0 0 1 1 0 1 0
2139 0 1 0 1 0 0 1 0 1 1 0 1 0 1 1 1 0 0 1 1
2943 1 1 1 1 1 1 0 1 1 0 0 0 0 1 0 0 1 1 0 0
265 1 0 1 1 1 0 1 0 1 0 0 1 1 1 1 0 1 1 0 1
299 1 0 0 1 0 1 0 1 1 1 0 1 0 0 0 0 1 0 1 0
1286 1 1 0 0 0 0 1 0 1 1 1 1 0 0 0 0 1 0 1 0
2358 1 0 0 1 0 1 1 0 1 0 0 1 1 0 1 0 1 1 1 0
1 0 0 0 0 1 0 0 1 1 1 1 1 0 1 1 0 0 0 1 0
3762 0 0 1 1 0 0 1 0 1 0 1 0 1 1 1 1 0 0 1 1
287 0 1 0 1 0 1 1 0 0 0 1 1 0 0 1 1 1 0 0 0
1262 0 0 0 0 1 0 0 1 1 0 1 1 1 1 0 0 0 1 0 1
2571 0 1 1 1 0 0 1 0 1 0 1 0 0 0 0 0 0 1 0 1
2160 1 0 1 0 1 0 1 0 1 1 0 1 1 0 0 1 1 0 0 0
1234 1 1 0 0 1 0 1 1 1 0 1 1 1 0 0 0 0 0 0 0