2857 154 156 157 159 160 161 163 165 166 169
259 225 229 230 231 235 236 237 239 240 242
1195 216 222 223 224 225 226 229 231 234 235
1209 217 218 222 223 224 228 229 231 233 235
479 193 195 197 198 199 202 204 206 207 208
2027 204 208 212 216 219 222 223 224 225 229
588 257 258 260 261 263 264 271 272 273 277
2570 230 231 235 236 240 241 242 245 248 249
1269 301 302 303 306 308 309 310 314 316 319
592 264 265 268 270 271 272 274 275 277 281
1579 242 245 249 251 252 255 257 258 260 263
1197 245 248 255 256 258 260 261 263 264 266
607 274 281 286 289 290 293 295 297 299 300
2761 269 270 271 272 273 274 277 281 282 284
109 261 264 267 268 269 270 271 272 273 274
2395 263 264 265 266 267 271 272 273 277 281
1196 268 270 271 272 273 275 277 284 286 288
526 291 293 295 297 298 301 302 303 307 308
1616 295 297 300 301 302 304 306 307 308 309
1264 246 249 255 258 259 261 263 264 268 271
1096 274 275 286 290 291 293 299 301 302 306
2627 302 306 308 310 321 323 324 327 328 329
2996 302 303 307 308 309 319 323 326 329 331
317 261 263 265 266 267 271 274 284 287 290
857 332 335 339 345 346 349 352 355 358 366
355 277 279 283 284 286 290 293 301 302 306
2715 314 318 319 322 323 326 329 331 333 338
295 284 286 287 297 299 301 302 303 306 308
1239 321 323 326 329 331 332 336 338 342 343
0 300 301 302 306 307 308 310 314 321 325
1213 338 341 342 349 352 355 366 373 377 381
2915 319 321 326 328 329 331 335 336 337 338
456 308 309 311 314 319 324 326 328 329 331
3577 220 222 224 225 227 228 229 230 232 235
1199 373 377 381 385 386 397 398 401 406 409
540 456 461 462 464 466 471 472 475 476 477
2986 343 344 352 354 355 358 360 370 372 373
1258 377 385 386 388 390 392 396 398 400 402
49 342 347 349 352 353 371 376 377 378 385
33 380 386 396 398 402 404 408 411 412 413
2790 296 297 300 301 302 307 308 313 314 326
779 342 343 344 348 349 352 355 366 368 372
3174 386 392 396 399 402 406 411 415 416 423
1192 334 335 339 340 349 352 353 355 357 361
918 360 366 373 374 377 392 403 406 408 415
923 428 429 438 441 442 453 456 457 462 465
1126 376 385 392 398 401 402 409 412 415 416
2354 337 343 344 350 352 354 355 360 369 370
1386 428 429 431 438 442 449 451 453 457 462
1220 429 435 442 443 445 457 461 466 471 474
911 414 415 419 423 424 434 435 442 443 444
1035 374 377 385 388 392 394 397 398 400 403
1212 424 426 429 431 438 439 442 443 451 452
1609 374 380 384 392 398 403 406 409 412 424
376 324 326 328 329 337 338 340 347 349 350
1290 351 355 360 366 372 374 377 385 388 392
1999 424 425 426 429 435 442 444 454 461 467
1135 402 403 405 407 410 411 412 415 419 424
3113 378 380 383 385 386 392 397 399 400 403
1306 386 387 392 396 397 400 402 403 404 405
1703 368 372 375 382 385 386 389 392 397 400
1720 333 334 336 344 346 347 349 352 355 362
1967 385 386 392 398 402 406 409 410 411 413
647 242 244 245 250 260 261 263 264 267 270
2598 404 408 410 411 415 420 423 424 426 429
31 424 425 426 429 431 438 445 453 454 457
3792 293 295 296 297 298 301 302 306 308 313
2173 402 406 409 411 412 415 424 429 431 436
2796 449 451 454 457 461 463 470 476 479 482
2290 534 541 543 546 547 548 549 558 559 565
2917 409 411 412 415 417 424 436 438 439 442
589 412 414 418 424 437 442 452 453 456 457
2958 426 429 438 445 448 453 454 457 467 474
3470 509 510 514 522 524 530 533 543 547 549
1373 514 516 523 529 530 532 533 536 538 539
1393 463 466 475 481 482 505 507 515 520 523
2682 453 454 457 459 463 474 476 482 484 487
591 457 461 467 475 476 479 481 482 508 509
1783 372 375 378 380 382 385 386 389 392 395
1572 452 454 457 475 482 494 508 509 524 530
1303 451 453 455 456 461 476 481 482 503 505
3417 464 477 479 481 482 499 505 515 523 524
222 492 496 498 506 509 513 514 517 520 524
379 402 403 415 421 424 426 435 438 439 452
2705 442 445 454 457 459 474 482 484 492 496
1224 451 453 456 461 462 464 469 477 498 499
1583 456 457 462 472 474 480 482 490 499 509
1526 452 454 471 474 475 476 482 494 496 505
3480 409 411 412 415 424 425 426 429 438 442
1922 411 412 415 424 425 428 438 442 453 454
749 533 534 537 544 546 549 550 551 556 557
2698 541 543 546 550 554 563 566 569 571 585
38 509 520 524 528 531 534 541 543 547 549
20 463 474 476 477 481 482 496 497 509 515
1392 438 439 442 451 457 461 467 468 480 482
2803 451 453 454 462 466 475 482 489 494 499
587 490 500 509 510 513 516 517 519 520 524
2405 482 498 499 505 508 509 516 520 524 528
1219 533 536 543 549 550 552 556 558 560 566
732 435 438 453 456 457 461 477 479 480 482
1229 587 588 593 594 615 619 624 630 635 641
3175 535 554 559 570 573 577 588 591 593 595
1960 451 453 462 471 479 481 482 483 497 499
3750 300 301 302 303 308 310 313 315 318 319
1078 515 523 524 530 531 533 536 543 549 550
907 549 550 551 555 558 566 583 586 588 591
3407 425 426 429 438 439 445 456 459 464 480
1072 449 453 454 462 464 466 475 476 479 482
3622 461 474 480 481 482 506 509 512 516 518
1355 508 509 510 516 528 530 533 536 541 547
3526 435 442 445 453 454 457 461 472 475 476
2699 500 506 509 510 514 515 529 531 533 536
1218 637 639 651 656 661 664 665 667 670 671
1246 499 509 515 518 520 524 527 529 530 531
1088 524 526 529 530 531 533 540 549 550 566
1543 372 386 392 415 419 424 426 427 429 431
1221 539 549 551 556 560 562 566 580 591 601
149 478 479 480 481 493 496 498 499 509 513
110 550 558 566 583 588 591 601 621 623 624
3752 349 352 354 355 363 368 370 372 376 380
2709 552 561 582 587 597 598 605 621 643 648
356 518 520 523 524 528 531 533 534 541 543
2656 541 543 546 547 549 550 563 566 583 587
1093 558 577 583 587 588 590 593 601 611 613
1205 615 624 631 637 644 645 646 649 651 660
2984 550 557 560 563 566 575 601 602 604 606
2639 556 558 560 563 566 567 583 587 588 602
3146 551 558 570 571 583 587 588 603 605 607
2394 531 533 546 549 553 556 578 579 585 587
3420 551 587 588 594 610 615 624 631 637 651
1516 495 496 509 510 513 516 517 520 523 528
1640 559 575 576 577 590 610 620 630 631 647
1277 536 543 549 550 551 558 566 577 587 594
1251 656 660 664 670 671 672 677 687 690 696
366 541 543 549 550 558 560 563 569 571 575
1357 524 529 533 537 549 550 551 558 563 571
1207 551 558 588 591 615 624 635 637 639 645
1675 563 566 571 575 585 586 602 604 609 610
2099 550 551 558 563 566 571 577 594 601 613
2528 677 678 690 692 696 698 710 712 713 716
2010 543 547 549 550 556 557 563 566 575 579
2320 524 528 531 538 541 546 549 550 551 553
919 516 518 520 524 531 533 534 537 546 549
2323 463 464 482 493 495 498 499 500 509 518
2011 544 549 550 556 557 563 566 571 575 587
1089 530 536 543 544 549 550 551 558 580 587
46 529 531 533 541 543 549 550 571 577 585
1499 631 647 651 660 669 676 687 692 697 699
1369 482 493 494 505 509 513 524 528 531 533
1953 566 583 587 588 591 601 615 624 625 631
1672 611 612 616 618 621 623 625 631 640 648
2114 524 528 531 533 536 539 543 549 550 556
2193 577 588 591 604 620 624 631 637 638 639
1375 604 610 613 624 631 637 638 639 642 646
586 531 541 543 550 551 553 556 558 566 569
363 550 551 555 556 558 563 566 583 585 587
3252 549 550 566 575 577 585 587 601 605 608
3670 566 587 588 594 615 624 626 631 637 639
1287 591 594 601 613 614 622 624 645 651 655
315 610 632 636 641 646 647 652 660 662 663
922 656 661 664 670 671 677 692 696 698 702
3159 612 616 620 621 623 635 638 643 648 657
1241 526 528 530 536 543 549 551 558 566 580
735 528 531 533 534 543 549 550 560 566 581
1916 563 566 571 575 603 604 608 610 623 632
1293 594 615 619 624 635 637 639 640 641 646
3254 558 566 575 577 583 595 603 620 625 628
1731 660 668 669 671 676 678 687 692 694 696
3360 550 551 558 566 577 613 624 631 651 655
1395 608 610 620 624 631 646 651 652 660 666
2762 549 554 560 566 575 597 603 604 607 611
1257 715 735 741 749 752 753 757 791 798 802
2301 647 655 659 660 669 676 677 678 684 691
3447 528 531 533 534 543 549 550 551 558 566
1652 652 655 660 666 668 674 678 691 692 696
1607 552 575 577 595 601 603 604 605 639 647
1390 669 678 692 696 698 699 702 710 714 716
2691 493 498 500 506 509 511 514 520 524 526
2454 705 710 713 731 735 736 742 744 749 752
3080 709 710 712 714 720 721 724 737 752 757
3701 673 679 687 692 696 698 712 716 720 735
2267 549 550 551 558 570 577 583 588 591 595
594 550 556 563 566 570 583 585 601 614 624
348 647 652 654 660 676 683 687 692 699 710
968 594 615 637 639 641 646 651 656 664 671
3255 637 639 646 647 652 654 660 663 674 683
903 656 664 670 671 674 678 692 696 710 711
1233 615 620 631 635 637 639 641 646 651 655
596 570 575 581 588 591 594 595 601 630 637
1673 710 711 713 715 721 727 728 731 732 735
2053 543 549 550 556 563 566 571 587 588 591
912 752 755 769 793 796 798 800 808 811 816
2080 631 634 637 639 655 662 664 669 676 678
3702 644 646 651 661 671 678 679 682 685 687
10 581 588 593 594 595 611 628 631 639 646
1376 663 669 676 678 685 687 692 695 696 698
2889 585 590 595 601 623 624 631 660 669 671
3754 376 379 380 386 390 392 398 403 404 406
1027 629 634 637 639 651 656 678 690 692 699
2000 746 749 752 754 757 765 770 777 778 780
1100 604 623 624 626 630 637 639 651 654 655
2967 788 792 796 800 802 816 829 830 839 840
2616 639 647 652 654 662 663 667 669 676 678
2406 687 689 690 695 697 710 713 731 732 735
1681 605 607 608 611 655 659 660 666 669 676
1232 660 661 671 674 688 696 698 702 713 725
1371 604 610 624 632 636 639 646 647 651 660
1265 674 677 678 690 692 696 698 699 710 716
550 532 533 536 544 546 549 550 553 566 585
1908 652 654 660 668 669 674 678 687 690 692
3896 524 527 528 529 531 536 542 548 549 550
328 632 646 647 651 652 660 663 669 678 685
3362 710 711 719 727 731 746 749 750 752 765
1182 689 691 696 702 706 713 721 722 724 727
3051 774 775 781 796 822 823 832 839 848 852
2352 647 654 655 662 669 676 683 687 692 695
538 666 669 676 677 678 687 689 692 693 699
2005 550 560 568 570 572 603 604 605 608 626
3071 576 577 588 601 613 624 630 631 635 641
24 839 843 845 846 854 855 881 887 889 891
2288 727 728 731 733 737 750 752 794 795 801
1407 568 570 590 604 609 615 624 626 637 639
473 604 608 624 631 646 647 655 660 663 668
2104 629 638 646 651 660 678 692 696 710 712
3551 711 731 732 735 744 749 757 765 766 770
1638 724 726 727 728 731 736 737 752 770 787
1551 660 669 678 685 687 692 695 698 699 710
439 595 600 603 613 628 631 637 639 647 651
787 710 712 714 715 716 720 721 724 731 739
1214 690 698 702 705 709 712 716 720 730 731
2711 694 710 714 720 721 734 739 744 752 757
3107 692 697 698 710 713 722 724 726 728 731
1281 461 462 467 470 473 490 498 500 501 509
5 746 749 752 770 774 778 781 783 785 795
1249 467 469 471 474 477 482 495 498 501 505
2335 680 692 704 706 721 722 727 731 746 752
2745 721 731 735 741 744 749 752 753 764 765
2769 696 699 710 712 714 720 727 731 743 752
1275 720 731 737 743 749 752 754 755 758 769
35 692 699 710 714 721 728 733 752 758 770
1206 660 661 664 670 673 674 682 692 698 702
234 699 702 706 710 716 731 737 744 752 770
1374 737 739 744 762 765 770 777 780 785 788
1079 752 769 770 780 791 796 802 810 839 840
1319 744 746 752 765 767 770 772 777 778 780
292 801 802 817 818 839 855 877 881 889 893
69 710 712 714 715 716 731 735 736 744 746
2247 691 692 693 696 697 702 713 721 727 728
1198 802 816 820 824 829 839 850 881 882 885
2469 710 716 721 731 732 744 749 752 757 764
1776 678 687 699 702 710 713 714 721 724 726
1911 752 757 770 774 781 783 791 802 808 817
3554 596 604 608 612 616 624 631 637 638 644
1746 678 687 692 699 710 718 722 727 728 731
902 840 844 850 857 862 864 872 874 889 903
2700 698 699 704 710 712 714 716 720 723 729
3032 698 699 702 731 732 737 744 752 757 762
2946 716 735 737 748 756 762 770 780 791 793
1875 762 765 768 777 780 781 791 816 817 819
9 714 716 718 721 724 735 746 752 753 757
1406 808 816 817 830 839 840 854 855 858 859
3209 855 861 877 889 899 904 916 919 921 929
1178 758 796 801 810 818 823 829 831 837 839
1996 651 656 661 667 676 677 678 679 705 711
1128 602 604 612 624 631 638 639 646 651 660
3005 854 855 863 875 877 889 905 911 922 928
3498 817 822 830 839 850 855 858 859 868 877
1034 731 735 764 770 771 777 780 793 796 809
1147 655 656 669 670 681 691 696 697 702 715
1624 770 774 777 780 793 802 817 818 829 854
1747 737 742 765 770 772 774 780 786 787 788
3173 881 889 890 891 918 920 934 935 940 948
2501 692 694 696 698 699 701 710 712 720 721
3106 699 710 712 716 718 721 728 729 739 744
3698 735 744 749 759 765 770 777 780 796 816
2079 692 699 710 712 713 714 721 731 749 764
1721 735 746 752 753 757 770 777 780 783 805
3081 1018 1020 1051 1053 1054 1068 1087 1088 1096 1097
3947 451 454 457 459 460 462 473 474 475 478
1952 829 839 857 873 889 904 911 929 931 939
3607 709 711 731 732 735 752 757 764 765 770
1245 637 639 646 654 660 669 677 678 692 695
2722 648 662 669 692 694 699 704 710 712 718
2914 711 713 732 735 739 744 749 752 760 765
2907 846 854 867 869 877 885 889 891 896 899
2640 880 881 889 899 905 911 913 948 949 963
2368 822 832 850 854 855 858 879 881 889 895
3038 770 777 780 794 795 796 801 802 817 823
3542 843 857 873 889 895 902 903 911 935 939
499 729 739 744 749 752 753 770 777 781 790
2351 858 870 889 912 916 919 921 928 934 935
2423 699 707 713 714 721 724 726 731 737 752
16 721 724 726 727 731 750 755 791 797 798
909 825 829 837 839 849 850 857 864 869 881
1203 857 872 873 881 889 907 910 924 946 948
1644 839 854 859 869 876 880 887 889 890 894
164 739 744 746 752 757 770 777 780 791 796
2107 791 800 809 813 816 817 822 832 839 852
453 839 854 877 881 887 904 911 922 924 930
1200 837 839 858 881 910 911 929 945 948 949
3509 648 661 667 673 676 678 685 690 692 695
1568 759 770 791 795 798 801 802 805 813 822
1379 759 764 765 770 777 780 791 796 797 798
3808 869 877 881 887 889 899 911 912 923 929
1596 867 869 877 881 889 891 899 903 904 910
3525 739 743 744 746 752 765 766 770 793 794
2166 770 774 777 778 780 783 785 800 803 808
3449 809 817 818 822 832 869 877 881 883 887
2392 716 721 729 733 735 737 744 752 762 768
2277 780 783 785 802 810 817 818 839 869 876
1284 919 937 938 948 970 973 977 981 996 1004
2426 735 737 744 746 749 752 757 760 774 781
367 714 716 718 720 721 731 744 746 752 757
2001 817 839 846 854 869 877 881 911 918 929
2192 798 800 802 814 839 844 853 855 869 877
3100 839 840 854 856 877 904 911 914 922 937
2057 778 780 783 785 802 818 822 850 854 869
2063 712 715 716 733 749 794 796 798 806 823
1993 854 858 868 869 877 884 904 908 911 921
3353 660 663 664 685 693 695 710 712 713 717
1370 788 791 800 802 816 838 839 846 850 853
2693 869 871 881 890 891 896 926 927 934 935
3623 664 667 671 692 696 702 705 710 712 714
2020 850 881 889 948 949 955 963 971 975 984
2242 839 850 854 855 858 873 881 889 912 928
1059 757 770 781 787 795 802 813 818 823 832
2880 773 777 779 789 791 802 805 810 818 819
3423 935 938 939 948 953 958 970 973 977 984
2670 813 817 822 828 832 839 843 849 854 869
1689 781 786 796 801 802 808 817 818 839 850
152 716 721 731 735 736 737 746 753 757 765
2604 779 780 784 789 801 805 812 815 817 828
2002 802 808 816 817 822 832 843 849 850 855
2022 891 897 919 922 929 966 970 984 994 1009
2019 889 899 911 919 921 931 963 970 973 975
2489 774 780 781 783 787 789 808 812 817 818
264 873 885 889 891 897 899 905 919 924 927
2947 651 660 661 667 672 674 692 702 710 713
1301 739 749 755 765 770 777 791 796 802 827
343 822 833 840 843 854 869 877 881 888 890
784 838 843 849 850 854 855 869 881 891 894
1266 1010 1015 1019 1021 1026 1041 1052 1053 1063 1073
3103 929 931 935 948 963 970 975 977 984 996
3361 1010 1015 1019 1035 1036 1038 1043 1058 1062 1068
593 764 770 780 791 798 800 822 829 836 839
1946 769 770 777 780 793 795 796 797 801 822
160 710 713 714 718 721 724 728 735 746 749
2365 924 931 948 949 984 1000 1010 1015 1017 1029
3385 777 780 839 854 869 873 876 881 889 891
1512 815 820 824 838 842 849 850 855 869 877
777 1022 1051 1059 1068 1069 1077 1086 1087 1088 1099
898 840 850 855 857 864 869 872 889 891 899
1091 963 970 975 984 985 987 996 1010 1015 1019
1964 939 949 952 955 964 972 996 1005 1007 1015
1230 921 929 934 939 948 957 963 970 973 975
2825 785 787 789 792 796 802 839 850 869 877
2390 839 841 850 854 876 877 893 894 904 914
1076 977 981 984 1015 1019 1029 1031 1059 1087 1088
3395 925 926 937 939 948 963 977 981 984 1004
2871 911 912 921 948 949 955 963 971 973 975
1274 876 877 921 929 937 948 949 954 963 971
2287 1010 1015 1017 1033 1044 1053 1057 1058 1077 1087
1662 811 839 846 849 852 855 861 869 877 889
252 1078 1088 1101 1109 1112 1117 1120 1128 1140 1146
2093 817 820 839 858 877 881 889 905 915 918
352 911 915 919 927 929 937 945 963 970 975
291 984 996 999 1002 1004 1010 1015 1016 1031 1051
1248 752 757 760 770 780 792 806 809 811 817
1332 1089 1094 1101 1103 1105 1112 1115 1117 1124 1128
1298 929 937 948 953 957 958 963 970 980 981
3697 970 971 983 984 996 999 1004 1010 1051 1057
952 749 752 755 764 767 770 777 780 793 796
2870 1019 1038 1041 1059 1077 1084 1087 1088 1101 1112
1728 981 996 999 1001 1002 1010 1015 1019 1050 1051
2579 816 817 818 823 828 838 839 842 850 858
3488 817 822 855 869 877 890 911 971 984 1004
3703 963 970 975 983 996 999 1004 1010 1015 1017
528 1002 1010 1015 1027 1032 1069 1088 1099 1101 1109
1465 731 732 737 740 749 752 757 770 772 774
2143 840 843 846 847 849 855 861 869 889 899
1243 1059 1062 1074 1077 1088 1119 1128 1130 1134 1137
245 924 932 933 953 957 958 960 963 969 973
2004 846 853 855 858 869 877 929 937 945 949
967 976 977 984 1005 1008 1015 1017 1053 1055 1056
2123 881 887 889 895 910 911 929 934 948 952
2159 889 893 901 909 910 916 919 924 928 937
3147 1087 1088 1094 1096 1097 1112 1117 1120 1121 1125
2139 882 885 889 899 911 949 963 971 973 996
2943 1053 1058 1074 1077 1088 1093 1124 1128 1130 1132
265 810 817 833 839 854 855 859 877 889 897
299 850 854 855 877 881 889 897 899 911 921
1286 979 980 984 1000 1018 1019 1034 1038 1053 1071
2358 895 919 923 924 927 952 963 964 968 974
1 869 877 880 890 893 911 925 955 959 971
3762 1128 1130 1132 1133 1140 1146 1150 1151 1155 1179
287 819 839 850 854 855 869 877 881 904 911
1262 1021 1058 1059 1077 1084 1088 1101 1115 1119 1128
2571 849 855 869 889 896 926 927 937 941 957
2160 791 798 800 803 814 822 839 844 846 850
1234 1019 1029 1062 1077 1113 1116 1119 1121 1128 1131